node	human	monkey	mosquito
NODE_0000445	0.37826148752525457	0.24864572637977872	0.37309278609496677
node_1	5.464391808566071e-07	5.13149757920725e-07	0.9999989404110613
node_2	0.9442630419377669	0.026916734239032677	0.028820223823200427
HQ234499	0.0	0.0	1.0
KX377336	0.0	0.0	1.0
node_4	0.9600675203262244	0.019736338277474813	0.020196141396300712
node_3	0.992675044838432	0.003590222538095866	0.003734732623472118
KU681082	1.0	0.0	0.0
node_7	0.9999826402733601	8.665609352231927e-06	8.694117287547974e-06
node_5	0.9928036550491809	0.0035846301720169195	0.0036117147788022603
node_6	0.9996075342839268	0.0001948916203661776	0.0001975740957070039
KY120353	1.0	0.0	0.0
KY553111	1.0	0.0	0.0
MG645981	1.0	0.0	0.0
node_8	1.0	0.0	0.0
node_9	0.9996689540446103	0.00016545568184904964	0.00016559027354061943
node_10	0.9998075790415404	9.607042223745215e-05	9.635053622211013e-05
KU955593	1.0	0.0	0.0
J860885	0.9931606006661744	0.0034196996669128743	0.0034196996669128743
node_11	0.9995262964268279	0.00023683748962682587	0.00023686608354539352
node_12	0.9981983157989027	0.0009008333711887979	0.0009008508299085783
KU179098	1.0	0.0	0.0
node_13	0.9998518681401055	7.401894720922881e-05	7.411291268527515e-05
KX051561	1.0	0.0	0.0
node_14	0.9986906771209433	0.00065465635496094	0.0006546665240958542
KY272987	1.0	0.0	0.0
node_15	0.9999992616895063	3.691549570754885e-07	3.691555365553971e-07
KX051560	1.0	0.0	0.0
node_16	0.9997995780923946	0.00010020183350593097	0.00010022007409944251
KY328290	1.0	0.0	0.0
KX051562	1.0	0.0	0.0
KF993678	1.0	0.0	0.0
KX694532	1.0	0.0	0.0
KU681081	1.0	0.0	0.0
node_17	0.9999548381012753	2.2580658964836288e-05	2.2581239759914907e-05
node_19	0.999886690400995	5.665477651021447e-05	5.6654822494899686e-05
node_18	0.9996691740529026	0.00016541290539998752	0.0001654130416973912
node_22	0.9995140477946868	0.00024297609647006251	0.00024297610884321366
node_21	0.9999122596421327	4.3870178711274476e-05	4.387017915592876e-05
LC219720	1.0	0.0	0.0
node_20	0.999952417239116	2.3791379761952713e-05	2.3791381122028386e-05
MG807647	1.0	0.0	0.0
node_26	0.9996137633869223	0.00019311830631867132	0.00019311830675903713
node_25	0.999918185503276	4.090724832325953e-05	4.09072484008254e-05
node_24	0.9999154735589495	4.2263220520671126e-05	4.226322052972801e-05
KX447517	1.0	0.0	0.0
node_23	0.9999999992218456	3.890772865102872e-10	3.890772893148213e-10
KY126351	1.0	0.0	0.0
KY241691	1.0	0.0	0.0
MH013290	1.0	0.0	0.0
node_30	0.9998901007483408	5.494962582782707e-05	5.494962583136528e-05
MG807646	1.0	0.0	0.0
node_29	1.0	9.885625007123148e-128	9.179682131947688e-117
KX447515	1.0	0.0	0.0
KX447516	1.0	0.0	0.0
node_36	0.9999986780471052	6.60976447409349e-07	6.609764474093495e-07
node_37	0.999980785297497	9.607355698336504e-06	9.60734680460334e-06
node_28	0.9999999778426663	1.1078666956828897e-08	1.1078666956829923e-08
MG548660	1.0	0.0	0.0
LC369584	1.0	0.0	0.0
KY241708	1.0	0.0	0.0
KY241758	1.0	0.0	0.0
KY241745	1.0	0.0	0.0
KY241701	1.0	0.0	0.0
KY241687	1.0	0.0	0.0
KY241695	1.0	0.0	0.0
KY241752	1.0	0.0	0.0
KY241772	1.0	0.0	0.0
KY241725	1.0	0.0	0.0
KY241737	1.0	0.0	0.0
KY241760	1.0	0.0	0.0
KY241785	0.0	0.0	1.0
KY241702	1.0	0.0	0.0
KY241709	1.0	0.0	0.0
KY241763	1.0	0.0	0.0
KY241762	1.0	0.0	0.0
KY241742	1.0	0.0	0.0
KY241757	1.0	0.0	0.0
KY241703	1.0	0.0	0.0
KY241784	0.0	0.0	1.0
KY241739	1.0	0.0	0.0
KY241705	1.0	0.0	0.0
KY241696	1.0	0.0	0.0
KY241764	1.0	0.0	0.0
KY241761	1.0	0.0	0.0
KY241746	1.0	0.0	0.0
KY241754	1.0	0.0	0.0
KY241753	1.0	0.0	0.0
KY241765	1.0	0.0	0.0
KY241733	1.0	0.0	0.0
KY241726	1.0	0.0	0.0
KY241720	1.0	0.0	0.0
KY241741	1.0	0.0	0.0
KY241735	1.0	0.0	0.0
KY241755	1.0	0.0	0.0
KY241771	1.0	0.0	0.0
KY241704	1.0	0.0	0.0
KY241719	1.0	0.0	0.0
KY241683	1.0	0.0	0.0
KY241786	0.0	0.0	1.0
KY241748	1.0	0.0	0.0
KY241722	1.0	0.0	0.0
KY241770	1.0	0.0	0.0
KY241711	1.0	0.0	0.0
KY241743	1.0	0.0	0.0
KY241699	1.0	0.0	0.0
KY241679	1.0	0.0	0.0
KX827309	1.0	0.0	0.0
KY241732	1.0	0.0	0.0
KY241724	1.0	0.0	0.0
KY241674	1.0	0.0	0.0
KY241731	1.0	0.0	0.0
KY241750	1.0	0.0	0.0
KY241718	1.0	0.0	0.0
KY241710	1.0	0.0	0.0
KY241728	1.0	0.0	0.0
KY241747	1.0	0.0	0.0
KY241715	1.0	0.0	0.0
KY241768	1.0	0.0	0.0
KY241723	1.0	0.0	0.0
node_78	0.01272495046303281	6.033723523198455e-05	0.9872147123017352
node_428	0.9999998067966918	9.660165416615374e-08	9.660165416615374e-08
node_435	0.9999994484407524	2.757796237581951e-07	2.757796237581951e-07
node_34	0.9999966861750214	3.516054817529184e-08	3.278664430438191e-06
node_68	0.991444225159628	2.654097190346037e-07	0.00855550943065301
node_434	0.9999734302724442	2.1970042866226812e-07	2.635002712711311e-05
node_399	1.0	3.9607997511527076e-23	3.9607997511527076e-23
node_41	0.999999999999222	8.649892577035109e-15	7.693855259664108e-13
KX447509	1.0	0.0	0.0
KX447514	1.0	0.0	0.0
KJ776791	1.0	0.0	0.0
node_45	0.9999447997095489	2.7600147000299327e-05	2.760014345084236e-05
node_44	0.9999717471454129	1.4127272093420227e-05	1.4125582493687768e-05
KX447513	1.0	0.0	0.0
KX447511	1.0	0.0	0.0
node_38	0.9999695929342899	1.5203532855010087e-05	1.5203532855010087e-05
node_46	0.9999957763676544	2.1118161728476695e-06	2.1118161728476695e-06
KY241781	0.0	0.0	1.0
KY241779	0.0	0.0	1.0
KY241713	1.0	0.0	0.0
KX813683	1.0	0.0	0.0
KY241689	1.0	0.0	0.0
KY241736	1.0	0.0	0.0
KY241730	1.0	0.0	0.0
KY241787	0.0	0.0	1.0
node_47	0.9999995681488442	1.4173944450462988e-07	2.901117112937052e-07
KY241727	1.0	0.0	0.0
KY241780	0.0	0.0	1.0
KY241682	1.0	0.0	0.0
node_105	0.012809903584019918	4.065556053639761e-05	0.9871494408554438
node_441	0.9999999006641385	3.0774367016840043e-08	6.856149457279975e-08
NODE_0000447	0.996459520516069	6.1332059413265814e-06	0.003534346277989598
KY241685	1.0	0.0	0.0
KY241676	1.0	0.0	0.0
KY241678	1.0	0.0	0.0
KY241756	1.0	0.0	0.0
KY241680	1.0	0.0	0.0
KY241684	1.0	0.0	0.0
KY241767	1.0	0.0	0.0
KY241677	1.0	0.0	0.0
KY241675	1.0	0.0	0.0
KY241681	1.0	0.0	0.0
KY241777	0.0	0.0	1.0
KY241751	1.0	0.0	0.0
KY241714	1.0	0.0	0.0
KY241688	1.0	0.0	0.0
NODE_0000451	0.9999997668193852	8.866582217555143e-08	1.4451479265667201e-07
node_89	0.9999999999999996	4.7434123492600546e-18	4.990810179706523e-16
LC191864	1.0	0.0	0.0
KX806557	1.0	0.0	0.0
KU761561	1.0	0.0	0.0
node_50	0.9999999771678626	2.2415547605840883e-08	4.165896582386186e-10
KX369547	1.0	0.0	0.0
KX447512	1.0	0.0	0.0
KX447510	1.0	0.0	0.0
node_51	0.999999166609272	4.166953640548145e-07	4.166953640548145e-07
KY241673	1.0	0.0	0.0
KY241766	1.0	0.0	0.0
KY241778	0.0	0.0	1.0
KY241776	0.0	0.0	1.0
KY241690	1.0	0.0	0.0
NODE_0000446	1.0	0.0	0.0
KY241759	1.0	0.0	0.0
NODE_0000448	0.4905204931274686	2.838839267966462e-06	0.5094766680332634
KY241738	1.0	0.0	0.0
NODE_0000452	0.9999899139147781	8.83522703974003e-08	9.99773295144763e-06
KY241749	1.0	0.0	0.0
KY241697	1.0	0.0	0.0
KY241706	1.0	0.0	0.0
KY241671	1.0	0.0	0.0
KY241721	1.0	0.0	0.0
KY241716	1.0	0.0	0.0
KY241783	0.0	0.0	1.0
node_138	0.9999997759691963	1.1201540187306643e-07	1.1201540187662075e-07
KU963796	1.0	0.0	0.0
KU820899	1.0	0.0	0.0
node_55	0.9999995984148172	2.0082301002381736e-07	2.0076217271136249e-07
node_69	0.9976469696986459	0.0023188369047269816	3.4193396627172494e-05
node_57	0.9999543832052643	2.280839736782349e-05	2.280839736782349e-05
node_56	1.0	2.523581966705834e-19	2.523581966705834e-19
KY241686	1.0	0.0	0.0
KY241694	1.0	0.0	0.0
KY241774	0.0	0.0	1.0
NODE_0000449	0.49040588129430457	1.430178195767369e-06	0.5095926885274996
KY241773	1.0	0.0	0.0
NODE_0000453	0.9988366786568346	2.9970782670798863e-06	0.0011603242648983562
KY241698	1.0	0.0	0.0
KY241740	1.0	0.0	0.0
KU997667	1.0	0.0	0.0
KX013000	1.0	0.0	0.0
MF099651	0.0	1.0	0.0
MF036115	1.0	0.0	0.0
KX051563	1.0	0.0	0.0
node_64	0.9999874491383908	6.27543080465962e-06	6.27543080465962e-06
KU729218	1.0	0.0	0.0
KY241788	1.0	0.0	0.0
node_83	0.9999340864382733	3.295678086329669e-05	3.295678086329669e-05
node_86	0.9999753276255705	1.233618721476653e-05	1.233618721476653e-05
node_80	0.9999809940298231	9.502985088402224e-06	9.502985088402224e-06
node_94	0.9999918199593822	4.090020308804796e-06	4.090020308804796e-06
node_85	0.9999997438732898	1.2806335513605423e-07	1.2806335513605423e-07
node_84	0.9999996481792115	1.7591039428089705e-07	1.7591039428089705e-07
node_82	0.9999998562409588	7.187952066410722e-08	7.187952066410722e-08
KY241775	0.0	0.0	1.0
NODE_0000450	0.9999898271517842	7.220903517070585e-09	1.0165627312334147e-05
KY241782	0.0	0.0	1.0
NODE_0000454	0.9999991256750029	4.822455996318032e-09	8.695025409626589e-07
KU509998	1.0	0.0	0.0
node_74	0.9999999996503445	1.7482778517834002e-10	1.7482778517834002e-10
KX197205	1.0	0.0	0.0
KY559021	1.0	0.0	0.0
KY014313	1.0	0.0	0.0
node_100	0.9999999999873261	6.3369569797796745e-12	6.3369569797796745e-12
node_92	0.9999957827394997	2.108630250089875e-06	2.108630250089875e-06
node_93	0.9999939189217831	3.0405391083559744e-06	3.0405391083559744e-06
node_108	0.999977191209492	1.1404395254062008e-05	1.1404395254062008e-05
node_107	0.9999999999966198	1.6900463963160792e-12	1.6900463963160792e-12
KY559003	1.0	0.0	0.0
KY785429	1.0	0.0	0.0
node_115	0.999999999582713	2.0864355034666623e-10	2.0864355034666623e-10
node_97	0.9999647331823714	1.7633408814324778e-05	1.7633408814324778e-05
node_98	0.9999982513865081	8.743067460380649e-07	8.743067460380649e-07
node_95	0.999999990992521	4.503739488873681e-09	4.503739488873681e-09
node_96	0.9999999377032367	3.114838165054616e-08	3.114838165054616e-08
KY241693	1.0	0.0	0.0
KY241692	1.0	0.0	0.0
KY241744	1.0	0.0	0.0
NODE_0000455	1.0	0.0	0.0
MF352141	1.0	0.0	0.0
KR872956	1.0	0.0	0.0
NODE_0000462	1.0	0.0	0.0
KY014317	1.0	0.0	0.0
KY785427	1.0	0.0	0.0
KY014309	1.0	0.0	0.0
KY559031	1.0	0.0	0.0
node_155	0.9999999263151171	3.684244143341742e-08	3.684244143341742e-08
node_174	0.9999889232673328	5.538366333607358e-06	5.538366333607358e-06
KY003154	1.0	0.0	0.0
KY003153	1.0	0.0	0.0
KX101060	1.0	0.0	0.0
node_106	0.9999999834487824	8.275608799436374e-09	8.275608799436374e-09
KY559007	1.0	0.0	0.0
KY559005	1.0	0.0	0.0
KY559017	1.0	0.0	0.0
KY559006	1.0	0.0	0.0
KY559011	1.0	0.0	0.0
KY559010	1.0	0.0	0.0
KY559009	1.0	0.0	0.0
node_146	0.9999973433243126	1.328337843655809e-06	1.328337843655809e-06
KU497555	1.0	0.0	0.0
node_134	0.9999447156515886	2.7642174205780488e-05	2.7642174205780488e-05
node_173	0.9999980358100601	9.820949698861315e-07	9.820949698861315e-07
node_153	0.9999999942207236	2.889638168532879e-09	2.889638168532879e-09
node_112	0.9999999737086188	1.3145690641424164e-08	1.3145690641424164e-08
node_113	0.9999974046678117	1.297666094052256e-06	1.2976660940522561e-06
KU527068	1.0	0.0	0.0
node_114	0.9999999907181158	4.640942150236233e-09	4.640942150236233e-09
MH513600	1.0	0.0	0.0
KY441401	1.0	0.0	0.0
node_127	0.9999266938228806	3.6653088559752335e-05	3.6653088559752335e-05
node_147	0.9999967178802098	1.64105989515076e-06	1.64105989515076e-06
KY785410	1.0	0.0	0.0
node_110	0.9999999994817182	2.5914091799133246e-10	2.5914091799133246e-10
node_130	1.0	1.1422491214814909e-31	1.1422491304580214e-31
KY241734	1.0	0.0	0.0
KY241707	1.0	0.0	0.0
MF783073	0.0	0.0	1.0
KU321639	1.0	0.0	0.0
KY014296	1.0	0.0	0.0
KY014320	1.0	0.0	0.0
KY014301	1.0	0.0	0.0
KY785479	1.0	0.0	0.0
KU940228	1.0	0.0	0.0
node_143	0.9999962666573826	1.8666713086978988e-06	1.8666713086978988e-06
node_123	0.9999994930111288	2.534944356305744e-07	2.534944356305744e-07
KY559013	1.0	0.0	0.0
node_161	0.9999969719831	1.5140084499540508e-06	1.5140084499540508e-06
KY014307	1.0	0.0	0.0
KY785433	1.0	0.0	0.0
KU991811	1.0	0.0	0.0
KY559001	1.0	0.0	0.0
KY558995	1.0	0.0	0.0
KY559015	1.0	0.0	0.0
KY558999	1.0	0.0	0.0
node_188	0.9999969720604268	1.513969786527422e-06	1.513969786527422e-06
node_187	0.9999964299080245	1.7850459876654745e-06	1.7850459876654745e-06
KX879604	1.0	0.0	0.0
MF794971	1.0	0.0	0.0
KX879603	1.0	0.0	0.0
KX811222	0.9794057472627024	0.01029712636864878	0.01029712636864878
KX280026	1.0	0.0	0.0
MH513599	1.0	0.0	0.0
MF073359	1.0	0.0	0.0
node_152	0.9999993453369542	3.2733152284292364e-07	3.2733152284292364e-07
node_151	0.9999991597435819	4.201282090831903e-07	4.2012820908319034e-07
KY693680	1.0	0.0	0.0
KY631492	1.0	0.0	0.0
node_163	0.999999985942254	7.0288730347574234e-09	7.0288730347574234e-09
node_162	0.9999999236186558	3.819067203267235e-08	3.819067203267235e-08
KY559025	1.0	0.0	0.0
KY272991	1.0	0.0	0.0
KU926309	1.0	0.0	0.0
KY785437	1.0	0.0	0.0
KY014308	1.0	0.0	0.0
KY559032	1.0	0.0	0.0
MF801397	1.0	0.0	0.0
MF593625	1.0	0.0	0.0
MF801383	1.0	0.0	0.0
MF801378	1.0	0.0	0.0
node_213	0.999974314362684	1.2842818657964036e-05	1.2842818657964036e-05
node_150	0.999996438892649	1.7805536755296469e-06	1.7805536755296469e-06
node_185	0.9999872747791259	6.362610437046408e-06	6.362610437046408e-06
node_246	0.9999787448138626	1.0627593068681618e-05	1.0627593068681618e-05
node_286	0.9999997801166512	1.0994167443097738e-07	1.0994167443097738e-07
node_214	0.9999946379135188	2.6810432405501195e-06	2.6810432405501195e-06
node_200	0.9999991954205683	4.0228971580547636e-07	4.0228971580547636e-07
node_212	0.9999999935091389	3.2454305228690196e-09	3.2454305228690196e-09
node_265	0.9999987537311046	6.23134447812642e-07	6.23134447812642e-07
node_182	0.9999999999872808	6.359524052157378e-12	6.359524052157378e-12
node_263	0.9999989782188135	5.108905346644355e-07	5.108906519360695e-07
KX520666	1.0	0.0	0.0
KU940224	1.0	0.0	0.0
KU940227	1.0	0.0	0.0
node_144	0.9999983146511503	8.426744247420078e-07	8.426744247420078e-07
KY559019	1.0	0.0	0.0
node_178	0.9999999646578833	1.7671058423305948e-08	1.7671058423305948e-08
KY785455	1.0	0.0	0.0
KY785480	1.0	0.0	0.0
KY558996	1.0	0.0	0.0
node_203	0.9999992858936693	3.5705316532375635e-07	3.5705316532375635e-07
KY785426	1.0	0.0	0.0
MF073358	1.0	0.0	0.0
node_169	0.9999673483234214	1.6325838289247338e-05	1.6325838289247338e-05
KY558989	1.0	0.0	0.0
node_168	0.9999975354171965	1.2322914017206832e-06	1.2322914017206837e-06
KU365779	1.0	0.0	0.0
KU707826	1.0	0.0	0.0
node_181	0.9999998720738766	6.396306162364501e-08	6.396306162364501e-08
KU312312	1.0	0.0	0.0
node_195	1.0	0.0	0.0
node_194	0.9999999804120733	9.793963471277913e-09	9.793963471277913e-09
KX906952	1.0	0.0	0.0
KX262887	1.0	0.0	0.0
MF801406	1.0	0.0	0.0
node_167	0.9999803839065599	9.808046720057947e-06	9.808046720057947e-06
MF801408	1.0	0.0	0.0
node_201	0.9999928888219626	3.555589018767723e-06	3.555589018767723e-06
MF801426	1.0	0.0	0.0
node_266	1.0	0.0	0.0
KY606271	1.0	0.0	0.0
MF801402	1.0	0.0	0.0
node_317	0.9999878235546222	6.088222688940146e-06	6.088222688940146e-06
MF988734	1.0	0.0	0.0
node_231	0.9999998690692437	6.546537804583081e-08	6.546537804583081e-08
node_215	0.999992158087238	3.920956381071062e-06	3.920956381071062e-06
node_216	0.9999917951609542	4.1024195229885825e-06	4.1024195229885825e-06
MF801403	1.0	0.0	0.0
MF801381	1.0	0.0	0.0
node_247	0.9999997777923282	1.1110383591161858e-07	1.1110383591161858e-07
node_248	0.9999956985508982	2.150724550847262e-06	2.150724550847262e-06
node_288	0.9999713020099705	1.4348995014764881e-05	1.4348995014764881e-05
node_287	0.9999992956652353	3.5216738245567253e-07	3.5216738245567253e-07
MF801387	1.0	0.0	0.0
MF801389	1.0	0.0	0.0
node_225	0.9999830115341011	8.494232949443127e-06	8.494232949443127e-06
node_197	0.9999994480226372	2.759886813700915e-07	2.759886813700915e-07
node_226	0.9999972878214716	1.356089264254251e-06	1.356089264254251e-06
node_284	0.9999937581398218	3.120930087195982e-06	3.120930090869356e-06
node_285	0.9999999999581163	1.6570649504440598e-14	4.186709420429591e-11
KX101066	1.0	0.0	0.0
KX101061	1.0	0.0	0.0
KY559018	1.0	0.0	0.0
NODE_0000456	1.0	0.0	0.0
node_218	0.9999991750887015	4.1245564914677114e-07	4.1245564914677114e-07
node_219	0.9999999999999892	5.319880385513442e-15	5.319880385513442e-15
KU729217	1.0	0.0	0.0
KY120352	1.0	0.0	0.0
MF098767	1.0	0.0	0.0
node_186	0.9999940736377222	2.963181138859894e-06	2.963181138859894e-06
KU365777	1.0	0.0	0.0
KU365780	1.0	0.0	0.0
KY785450	1.0	0.0	0.0
KY014297	1.0	0.0	0.0
node_222	0.9999997381286537	1.3093567321087384e-07	1.3093567321087384e-07
node_207	0.999994249395503	2.8753022485617285e-06	2.8753022485617285e-06
node_223	0.9999999600026056	1.9998697114233843e-08	1.9998697114233843e-08
MF801377	1.0	0.0	0.0
KY765323	1.0	0.0	0.0
MF801384	1.0	0.0	0.0
MF801386	1.0	0.0	0.0
KY325479	1.0	0.0	0.0
KY325465	1.0	0.0	0.0
MF801396	1.0	0.0	0.0
MF801418	1.0	0.0	0.0
MH063265	1.0	0.0	0.0
MF159531	1.0	0.0	0.0
node_249	0.999984599352104	7.700323947941777e-06	7.700323947941777e-06
KY014306	1.0	0.0	0.0
node_232	0.9999873163598756	6.341820062233674e-06	6.341820062233674e-06
MF801410	1.0	0.0	0.0
node_233	0.9999874878521465	6.2560739268159915e-06	6.2560739268159915e-06
KU501216	1.0	0.0	0.0
KU501217	1.0	0.0	0.0
MF801411	1.0	0.0	0.0
node_267	0.9999906207241487	4.689637925681869e-06	4.689637925681869e-06
KY765324	1.0	0.0	0.0
MF434518	1.0	0.0	0.0
node_304	0.9999999350751647	3.246241762570263e-08	3.246241762570263e-08
node_303	0.9999984671529709	7.664235145810578e-07	7.664235145810578e-07
KY785431	1.0	0.0	0.0
KU870645	1.0	0.0	0.0
KY765319	1.0	0.0	0.0
KX421195	1.0	0.0	0.0
KX421194	1.0	0.0	0.0
MF434517	1.0	0.0	0.0
node_243	0.9999999906508791	4.674560501539253e-09	4.674560501539253e-09
MF801419	1.0	0.0	0.0
node_299	0.9999871169142375	6.44154288116328e-06	6.441542881473663e-06
MF801395	1.0	0.0	0.0
MF801393	1.0	0.0	0.0
MF801398	1.0	0.0	0.0
MF098771	1.0	0.0	0.0
node_360	7.527297893457916e-05	2.1040950275277076e-06	0.9999226229260378
node_300	0.9999962503154729	1.874840735297567e-06	1.8748437917970906e-06
node_349	0.9794620283961228	0.0001354871560161653	0.020402484447861066
node_315	0.999999995215274	2.3923603882693463e-09	2.3923654679828088e-09
KY559023	1.0	0.0	0.0
KY559024	1.0	0.0	0.0
KX548902	1.0	0.0	0.0
node_235	0.9999999566998286	2.1650085644844634e-08	2.1650085644844634e-08
KY014303	1.0	0.0	0.0
KX198135	1.0	0.0	0.0
KY785469	1.0	0.0	0.0
KY785466	1.0	0.0	0.0
node_275	0.999996275453955	1.8622730225631036e-06	1.8622730225631036e-06
node_294	0.999994014561603	2.992719198562083e-06	2.992719198562083e-06
node_295	0.9999978186707744	1.0906646128137945e-06	1.0906646128137945e-06
KY559026	1.0	0.0	0.0
node_202	0.9999999469501281	2.6524935941716037e-08	2.6524935941716037e-08
MF073357	1.0	0.0	0.0
KY441403	1.0	0.0	0.0
KY441402	1.0	0.0	0.0
KU820898	1.0	0.0	0.0
node_224	0.9999964158677912	1.7920661043492904e-06	1.7920661043492904e-06
KU365778	1.0	0.0	0.0
node_240	0.9999995343744381	2.3281278096659938e-07	2.3281278096659938e-07
node_260	0.9999999041513585	4.792432076412028e-08	4.792432076412028e-08
MH063262	1.0	0.0	0.0
MH063263	1.0	0.0	0.0
KY693677	1.0	0.0	0.0
KY765325	1.0	0.0	0.0
KY785418	1.0	0.0	0.0
KY014315	1.0	0.0	0.0
MG494697	1.0	0.0	0.0
KY606273	1.0	0.0	0.0
MF801385	1.0	0.0	0.0
KY328289	1.0	0.0	0.0
node_335	0.9999939640014224	3.017999288741681e-06	3.017999288741681e-06
KY014310	1.0	0.0	0.0
node_318	0.9999999626664349	1.8666782558619212e-08	1.8666782558619212e-08
MF434516	1.0	0.0	0.0
KY785448	1.0	0.0	0.0
MF434522	1.0	0.0	0.0
node_283	0.9999927279625154	3.636018742329122e-06	3.636018742329122e-06
MF801391	1.0	0.0	0.0
MF801412	1.0	0.0	0.0
KX856011	0.0	0.0	1.0
KY648934	0.0	0.0	1.0
MF801414	1.0	0.0	0.0
node_314	0.9999956085184599	2.1957407536118364e-06	2.195740786499876e-06
KY120349	1.0	0.0	0.0
node_361	0.056081278773891616	0.00035877005741600935	0.9435599511686923
MF801413	1.0	0.0	0.0
KY631493	1.0	0.0	0.0
KX827268	1.0	0.0	0.0
KY606272	1.0	0.0	0.0
KY317937	1.0	0.0	0.0
node_272	0.9999948487920011	2.575603999422625e-06	2.575603999422625e-06
node_254	0.9999987476899012	6.261550493586832e-07	6.261550493586832e-07
KY317936	1.0	0.0	0.0
KY317939	1.0	0.0	0.0
KY317940	1.0	0.0	0.0
KY317938	1.0	0.0	0.0
node_309	0.999999990603772	4.69811400350313e-09	4.69811400350313e-09
node_308	0.9999992637817201	3.681091399994589e-07	3.681091399994589e-07
KY014302	1.0	0.0	0.0
KY785476	1.0	0.0	0.0
node_234	1.0	4.705673054561765e-31	2.36263363424953e-29
KX766028	1.0	0.0	0.0
node_242	0.9999997039596327	1.4802018357074242e-07	1.4802018357074242e-07
KU758877	1.0	0.0	0.0
KY348640	1.0	0.0	0.0
KU937936	1.0	0.0	0.0
KY785456	1.0	0.0	0.0
KY785481	1.0	0.0	0.0
node_298	0.9999997580601382	1.2096993098609166e-07	1.2096993098609166e-07
KY014312	1.0	0.0	0.0
KY785452	1.0	0.0	0.0
KY785442	1.0	0.0	0.0
KY014319	1.0	0.0	0.0
node_350	0.9999960974484698	1.9512757651670954e-06	1.9512757651670954e-06
KY785414	1.0	0.0	0.0
KY693676	1.0	0.0	0.0
MF801401	1.0	0.0	0.0
MF801417	1.0	0.0	0.0
KX446950	0.0	0.0	1.0
KX446951	0.0	0.0	1.0
KY693678	1.0	0.0	0.0
KY693679	1.0	0.0	0.0
node_274	0.9999951392181939	2.4303909031163156e-06	2.4303909031163156e-06
node_273	0.9999966488597044	1.6755701477286564e-06	1.6755701477286564e-06
KX156775	1.0	0.0	0.0
KX156774	1.0	0.0	0.0
KX156776	1.0	0.0	0.0
KU820897	1.0	0.0	0.0
node_324	0.9999996377626428	1.8111867854472778e-07	1.8111867854472778e-07
LC190723	1.0	0.0	0.0
KY785423	1.0	0.0	0.0
KY785419	1.0	0.0	0.0
KY785465	1.0	0.0	0.0
KY785441	1.0	0.0	0.0
KX269878	1.0	0.0	0.0
MH063264	1.0	0.0	0.0
MF098766	1.0	0.0	0.0
node_290	0.9999873904914591	6.304754270419712e-06	6.304754270419712e-06
node_292	0.9999888608243382	5.5695878308883894e-06	5.5695878308883894e-06
node_339	0.9999909328781419	4.533560929116292e-06	4.533560929116292e-06
node_342	0.9999910867022512	4.456648874333413e-06	4.456648874333413e-06
node_340	0.9999996667140082	1.666429959375503e-07	1.666429959375503e-07
node_341	0.9999997547777552	1.2261112245472824e-07	1.2261112245472824e-07
node_338	0.9996317013581572	4.323620320112841e-06	0.00036397502152268885
node_320	0.9999999999263773	2.7742365045763426e-11	4.588025849753553e-11
KX056898	1.0	0.0	0.0
node_261	0.9999999818032921	9.098354030973886e-09	9.098354030973886e-09
node_312	0.9999983426004919	8.286997540688449e-07	8.286997540688449e-07
node_313	0.999999963293769	1.8353115460511593e-08	1.8353115460511593e-08
MF434521	1.0	0.0	0.0
node_362	0.9999997851671013	1.0741644943787628e-07	1.0741644943787628e-07
KY075932	1.0	0.0	0.0
KY785451	1.0	0.0	0.0
KU647676	1.0	0.0	0.0
node_293	0.9999999413891183	2.9305440802639442e-08	2.9305440802639442e-08
KX247646	1.0	0.0	0.0
node_343	1.0	0.0	0.0
MF098764	1.0	0.0	0.0
KY785413	1.0	0.0	0.0
KU853012	1.0	0.0	0.0
KX922707	1.0	0.0	0.0
KY785484	1.0	0.0	0.0
KY785435	1.0	0.0	0.0
KY785420	1.0	0.0	0.0
KY014318	1.0	0.0	0.0
MF664436	1.0	0.0	0.0
NODE_0000457	0.9999999999936529	3.1735966149227444e-12	3.1735966149227444e-12
KY785415	1.0	0.0	0.0
KY785470	1.0	0.0	0.0
KY014314	1.0	0.0	0.0
MH063261	1.0	0.0	0.0
node_354	0.9488613980579023	4.794453684171977e-05	0.051090657405255986
KY785424	1.0	0.0	0.0
node_352	0.9999953476783386	2.3261599342599286e-06	2.326161727119314e-06
node_363	0.9997600226371022	2.5294300932022898e-06	0.00023744793280468186
node_337	0.9999988127576271	5.936207685297743e-07	5.936216043441405e-07
KY379148	1.0	0.0	0.0
node_281	0.9999999983020993	8.489502915152638e-10	8.489502915152638e-10
KX377337	1.0	0.0	0.0
KY075933	1.0	0.0	0.0
KY075934	1.0	0.0	0.0
KY785464	1.0	0.0	0.0
KY785462	1.0	0.0	0.0
KY765317	1.0	0.0	0.0
KY765318	1.0	0.0	0.0
KU922960	1.0	0.0	0.0
KU922923	1.0	0.0	0.0
KX702400	1.0	0.0	0.0
KX893855	1.0	0.0	0.0
MF098769	1.0	0.0	0.0
MF098768	1.0	0.0	0.0
MF384325	0.0	0.0	1.0
node_366	0.9494767572955366	3.3506872555329104e-05	0.050489735831908016
KY785430	1.0	0.0	0.0
node_364	0.9999968416207256	1.5791896324674177e-06	1.5791896420992648e-06
node_371	0.999999616171865	1.136045707043702e-07	2.702235643087154e-07
node_370	0.9961507636666491	1.3337598755739298e-05	0.0038358987345951555
MF098765	1.0	0.0	0.0
node_353	0.9999978162967271	1.0918516236315088e-06	1.0918516491870286e-06
KU955590	1.0	0.0	0.0
MF167360	1.0	0.0	0.0
MF783072	0.0	0.0	1.0
node_373	0.9999996873547907	1.1252793216324802e-09	3.115199299857884e-07
KY785453	1.0	0.0	0.0
KY014300	1.0	0.0	0.0
KY325464	1.0	0.0	0.0
KY325476	1.0	0.0	0.0
node_377	0.0	0.0	1.0
node_376	0.9972715732312345	1.1965144934120172e-09	0.002728425572251086
KY785425	1.0	0.0	0.0
node_365	0.99999903925805	4.803709748710202e-07	4.80370975031914e-07
node_380	1.0	0.0	0.0
node_406	1.0	0.0	0.0
NODE_0000458	0.9999999937587465	2.958727575705925e-09	3.2825259080691206e-09
KY075937	0.0	0.0	1.0
KY785422	0.0	0.0	1.0
KX922705	1.0	0.0	0.0
KY014298	1.0	0.0	0.0
KY325473	1.0	0.0	0.0
KX838906	0.0	0.0	1.0
node_402	0.6839292062022743	1.270636794071292e-05	0.3160580874297849
KY785443	1.0	0.0	0.0
node_372	1.0	2.585535552854653e-31	7.314491956311949e-25
KY415988	1.0	0.0	0.0
KX673530	0.9724969605540686	0.013751519722965656	0.013751519722965656
KY415991	1.0	0.0	0.0
KY415989	1.0	0.0	0.0
KY415987	1.0	0.0	0.0
NODE_0000459	1.0	0.0	0.0
node_410	0.0006606096856578325	2.6115917189400824e-06	0.9993367787226233
NODE_0000460	0.6832271288726929	9.28595109363943e-06	0.31676358517621345
KY014326	1.0	0.0	0.0
KX838905	0.0	0.0	1.0
KY785474	1.0	0.0	0.0
KY325469	1.0	0.0	0.0
KX922703	1.0	0.0	0.0
KY785445	1.0	0.0	0.0
KY325468	1.0	0.0	0.0
KY325467	1.0	0.0	0.0
KX832731	1.0	0.0	0.0
KX922704	1.0	0.0	0.0
KX922706	1.0	0.0	0.0
KY325472	1.0	0.0	0.0
KX842449	1.0	0.0	0.0
KY075936	1.0	0.0	0.0
node_395	0.9999996967560543	1.516219728422352e-07	1.516219728422352e-07
node_419	0.0	0.0	1.0
node_420	0.800423507369763	2.5432027510233603e-05	0.1995510606027269
KY415986	1.0	0.0	0.0
KY415990	1.0	0.0	0.0
KY014299	0.0	0.0	1.0
KX922708	0.0	0.0	1.0
MF988743	0.0	0.0	1.0
KY785459	1.0	0.0	0.0
KY785412	1.0	0.0	0.0
KY075935	1.0	0.0	0.0
KY785468	0.0	0.0	1.0
KY075939	0.0	0.0	1.0
node_424	0.0	0.0	1.0
node_425	0.7978650175387887	3.624325464055278e-05	0.20209873920657093
KX838904	0.0	0.0	1.0
KY014324	0.0	0.0	1.0
KY325477	1.0	0.0	0.0
NODE_0000461	8.16673235600631e-06	5.079600312976075e-08	0.9999917824716409
KY075938	0.0	0.0	1.0
KY785472	0.0	0.0	1.0
