node	Africa	Caribbean	Central America	Eastern Asia	Europe	Northern America	Oceania	South America	South-eastern Asia	Southern Asia
NODE_0000445	8.823484139972531e-09	0.13364867886647575	0.11664168404209858	0.15694088129765593	0.15276853219560438	0.17776796277732987	0.019583905706088943	0.008138942508209145	0.2256859196430809	0.008823484139972528
node_1	1.1335430967673702e-14	1.716969565739417e-07	1.4984826134866626e-07	1.9948738064963898e-07	1.9626001738826743e-07	2.2837647476607188e-07	2.515919441234984e-08	1.0456008022241089e-08	0.9999990073802645	1.1335430967673701e-08
node_2	1.7671385664722174e-09	0.026766720610181198	0.02336061526934428	0.058629737771702585	0.030595982347064725	0.03560317289816705	0.003922573995627747	0.0016300408056948437	0.8177240159686067	0.0017671385664722167
HQ234499	0.0	0.0	0.0	0.0	0.0	0.0	0.0	0.0	1.0	0.0
KX377336	0.0	0.0	0.0	0.0	0.0	0.0	0.0	0.0	1.0	0.0
node_4	2.138668190357389e-09	0.032394253068370266	0.028272035782378583	0.13644188634820265	0.037028592686442444	0.04308817159560242	0.004746940068236322	0.001972746498925386	0.7139167036228165	0.002138668190357389
node_3	1.3571467281966578e-10	0.0020556603760383484	0.0017940745102260163	0.0035733067170631507	0.002349744277336183	0.0027349614304704234	0.00030189715568934957	0.00012518568652440654	0.9869294550381178	0.00013571467281966578
KU681082	0.0	0.0	0.0	0.0	0.0	0.0	0.0	0.0	1.0	0.0
node_7	8.636009815269066e-13	1.3080901877069857e-05	1.1416337495226829e-05	0.9999023803483813	1.495226287684578e-05	1.7399091977191465e-05	1.9167829915852483e-06	7.966012775881028e-07	3.7194071278167386e-05	8.636009815269066e-07
node_5	8.010676629182077e-11	0.00121337142032883	0.0010589680873471688	0.001568968607677321	0.0013869570014749153	0.0016140163007976706	0.000177889607962109	7.389194053333507e-05	0.9928258301874803	8.010676629182075e-05
node_6	3.2820730564869763e-12	4.971332423612266e-05	4.338722916988554e-05	7.4566231390032e-05	5.682533967809877e-05	6.792281706076142e-05	9.022855460406923e-06	3.027443976861157e-06	0.9996922526826892	3.2820730564869745e-06
KY120353	0.0	0.0	0.0	1.0	0.0	0.0	0.0	0.0	0.0	0.0
KY553111	0.0	0.0	0.0	1.0	0.0	0.0	0.0	0.0	0.0	0.0
MG645981	0.0	0.0	0.0	0.0	0.0	0.0	0.0	0.0	1.0	0.0
node_8	0.0	0.0	0.0	0.0	0.0	0.0	0.0	0.0	1.0	0.0
node_9	3.500161406178724e-12	5.3016692763803024e-05	4.627023909821605e-05	0.0001684868684872025	6.0601289919844606e-05	0.00011499447742389788	7.843628996349237e-06	3.2286126435344605e-06	0.9995420580257609	3.5001614061787226e-06
node_10	1.2945385830158346e-12	1.9608282693902415e-05	1.7113099313726317e-05	2.6885585606555077e-05	2.2413454374784228e-05	2.6198266033468108e-05	1.3410068392185616e-05	1.1941059715960862e-06	0.9998718825977363	1.2945385830158346e-06
KU955593	0.0	0.0	0.0	0.0	0.0	0.0	0.0	0.0	1.0	0.0
J860885	1.5326145810721799e-10	0.002321440269199959	0.0020260335133813817	0.002695555491364269	0.002653546787841871	0.0030877794905102454	0.00034016656078175993	0.00014137116092360707	0.9865808451146282	0.00015326145810721798
node_11	1.379198457148945e-11	0.00020890619710822305	0.00018232257022067692	0.0013322323801082414	0.00023879243228938635	0.0002948623702354668	3.064019734711746e-05	1.2721977817462205e-05	0.99768572987651	1.3791984571489449e-05
node_12	2.6828345228344268e-11	0.0004063670131958884	0.0003546562013207877	0.00048637978064875826	0.00046450210106955094	0.003050259001569458	5.9556176139408516e-05	2.4746954370857055e-05	0.9951267043996286	2.6828345228344272e-05
KU179098	0.0	0.0	0.0	0.0	0.0	0.0	0.0	0.0	1.0	0.0
node_13	1.0826590004481174e-12	1.6398957914740525e-05	1.4312165925873892e-05	2.8396186944756815e-05	1.874500183181992e-05	2.1844548201054893e-05	3.455836481921486e-05	9.986643848231924e-07	0.9998636634498946	1.0826590004481174e-06
KX051561	0.0	0.0	0.0	0.0	0.0	0.0	0.0	0.0	1.0	0.0
node_14	1.1582643613585806e-10	0.0017544146871915666	0.0015311627870759823	0.015971824135046137	0.0020054022149551946	0.0023447207067996637	0.00025709764782023926	0.00010684041470305647	0.9759127108544459	0.00011582643613585806
KY272987	0.0	0.0	0.0	0.0	0.0	0.0	0.0	0.0	1.0	0.0
node_15	4.442856079786009e-12	6.729562109907508e-05	5.8732152388107524e-05	7.825978914112625e-05	7.692296957733736e-05	0.05079936469499938	9.86108236907198e-06	4.098171383548084e-06	0.9489010226585198	4.442856079786011e-06
KX051560	0.0	0.0	0.0	0.0	0.0	0.0	0.0	0.0	1.0	0.0
node_16	3.5111127338627587e-12	5.3182571735599944e-05	4.641500972207605e-05	0.00017086217711041407	6.079089962836147e-05	7.074739519939309e-05	0.00039993227596538675	3.23871434769129e-06	0.9991913198400462	3.5111127338627586e-06
KY328290	0.0	0.0	0.0	1.0	0.0	0.0	0.0	0.0	0.0	0.0
KX051562	0.0	0.0	0.0	0.0	0.0	0.0	0.0	0.0	1.0	0.0
KF993678	0.0	0.0	0.0	0.0	0.0	1.0	0.0	0.0	0.0	0.0
KX694532	0.0	0.0	0.0	0.0	0.0	0.0	0.0	0.0	1.0	0.0
KU681081	0.0	0.0	0.0	0.0	0.0	0.0	0.0	0.0	1.0	0.0
node_17	1.6705549280347568e-11	0.00025303775194004117	0.00022083831851417302	0.001530571149862664	0.00028923747156959	0.00033657255207873124	0.004490069709436142	1.5409502981357408e-05	0.9928475579776314	1.6705549280347562e-05
node_19	2.308993753919169e-12	3.497416211406053e-05	3.0523647532805254e-05	0.0003147717551388305	3.997758493575625e-05	4.651981414196711e-05	0.00025710323463477223	2.1298579015776644e-06	0.9992716909475373	2.3089937539191696e-06
node_18	6.266558377057794e-10	0.009491910846637822	0.008284050955980034	0.07916885461280418	0.010849828820388954	0.012625322710288425	0.2834042918871061	0.000578038760495902	0.594971044941937	0.0006266558377057794
node_22	1.0300481706791004e-11	0.00015602065464869806	0.0001361667923538278	0.001362619277793437	0.00017834105510830943	0.00020752528250552236	0.00011421008953789082	9.50135197032204e-06	0.9978253150040746	1.0300481706791004e-05
node_21	6.729634662209627e-13	1.0193329161026386e-05	8.896212737915726e-06	4.6068385231648745e-05	1.1651592423688848e-05	1.3558287846596349e-05	2.924308399049081e-06	6.207537606243868e-07	0.9999054141663003	6.729634662209627e-07
LC219720	0.0	0.0	0.0	1.0	0.0	0.0	0.0	0.0	0.0	0.0
node_20	2.497347138879207e-12	3.782713727224083e-05	3.301357732337854e-05	0.00012058816807303526	4.323870828543886e-05	5.031439564956018e-05	0.999020842939252	2.3035984967031342e-06	0.0006893741260117364	2.4973471388792074e-06
MG807647	0.0	0.0	0.0	0.0	0.0	0.0	0.0	0.0	1.0	0.0
node_26	9.37731053842367e-11	0.0014203744744135795	0.0012396296923483337	0.03957489619597235	0.0016235740260556715	0.0018892595563957235	0.00023081137379498299	8.649802067201496e-05	0.95384118346119	9.377310538423671e-05
node_25	1.4416827716390284e-12	2.18370651227481e-05	1.9058265835901418e-05	0.00027711438389287074	2.4961087640791146e-05	2.9045779631335866e-05	3.558185445071032e-06	1.329834451709254e-06	0.9996216537137662	1.441682771639028e-06
node_24	5.420395438647109e-13	8.210233937263162e-06	7.165469355508771e-06	9.903291452064599e-06	9.384794509127388e-06	1.0920544598508512e-05	1.2185265826613309e-06	4.9998714960058e-07	0.9999521551123294	5.420395438647109e-07
KX447517	0.0	0.0	0.0	0.0	0.0	0.0	1.0	0.0	0.0	0.0
node_23	8.892142512139444e-20	1.3468866457142924e-12	1.1754931055630716e-12	1.8140167660438202e-10	1.5395727335187412e-12	1.7915124094568382e-12	0.9999999997913867	8.389283388725824e-14	2.1185443563698355e-11	8.892142512139445e-14
KY126351	0.0	0.0	0.0	1.0	0.0	0.0	0.0	0.0	0.0	0.0
KY241691	0.0	0.0	0.0	0.0	0.0	0.0	0.0	0.0	1.0	0.0
MH013290	0.0	0.0	0.0	0.0	0.0	0.0	0.0	0.0	1.0	0.0
node_30	2.9994951053492025e-11	0.0004543313635940069	0.00039651701619656567	0.014757341928678492	0.000519328257752752	0.0006043123681689013	6.670410965801803e-05	2.7667889270063207e-05	0.9831438020856328	2.999495105349202e-05
MG807646	0.0	0.0	0.0	0.0	0.0	0.0	0.0	0.0	1.0	0.0
node_29	1.2499103597420954e-163	1.8932302209767727e-156	1.6523138359994505e-156	2.2013938525909812e-156	2.1640767751691587e-156	2.5182114418127775e-156	2.7754762072562922e-157	1.1529400854555843e-157	1.0	1.2499103597420955e-157
KX447515	0.0	0.0	0.0	0.0	0.0	0.0	1.0	0.0	0.0	0.0
KX447516	0.0	0.0	0.0	0.0	0.0	0.0	1.0	0.0	0.0	0.0
node_36	3.600635613910803e-17	5.453856835291587e-10	4.759845373619258e-10	6.332785664251048e-10	6.234088586576013e-10	7.25424965855192e-10	0.9999999965247303	3.321291883530344e-11	4.025679261307258e-10	3.6006356139108033e-11
node_37	8.254313690822135e-12	0.00012502749506061627	0.0001091175588050914	0.06660185647070022	0.00014291399710419892	0.00016630078323362995	0.9327466283596404	7.613929317514805e-06	9.228708419322559e-05	8.254313690822132e-06
node_28	1.66793099260508e-18	2.5608300814352767e-11	2.2049144845413784e-11	2.93376774109614e-11	2.8878316717258667e-11	3.4009167575757377e-11	0.999999996949379	2.8904218739341395e-09	1.864849266419444e-11	1.6679309926050798e-12
MG548660	0.0	0.0	0.0	0.0	0.0	0.0	0.0	0.0	1.0	0.0
LC369584	0.0	0.0	0.0	1.0	0.0	0.0	0.0	0.0	0.0	0.0
KY241708	0.0	0.0	0.0	0.0	0.0	0.0	0.0	0.0	1.0	0.0
KY241758	0.0	0.0	0.0	0.0	0.0	0.0	0.0	0.0	1.0	0.0
KY241745	0.0	0.0	0.0	0.0	0.0	0.0	0.0	0.0	1.0	0.0
KY241701	0.0	0.0	0.0	0.0	0.0	0.0	0.0	0.0	1.0	0.0
KY241687	0.0	0.0	0.0	0.0	0.0	0.0	0.0	0.0	1.0	0.0
KY241695	0.0	0.0	0.0	0.0	0.0	0.0	0.0	0.0	1.0	0.0
KY241752	0.0	0.0	0.0	0.0	0.0	0.0	0.0	0.0	1.0	0.0
KY241772	0.0	0.0	0.0	0.0	0.0	0.0	0.0	0.0	1.0	0.0
KY241725	0.0	0.0	0.0	0.0	0.0	0.0	0.0	0.0	1.0	0.0
KY241737	0.0	0.0	0.0	0.0	0.0	0.0	0.0	0.0	1.0	0.0
KY241760	0.0	0.0	0.0	0.0	0.0	0.0	0.0	0.0	1.0	0.0
KY241785	0.0	0.0	0.0	0.0	0.0	0.0	0.0	0.0	1.0	0.0
KY241702	0.0	0.0	0.0	0.0	0.0	0.0	0.0	0.0	1.0	0.0
KY241709	0.0	0.0	0.0	0.0	0.0	0.0	0.0	0.0	1.0	0.0
KY241763	0.0	0.0	0.0	0.0	0.0	0.0	0.0	0.0	1.0	0.0
KY241762	0.0	0.0	0.0	0.0	0.0	0.0	0.0	0.0	1.0	0.0
KY241742	0.0	0.0	0.0	0.0	0.0	0.0	0.0	0.0	1.0	0.0
KY241757	0.0	0.0	0.0	0.0	0.0	0.0	0.0	0.0	1.0	0.0
KY241703	0.0	0.0	0.0	0.0	0.0	0.0	0.0	0.0	1.0	0.0
KY241784	0.0	0.0	0.0	0.0	0.0	0.0	0.0	0.0	1.0	0.0
KY241739	0.0	0.0	0.0	0.0	0.0	0.0	0.0	0.0	1.0	0.0
KY241705	0.0	0.0	0.0	0.0	0.0	0.0	0.0	0.0	1.0	0.0
KY241696	0.0	0.0	0.0	0.0	0.0	0.0	0.0	0.0	1.0	0.0
KY241764	0.0	0.0	0.0	0.0	0.0	0.0	0.0	0.0	1.0	0.0
KY241761	0.0	0.0	0.0	0.0	0.0	0.0	0.0	0.0	1.0	0.0
KY241746	0.0	0.0	0.0	0.0	0.0	0.0	0.0	0.0	1.0	0.0
KY241754	0.0	0.0	0.0	0.0	0.0	0.0	0.0	0.0	1.0	0.0
KY241753	0.0	0.0	0.0	0.0	0.0	0.0	0.0	0.0	1.0	0.0
KY241765	0.0	0.0	0.0	0.0	0.0	0.0	0.0	0.0	1.0	0.0
KY241733	0.0	0.0	0.0	0.0	0.0	0.0	0.0	0.0	1.0	0.0
KY241726	0.0	0.0	0.0	0.0	0.0	0.0	0.0	0.0	1.0	0.0
KY241720	0.0	0.0	0.0	0.0	0.0	0.0	0.0	0.0	1.0	0.0
KY241741	0.0	0.0	0.0	0.0	0.0	0.0	0.0	0.0	1.0	0.0
KY241735	0.0	0.0	0.0	0.0	0.0	0.0	0.0	0.0	1.0	0.0
KY241755	0.0	0.0	0.0	0.0	0.0	0.0	0.0	0.0	1.0	0.0
KY241771	0.0	0.0	0.0	0.0	0.0	0.0	0.0	0.0	1.0	0.0
KY241704	0.0	0.0	0.0	0.0	0.0	0.0	0.0	0.0	1.0	0.0
KY241719	0.0	0.0	0.0	0.0	0.0	0.0	0.0	0.0	1.0	0.0
KY241683	0.0	0.0	0.0	0.0	0.0	0.0	0.0	0.0	1.0	0.0
KY241786	0.0	0.0	0.0	0.0	0.0	0.0	0.0	0.0	1.0	0.0
KY241748	0.0	0.0	0.0	0.0	0.0	0.0	0.0	0.0	1.0	0.0
KY241722	0.0	0.0	0.0	0.0	0.0	0.0	0.0	0.0	1.0	0.0
KY241770	0.0	0.0	0.0	0.0	0.0	0.0	0.0	0.0	1.0	0.0
KY241711	0.0	0.0	0.0	0.0	0.0	0.0	0.0	0.0	1.0	0.0
KY241743	0.0	0.0	0.0	0.0	0.0	0.0	0.0	0.0	1.0	0.0
KY241699	0.0	0.0	0.0	0.0	0.0	0.0	0.0	0.0	1.0	0.0
KY241679	0.0	0.0	0.0	0.0	0.0	0.0	0.0	0.0	1.0	0.0
KX827309	0.0	0.0	0.0	0.0	0.0	0.0	0.0	0.0	1.0	0.0
KY241732	0.0	0.0	0.0	0.0	0.0	0.0	0.0	0.0	1.0	0.0
KY241724	0.0	0.0	0.0	0.0	0.0	0.0	0.0	0.0	1.0	0.0
KY241674	0.0	0.0	0.0	0.0	0.0	0.0	0.0	0.0	1.0	0.0
KY241731	0.0	0.0	0.0	0.0	0.0	0.0	0.0	0.0	1.0	0.0
KY241750	0.0	0.0	0.0	0.0	0.0	0.0	0.0	0.0	1.0	0.0
KY241718	0.0	0.0	0.0	0.0	0.0	0.0	0.0	0.0	1.0	0.0
KY241710	0.0	0.0	0.0	0.0	0.0	0.0	0.0	0.0	1.0	0.0
KY241728	0.0	0.0	0.0	0.0	0.0	0.0	0.0	0.0	1.0	0.0
KY241747	0.0	0.0	0.0	0.0	0.0	0.0	0.0	0.0	1.0	0.0
KY241715	0.0	0.0	0.0	0.0	0.0	0.0	0.0	0.0	1.0	0.0
KY241768	0.0	0.0	0.0	0.0	0.0	0.0	0.0	0.0	1.0	0.0
KY241723	0.0	0.0	0.0	0.0	0.0	0.0	0.0	0.0	1.0	0.0
node_78	3.3675649427332237e-15	5.100826368060492e-08	4.451738562798157e-08	5.9228577660796966e-08	5.830553387001733e-08	6.784678999894782e-08	7.474370914423888e-09	3.1063032501412367e-09	0.9999997051452068	3.367564942733224e-09
node_428	1.1160704069971163e-15	1.6905038083697265e-08	1.4753846634340895e-08	1.9629395097008715e-08	1.9323482107424178e-08	2.2485622642845106e-08	2.4771383270601168e-09	1.0294836748798632e-09	0.9999999022799219	1.1160704069971162e-09
node_435	3.201965424930246e-15	4.849993970968856e-08	4.232824964420465e-08	5.6316020941750136e-08	5.543836769555197e-08	6.451043393770831e-08	7.106819808399902e-09	2.9535512381917043e-09	0.9999997196446484	3.201965424930246e-09
node_34	2.163446653164514e-18	3.276957066014922e-11	2.8599593647723883e-11	3.805060044601393e-11	3.745760341883093e-11	4.358725466242844e-11	4.80180872954335e-12	1.995602604408181e-12	0.9999999998105745	2.1634466531645136e-12
node_68	2.4625346878897905e-20	3.7299835584037696e-13	3.2553375565816224e-13	4.331094707432973e-13	4.2635970528401177e-13	4.96130220724948e-13	5.465639998017244e-14	2.271486856128485e-14	0.9999999999978438	2.4625346878897908e-14
node_434	9.867403693139102e-16	1.494608531629695e-08	1.30441735445172e-08	1.7354744329746472e-08	1.7084280482279413e-08	1.987999274217073e-08	2.1900879840202205e-09	9.101872921142889e-10	0.999999913603707	9.867403693139102e-10
node_399	2.0804695341892235e-33	3.151272221442532e-26	2.750268105166752e-26	3.659120268565231e-26	3.602094954485291e-26	4.191550333422243e-26	4.617639522659926e-27	1.9190629982703707e-27	1.0	2.080469534189223e-27
node_41	7.477318398053602e-26	1.1325840331447208e-18	9.88461016342524e-19	1.3151073281876354e-18	1.2946121263537432e-18	1.5064655314301405e-18	1.6596042571620833e-19	6.897214704748393e-20	1.0	7.477318398053601e-20
KX447509	0.0	0.0	0.0	0.0	0.0	0.0	1.0	0.0	0.0	0.0
KX447514	0.0	0.0	0.0	0.0	0.0	0.0	1.0	0.0	0.0	0.0
KJ776791	0.0	0.0	0.0	0.0	0.0	0.0	1.0	0.0	0.0	0.0
node_45	9.72788480899302e-12	0.00014734757067192092	0.00012859737132048913	0.06683500525826494	0.00016842719497905817	0.00019598902144230725	0.9323971702134363	8.973178160944888e-06	0.00010876229718724516	9.727884808993018e-06
node_44	1.1611777599615706e-11	0.0001758827591075386	0.0001535014142322366	0.9933127426770038	0.00020104464312899108	0.00023394406632472897	0.005770736639018807	1.071091518975489e-05	0.00012982509678266014	1.1611777599615706e-05
KX447513	0.0	0.0	0.0	0.0	0.0	0.0	1.0	0.0	0.0	0.0
KX447511	0.0	0.0	0.0	0.0	0.0	0.0	1.0	0.0	0.0	0.0
node_38	7.815376181295708e-15	1.1837894040349031e-07	1.0331504253281005e-07	1.374564775967138e-07	1.3531429635195673e-07	1.574574496135301e-07	0.9999992456722085	7.210645225245228e-09	8.73795558285785e-08	7.815376181295708e-09
node_46	2.3454823161149367e-12	3.6930216760798256e-05	3.100600657321064e-05	4.125223533234216e-05	4.060934264055253e-05	4.890622105771119e-05	0.9879944699038142	0.011778257001422932	2.6223587736793132e-05	2.345482316114937e-06
KY241781	0.0	0.0	0.0	0.0	0.0	0.0	0.0	0.0	1.0	0.0
KY241779	0.0	0.0	0.0	0.0	0.0	0.0	0.0	0.0	1.0	0.0
KY241713	0.0	0.0	0.0	0.0	0.0	0.0	0.0	0.0	1.0	0.0
KX813683	0.0	0.0	0.0	0.0	0.0	0.0	0.0	0.0	1.0	0.0
KY241689	0.0	0.0	0.0	0.0	0.0	0.0	0.0	0.0	1.0	0.0
KY241736	0.0	0.0	0.0	0.0	0.0	0.0	0.0	0.0	1.0	0.0
KY241730	0.0	0.0	0.0	0.0	0.0	0.0	0.0	0.0	1.0	0.0
KY241787	0.0	0.0	0.0	0.0	0.0	0.0	0.0	0.0	1.0	0.0
node_47	1.6242779585924e-15	2.4602821270383817e-08	2.1472075365828153e-08	2.856772619064288e-08	2.8122514380425476e-08	3.2724549468404523e-08	3.6051141216564804e-09	1.4982635784933833e-09	0.9999998577826561	1.6242779585923999e-09
KY241727	0.0	0.0	0.0	0.0	0.0	0.0	0.0	0.0	1.0	0.0
KY241780	0.0	0.0	0.0	0.0	0.0	0.0	0.0	0.0	1.0	0.0
KY241682	0.0	0.0	0.0	0.0	0.0	0.0	0.0	0.0	1.0	0.0
node_105	1.5238184613727157e-15	2.308116850034291e-08	2.0144055192862446e-08	2.680084916406016e-08	2.6383173130200552e-08	3.070057828234868e-08	3.382142462055159e-09	1.4055979081862847e-09	0.9999998665786153	1.5238184613727157e-09
node_441	3.480815325462007e-16	5.272365907234773e-09	4.601449438347355e-09	6.122042019468514e-09	6.0266334667707715e-09	7.012846089912767e-09	7.725732174298616e-10	3.210767466253617e-10	0.9999999695229312	3.4808153254620073e-10
NODE_0000447	2.3793590459554985e-16	3.603998012534995e-09	3.1453838603705405e-09	4.184805770127625e-09	4.119587945653481e-09	4.793727107516931e-09	5.281030165858334e-10	2.1947641287967967e-10	0.9999999791669817	2.379359045955499e-10
KY241685	0.0	0.0	0.0	0.0	0.0	0.0	0.0	0.0	1.0	0.0
KY241676	0.0	0.0	0.0	0.0	0.0	0.0	0.0	0.0	1.0	0.0
KY241678	0.0	0.0	0.0	0.0	0.0	0.0	0.0	0.0	1.0	0.0
KY241756	0.0	0.0	0.0	0.0	0.0	0.0	0.0	0.0	1.0	0.0
KY241680	0.0	0.0	0.0	0.0	0.0	0.0	0.0	0.0	1.0	0.0
KY241684	0.0	0.0	0.0	0.0	0.0	0.0	0.0	0.0	1.0	0.0
KY241767	0.0	0.0	0.0	0.0	0.0	0.0	0.0	0.0	1.0	0.0
KY241677	0.0	0.0	0.0	0.0	0.0	0.0	0.0	0.0	1.0	0.0
KY241675	0.0	0.0	0.0	0.0	0.0	0.0	0.0	0.0	1.0	0.0
KY241681	0.0	0.0	0.0	0.0	0.0	0.0	0.0	0.0	1.0	0.0
KY241777	0.0	0.0	0.0	0.0	0.0	0.0	0.0	0.0	1.0	0.0
KY241751	0.0	0.0	0.0	0.0	0.0	0.0	0.0	0.0	1.0	0.0
KY241714	0.0	0.0	0.0	0.0	0.0	0.0	0.0	0.0	1.0	0.0
KY241688	0.0	0.0	0.0	0.0	0.0	0.0	0.0	0.0	1.0	0.0
NODE_0000451	1.0167696181833295e-15	1.540093618643893e-08	1.3441143959274384e-08	1.788289738069082e-08	1.7604202567471935e-08	2.0484996113008777e-08	2.2567384415907323e-09	9.37886818314567e-10	0.999999910974428	1.0167696181833291e-09
node_89	8.919043663753204e-30	1.3509611209169557e-22	1.179049292186319e-22	1.5686773062493372e-22	1.5442303601220327e-22	1.796931886204303e-22	1.979597771044818e-23	8.227088353753234e-24	1.0	8.919043663753201e-24
LC191864	0.0	0.0	0.0	1.0	0.0	0.0	0.0	0.0	0.0	0.0
KX806557	0.0	0.0	0.0	0.0	0.0	0.0	1.0	0.0	0.0	0.0
KU761561	0.0	0.0	0.0	1.0	0.0	0.0	0.0	0.0	0.0	0.0
node_50	2.665921853029898e-18	4.0380526327984306e-11	3.524204379235247e-11	0.9999999990774675	4.615738658049327e-11	5.371069101619819e-11	7.121104884879033e-10	2.459094882359875e-12	2.980625142017633e-11	2.6659218530298986e-12
KX369547	0.0	0.0	0.0	0.0	0.0	0.0	1.0	0.0	0.0	0.0
KX447512	0.0	0.0	0.0	0.0	0.0	0.0	1.0	0.0	0.0	0.0
KX447510	0.0	0.0	0.0	0.0	0.0	0.0	1.0	0.0	0.0	0.0
node_51	8.490908320401766e-13	0.00013148679220034538	1.1224521173580439e-05	1.493377058550676e-05	1.4701036240761697e-05	0.00015670452268352282	0.004233110033047902	0.9954274970003226	9.493232064662544e-06	8.490908320401766e-07
KY241673	0.0	0.0	0.0	0.0	0.0	0.0	0.0	0.0	1.0	0.0
KY241766	0.0	0.0	0.0	0.0	0.0	0.0	0.0	0.0	1.0	0.0
KY241778	0.0	0.0	0.0	0.0	0.0	0.0	0.0	0.0	1.0	0.0
KY241776	0.0	0.0	0.0	0.0	0.0	0.0	0.0	0.0	1.0	0.0
KY241690	0.0	0.0	0.0	0.0	0.0	0.0	0.0	0.0	1.0	0.0
NODE_0000446	0.0	0.0	0.0	0.0	0.0	0.0	0.0	0.0	1.0	0.0
KY241759	0.0	0.0	0.0	0.0	0.0	0.0	0.0	0.0	1.0	0.0
NODE_0000448	4.586200201264962e-17	6.946684418453949e-10	6.062708407967081e-10	8.066187865945578e-10	7.940480902871718e-10	9.239880068825323e-10	1.0179153772826101e-10	4.230394612501557e-11	0.9999999959844483	4.586200201264962e-11
KY241738	0.0	0.0	0.0	0.0	0.0	0.0	0.0	0.0	1.0	0.0
NODE_0000452	4.701487472263757e-16	7.121309217622662e-09	6.215111939549325e-09	8.268954589075538e-09	8.140087621622816e-09	9.472150905409653e-09	1.0435035942824375e-09	4.3367376914602096e-10	0.9999999588350591	4.701487472263756e-10
KY241749	0.0	0.0	0.0	0.0	0.0	0.0	0.0	0.0	1.0	0.0
KY241697	0.0	0.0	0.0	0.0	0.0	0.0	0.0	0.0	1.0	0.0
KY241706	0.0	0.0	0.0	0.0	0.0	0.0	0.0	0.0	1.0	0.0
KY241671	0.0	0.0	0.0	0.0	0.0	0.0	0.0	0.0	1.0	0.0
KY241721	0.0	0.0	0.0	0.0	0.0	0.0	0.0	0.0	1.0	0.0
KY241716	0.0	0.0	0.0	0.0	0.0	0.0	0.0	0.0	1.0	0.0
KY241783	0.0	0.0	0.0	0.0	0.0	0.0	0.0	0.0	1.0	0.0
node_138	1.2925587134370102e-15	1.957829375196744e-08	1.7086926509628264e-08	2.2733463330868425e-08	2.2379175198361677e-08	2.604135661321327e-08	2.868857295164001e-09	1.1922797038292582e-09	0.9999998868270876	1.2925587134370103e-09
KU963796	0.0	0.0	0.0	1.0	0.0	0.0	0.0	0.0	0.0	0.0
KU820899	0.0	0.0	0.0	1.0	0.0	0.0	0.0	0.0	0.0	0.0
node_55	5.7275172141605164e-15	8.675429078970767e-08	7.571467717761109e-08	0.999999535211672	9.916540723051418e-08	1.1539307014198577e-07	1.2713875963976083e-08	5.283166216579811e-09	6.403631745466835e-08	5.7275172141605165e-09
node_69	1.4621890065631724e-14	2.214767158643762e-07	1.93293471612567e-07	0.999998813374419	2.5316129635599954e-07	2.945892125440167e-07	3.251592217422687e-08	1.34874977636557e-08	1.6347955999418043e-07	1.4621890065631726e-08
node_57	5.357767571685775e-12	0.0021403841690813626	7.082678705529125e-05	9.423217015988319e-05	9.276361523263207e-05	0.002531230099237601	0.001549938737338386	0.9934553643052028	5.9902343762590615e-05	5.357767571685776e-06
node_56	1.6556949132477582e-34	1.5739017053299613e-26	2.1891324319336043e-27	2.9120286147266166e-27	2.3576523096703057e-26	1.890606335686151e-26	4.723055371778231e-25	1.0	4.6031089618214596e-26	1.6556949132477589e-28
KY241686	0.0	0.0	0.0	0.0	0.0	0.0	0.0	0.0	1.0	0.0
KY241694	0.0	0.0	0.0	0.0	0.0	0.0	0.0	0.0	1.0	0.0
KY241774	0.0	0.0	0.0	0.0	0.0	0.0	0.0	0.0	1.0	0.0
NODE_0000449	6.306896776307871e-18	9.553011129494769e-11	8.337376136208739e-11	1.1092541105116648e-10	1.0919670143235981e-10	1.2706590916696666e-10	1.3998270746591428e-11	5.817596479267787e-12	0.9999999994477853	6.30689677630787e-12
KY241773	0.0	0.0	0.0	0.0	0.0	0.0	0.0	0.0	1.0	0.0
NODE_0000453	8.810791108269099e-17	1.3345641842932157e-09	1.1647388903391344e-09	1.5496378964725323e-09	1.525487668748213e-09	1.7751220962709916e-09	1.955570921796716e-10	8.127234224536814e-11	0.9999999922855117	8.810791108269098e-11
KY241698	0.0	0.0	0.0	0.0	0.0	0.0	0.0	0.0	1.0	0.0
KY241740	0.0	0.0	0.0	0.0	0.0	0.0	0.0	0.0	1.0	0.0
KU997667	0.0	0.0	0.0	1.0	0.0	0.0	0.0	0.0	0.0	0.0
KX013000	0.0	0.0	0.0	1.0	0.0	0.0	0.0	0.0	0.0	0.0
MF099651	0.0	0.0	0.0	1.0	0.0	0.0	0.0	0.0	0.0	0.0
MF036115	0.0	0.0	0.0	1.0	0.0	0.0	0.0	0.0	0.0	0.0
KX051563	0.0	0.0	0.0	0.0	0.0	1.0	0.0	0.0	0.0	0.0
node_64	3.6050158617660937e-12	0.004247232136046505	4.765635824174366e-05	6.340485352710662e-05	6.241672484556563e-05	0.0008734725992617519	0.0005162914855527908	0.9941456150620236	4.03057610341909e-05	3.6050158617660926e-06
KU729218	0.0	0.0	0.0	0.0	0.0	0.0	0.0	1.0	0.0	0.0
KY241788	0.0	0.0	0.0	0.0	0.0	0.0	0.0	0.0	1.0	0.0
node_83	3.1869086965876612e-15	4.827187652975699e-08	4.212920784595544e-08	5.6051203894678576e-08	5.517767767196545e-08	6.420708397911733e-08	7.073401129234398e-09	0.9999996882715093	3.563112765321343e-08	3.186908696587661e-09
node_86	1.0967844292667355e-15	1.661291476784783e-08	1.4498896448543086e-08	1.929019420580299e-08	1.8989567469726814e-08	2.2097065420267682e-08	2.4343327528676295e-09	0.9999998927176811	1.2262562165368566e-08	1.0967844292667353e-09
node_80	4.398992346013399e-13	6.6631220282361135e-06	5.815229757175064e-06	7.736927549306251e-06	0.00022807044327851042	8.862709850658803e-06	9.763642573476144e-07	0.9997365170247093	4.918278894972444e-06	4.3989923460134e-07
node_94	3.013973464759561e-16	4.565243902676566e-09	3.984309769370179e-09	5.3009626974025275e-09	5.2183502002560595e-09	6.072293428734107e-09	6.689568274089516e-10	0.9999999705187226	3.3697630993079173e-09	3.013973464759561e-10
node_85	5.179234583691796e-19	7.844949326923422e-12	6.846667759667659e-12	9.109214016068827e-12	8.967252083049923e-12	1.043467452389566e-11	1.1495404243015062e-12	0.9999999999493392	5.79062615741254e-12	5.179234583691795e-13
node_84	9.316258852082795e-18	1.4111270285897008e-10	1.2315589898962843e-10	1.6385393312754155e-10	1.613003627901745e-10	1.876959371717669e-10	2.0677603959950716e-11	0.999999999088727	1.04160125065513e-10	9.316258852082794e-12
node_82	5.6948188781056704e-18	8.625901144817583e-11	1.1469493578673061e-10	1.0016021306846546e-10	9.859927295463241e-11	1.1473429230774818e-10	1.2639752850876822e-11	0.9999999994035469	6.367073478602605e-11	5.69481887810567e-12
KY241775	0.0	0.0	0.0	0.0	0.0	0.0	0.0	0.0	1.0	0.0
NODE_0000450	1.132428755705372e-19	1.7152816813574635e-12	1.497009514923705e-12	1.991710498333475e-12	1.9606708198349284e-12	2.2815196524392223e-12	2.5134459760207787e-13	1.0445729137285596e-13	0.9999999999900848	1.132428755705372e-13
KY241782	0.0	0.0	0.0	0.0	0.0	0.0	0.0	0.0	1.0	0.0
NODE_0000454	1.5927165393194206e-17	2.412476272547462e-10	2.1054850487723424e-10	2.801262539695858e-10	2.7576064517779934e-10	3.208867725156626e-10	3.535062984338122e-11	1.4691507504012977e-11	0.999999998605461	1.592716539319421e-11
KU509998	0.0	1.0	0.0	0.0	0.0	0.0	0.0	0.0	0.0	0.0
node_74	8.234536681294167e-21	3.931304176334916e-12	1.0885611744473258e-13	1.4482865323240507e-13	1.4257158081275696e-13	8.930038406083419e-13	4.797641828347586e-13	0.9999999999941993	9.206596598466138e-14	8.234536681294166e-15
KX197205	0.0	0.0	0.0	0.0	0.0	0.0	0.0	1.0	0.0	0.0
KY559021	0.0	0.0	0.0	0.0	0.0	0.0	0.0	1.0	0.0	0.0
KY014313	0.0	0.0	0.0	0.0	0.0	0.0	0.0	1.0	0.0	0.0
node_100	1.5345853379338378e-27	2.324425360426387e-20	2.028638747272379e-20	2.6990216494879046e-20	2.6569589278570152e-20	3.0917500012266133e-20	3.40603973809175e-21	1.0	1.7157380796386495e-20	1.5345853379338376e-21
node_92	1.7966857863565758e-12	2.7214270221998607e-05	2.37512135218487e-05	3.160002715282473e-05	0.9989525692418768	3.619807347860427e-05	3.987776394002639e-06	0.0009027949235490815	2.008778622209405e-05	1.7966857863565759e-06
node_93	9.323818002813497e-16	1.412271998566051e-08	1.2325582687040315e-08	1.6398688312349606e-08	2.9251088606108024e-07	1.8784823241207196e-08	2.0694381630855395e-09	0.9999996324310149	1.0424463990113531e-08	9.323818002813496e-10
node_108	9.625688276486707e-16	1.4579960715348179e-08	1.2724638848131824e-08	1.6929616364273927e-08	1.66657778950333e-08	1.9393005396952295e-08	2.1364388128678397e-09	0.9999999058460233	1.0761969054738615e-08	9.625688276486705e-10
node_107	4.764644364671835e-28	7.216972507744223e-21	6.298601932532605e-21	8.380034641588806e-21	8.249436554517798e-21	9.599393957557571e-21	1.0575213800620107e-21	1.0	5.3270949293766956e-21	4.764644364671835e-22
KY559003	0.0	0.0	0.0	0.0	0.0	0.0	0.0	1.0	0.0	0.0
KY785429	0.0	0.0	0.0	0.0	0.0	0.0	0.0	1.0	0.0	0.0
node_115	2.736382907067611e-23	4.1447794839412607e-16	3.6173500785073446e-16	4.812737698516023e-16	5.586276760352823e-16	5.51302794778007e-16	6.073451042257476e-17	0.9999999999999974	3.059403891118518e-16	2.7363829070676106e-17
node_97	1.6386398986587345e-15	2.482036054234721e-08	2.166193243916496e-08	2.882032333339857e-08	2.8371174939979946e-08	3.30139014328739e-08	3.636990705755667e-09	0.9999998397159157	1.8320759383309208e-08	1.6386398986587345e-09
node_98	7.393094108063741e-17	1.1198288972263971e-09	9.773270211249635e-10	1.3002939991508074e-09	1.2800303435748542e-09	1.4894967489035155e-09	1.6409105246255615e-10	0.9999999927684187	8.265824502556262e-10	7.39309410806374e-11
node_95	7.2100361773907545e-22	1.092098987665504e-14	9.531704252560586e-15	1.268097854453585e-14	1.2483352680459634e-14	1.4526158180492716e-14	1.60028048790929e-15	0.9999999999999294	8.061157186460065e-15	7.210036177390756e-16
node_96	1.6611743386286859e-16	2.5161688081790627e-09	2.2126122826225637e-07	2.9216658029387992e-09	2.8761332984511745e-09	3.346790586705247e-09	3.6870063002723186e-10	0.9999997646859247	1.8572704946739601e-09	1.661174338628686e-10
KY241693	0.0	0.0	0.0	0.0	0.0	0.0	0.0	0.0	1.0	0.0
KY241692	0.0	0.0	0.0	0.0	0.0	0.0	0.0	0.0	1.0	0.0
KY241744	0.0	0.0	0.0	0.0	0.0	0.0	0.0	0.0	1.0	0.0
NODE_0000455	0.0	0.0	0.0	0.0	0.0	0.0	0.0	0.0	1.0	0.0
MF352141	0.0	0.0	0.0	0.0	0.0	0.0	0.0	1.0	0.0	0.0
KR872956	0.0	0.0	0.0	0.0	0.0	0.0	0.0	1.0	0.0	0.0
NODE_0000462	0.0	0.0	0.0	0.0	0.0	0.0	0.0	1.0	0.0	0.0
KY014317	0.0	0.0	0.0	0.0	0.0	0.0	0.0	1.0	0.0	0.0
KY785427	0.0	0.0	0.0	0.0	0.0	0.0	0.0	1.0	0.0	0.0
KY014309	0.0	0.0	0.0	0.0	0.0	0.0	0.0	1.0	0.0	0.0
KY559031	0.0	0.0	0.0	0.0	0.0	0.0	0.0	1.0	0.0	0.0
node_155	3.0427555018898113e-18	4.608839847050936e-11	4.022358064440215e-11	5.3515844122141016e-11	5.2681830043528934e-11	6.130280991323861e-11	6.753450522789256e-12	0.9999999997023717	3.4019427610662075e-11	3.042755501889811e-12
node_174	4.837714050279212e-16	7.327650634340199e-09	6.39519610153054e-09	8.508549269286942e-09	8.375948354631577e-09	9.746608449304511e-09	1.0737393281080727e-09	0.9999999526797457	5.408790250558765e-09	4.837714050279211e-10
KY003154	0.0	0.0	0.0	0.0	1.0	0.0	0.0	0.0	0.0	0.0
KY003153	0.0	0.0	0.0	0.0	1.0	0.0	0.0	0.0	0.0	0.0
KX101060	0.0	0.0	0.0	0.0	0.0	0.0	0.0	1.0	0.0	0.0
node_106	2.6773445889491815e-20	4.0553545686373233e-13	3.539304617790189e-13	4.708901375561485e-13	5.10929642644061e-13	5.394082643401735e-13	5.942414434119269e-14	0.9999999999973337	2.993396294115151e-13	2.677344588949181e-14
KY559007	0.0	0.0	0.0	0.0	0.0	0.0	0.0	1.0	0.0	0.0
KY559005	0.0	0.0	0.0	0.0	0.0	0.0	0.0	1.0	0.0	0.0
KY559017	0.0	0.0	0.0	0.0	0.0	0.0	0.0	1.0	0.0	0.0
KY559006	0.0	0.0	0.0	0.0	0.0	0.0	0.0	1.0	0.0	0.0
KY559011	0.0	0.0	0.0	0.0	0.0	0.0	0.0	1.0	0.0	0.0
KY559010	0.0	0.0	0.0	0.0	0.0	0.0	0.0	1.0	0.0	0.0
KY559009	0.0	0.0	0.0	0.0	0.0	0.0	0.0	1.0	0.0	0.0
node_146	1.0826906312890186e-16	1.6399437024809837e-09	1.4312584068468343e-09	1.9042313133795725e-09	1.874554948363862e-09	2.1813115751013295e-09	2.4030513149533497e-10	0.9999999894096271	1.210498692155931e-09	1.0826906312890187e-10
KU497555	0.0	0.0	0.0	0.0	0.0	0.0	0.0	1.0	0.0	0.0
node_134	2.5588949796977278e-15	3.8759397984901146e-08	3.382720646220188e-08	4.500572746426074e-08	4.4304338727897266e-08	5.155440600827844e-08	5.679513397533655e-09	0.9999997497008715	2.8609640988586377e-08	2.5588949796977274e-09
node_173	1.8742550698399385e-15	2.838920657295836e-08	2.477663746004672e-08	3.296431215074308e-08	8.389321036769355e-07	3.7760872407908094e-08	4.159942812818657e-09	0.9999990101876212	2.0955047039676737e-08	1.8742550698399388e-09
node_153	4.496887047766193e-22	6.811402442312232e-15	5.944641254017479e-15	7.9091043014683e-15	7.785845397649497e-15	9.059939641193434e-15	9.98092162344256e-16	0.9999999999999561	5.0277297436416196e-15	4.496887047766192e-16
node_112	4.727039067608855e-20	7.160012035088305e-13	6.248889765448196e-13	8.31389461770127e-13	8.184327285390592e-13	9.523630052894477e-13	1.049174816792241e-13	0.9999999999953763	5.285050450928889e-13	4.7270390676088546e-14
node_113	4.89443323398408e-20	7.413562773448598e-13	6.470175792091298e-13	8.608306709278409e-13	8.47415113149918e-13	9.86088136196325e-13	1.0863282528707069e-13	0.9999999999952126	5.472204946974076e-13	4.89443323398408e-14
KU527068	0.0	0.0	0.0	0.0	0.0	0.0	0.0	1.0	0.0	0.0
node_114	1.6526073572645646e-20	1.4878912444845089e-12	2.1846574681132822e-13	2.908969859779719e-13	6.641810628663897e-13	3.329530572557913e-13	3.6679917311633925e-14	0.9999999999967678	1.8476922093934772e-13	1.652607357264565e-14
MH513600	0.0	0.0	0.0	0.0	0.0	0.0	0.0	1.0	0.0	0.0
KY441401	0.0	0.0	0.0	0.0	0.0	0.0	0.0	1.0	0.0	0.0
node_127	3.36113885985466e-15	5.0910928266002e-08	4.4432436290866055e-08	5.9115556010049294e-08	5.819427359759522e-08	6.771732283113014e-08	7.46010810798125e-09	0.9999996712291305	3.757910225162406e-08	3.3611388598546608e-09
node_147	1.387162085296591e-16	2.1011244324700188e-09	1.8337531875350309e-09	2.439735123370867e-09	2.401712433846044e-09	2.7947343643278246e-09	3.0788311792785473e-10	0.9999999864314291	1.5509119978812999e-09	1.3871620852965912e-10
KY785410	0.0	0.0	0.0	0.0	0.0	0.0	0.0	1.0	0.0	0.0
node_110	1.0790337391919723e-25	1.634404634355804e-18	1.6684440093730173e-18	1.8977995883423336e-18	1.8682234581135127e-18	2.173943984739264e-18	2.394934777219956e-19	1.0	1.2064101159986222e-18	1.0790337391919722e-19
node_130	7.080597597796859e-36	7.628362406165381e-27	1.0	2.92797160000664e-27	1.2259244590049502e-28	3.5855361296810745e-27	1.5715513625331454e-29	9.343976784213868e-27	8.22994711147242e-28	7.080597597796855e-30
KY241734	0.0	0.0	0.0	0.0	0.0	0.0	0.0	0.0	1.0	0.0
KY241707	0.0	0.0	0.0	0.0	0.0	0.0	0.0	0.0	1.0	0.0
MF783073	0.0	1.0	0.0	0.0	0.0	0.0	0.0	0.0	0.0	0.0
KU321639	0.0	0.0	0.0	0.0	0.0	0.0	0.0	1.0	0.0	0.0
KY014296	0.0	0.0	0.0	0.0	0.0	0.0	0.0	1.0	0.0	0.0
KY014320	0.0	0.0	0.0	0.0	0.0	0.0	0.0	1.0	0.0	0.0
KY014301	0.0	0.0	0.0	0.0	0.0	0.0	0.0	1.0	0.0	0.0
KY785479	0.0	0.0	0.0	0.0	0.0	0.0	0.0	1.0	0.0	0.0
KU940228	0.0	0.0	0.0	0.0	0.0	0.0	0.0	1.0	0.0	0.0
node_143	1.532924615079577e-16	2.321909875478329e-09	2.026443361556541e-09	2.6961007777536e-09	2.654083607173307e-09	3.088404120251619e-09	3.4023537338691465e-10	0.9999999850056489	1.7138813139245852e-09	1.532924615079577e-10
node_123	1.923980514230014e-17	2.9142394298278246e-10	2.5433980917731925e-10	3.383888098456187e-10	3.331152567689922e-10	3.876269771506894e-10	4.270309330339869e-11	0.9999999981180523	2.1511000731909165e-10	1.923980514230014e-11
KY559013	0.0	0.0	0.0	0.0	0.0	0.0	0.0	1.0	0.0	0.0
node_161	1.2248280385200884e-16	1.8552382096460178e-09	1.6191563650887718e-09	2.1542219328880702e-09	2.120649605851931e-09	2.467677747198796e-09	2.7185278448869546e-10	0.9999999880193053	1.36941495187714e-09	1.2248280385200885e-10
KY014307	0.0	0.0	0.0	0.0	0.0	0.0	0.0	1.0	0.0	0.0
KY785433	0.0	0.0	0.0	0.0	0.0	0.0	0.0	1.0	0.0	0.0
KU991811	0.0	0.0	0.0	0.0	1.0	0.0	0.0	0.0	0.0	0.0
KY559001	0.0	0.0	0.0	0.0	0.0	0.0	0.0	1.0	0.0	0.0
KY558995	0.0	0.0	0.0	0.0	0.0	0.0	0.0	1.0	0.0	0.0
KY559015	0.0	0.0	0.0	0.0	0.0	0.0	0.0	1.0	0.0	0.0
KY558999	0.0	0.0	0.0	0.0	0.0	0.0	0.0	1.0	0.0	0.0
node_188	1.2952491551054758e-16	1.96190456781741e-09	1.712249269210772e-09	2.27807826954575e-09	2.242575711749126e-09	2.6095561308293827e-09	2.874828778801496e-10	0.9999999873304791	1.4481490491929001e-09	1.2952491551054757e-10
node_187	1.5199195474248972e-16	2.30221192628835e-09	2.0092513823441647e-09	2.6732275244483805e-09	2.6315667896268437e-09	3.0622026496567193e-09	3.373488752474204e-10	0.9999999851328579	1.69934104089327e-09	1.5199195474248969e-10
KX879604	0.0	0.0	0.0	0.0	0.0	0.0	0.0	1.0	0.0	0.0
MF794971	0.0	0.0	0.0	0.0	0.0	0.0	0.0	1.0	0.0	0.0
KX879603	0.0	0.0	0.0	0.0	0.0	0.0	0.0	1.0	0.0	0.0
KX811222	0.0	0.0	0.0	0.0	0.0	0.0	0.0	1.0	0.0	0.0
KX280026	0.0	0.0	0.0	0.0	0.0	0.0	0.0	1.0	0.0	0.0
MH513599	0.0	0.0	0.0	0.0	0.0	0.0	0.0	1.0	0.0	0.0
MF073359	0.0	0.0	0.0	0.0	0.0	0.0	0.0	1.0	0.0	0.0
node_152	3.974646917276692e-18	6.020375633528878e-11	5.254268070859051e-11	1.1442780750440905e-09	6.88164837169142e-11	8.007775330312313e-11	8.821800267788014e-12	0.9999999985368462	4.443840886862432e-11	3.974646917276693e-12
node_151	1.3365589530097457e-15	1.3294539061820147e-06	1.7668585858770095e-08	2.3507337543245208e-08	4.2307556821232116e-07	2.6927835438406117e-08	2.9665166176960886e-09	0.9999981601203364	1.4943353325976153e-08	1.3365589530097457e-09
KY693680	0.0	0.0	0.0	0.0	0.0	0.0	0.0	1.0	0.0	0.0
KY631492	0.0	0.0	0.0	0.0	0.0	0.0	0.0	1.0	0.0	0.0
node_163	2.4794840089282306e-20	3.755656572925026e-13	3.277743641501496e-13	4.360905095540999e-13	4.2929428629042433e-13	4.995450235414498e-13	5.503259320686081e-14	0.9999999999975746	2.772178924699642e-13	2.4794840089282312e-14
node_162	1.3833049411582695e-19	2.099615014525216e-12	1.828654251776771e-12	2.7484223699711158e-12	2.395034230098742e-12	2.7869633426736706e-12	3.070270178540486e-13	0.9999999999861493	1.546599530589201e-12	1.3833049411582692e-13
KY559025	0.0	0.0	0.0	0.0	0.0	0.0	0.0	1.0	0.0	0.0
KY272991	0.0	0.0	0.0	0.0	0.0	0.0	0.0	1.0	0.0	0.0
KU926309	0.0	0.0	0.0	0.0	0.0	0.0	0.0	1.0	0.0	0.0
KY785437	0.0	0.0	0.0	0.0	0.0	0.0	0.0	1.0	0.0	0.0
KY014308	0.0	0.0	0.0	0.0	0.0	0.0	0.0	1.0	0.0	0.0
KY559032	0.0	0.0	0.0	0.0	0.0	0.0	0.0	1.0	0.0	0.0
MF801397	0.0	0.0	1.0	0.0	0.0	0.0	0.0	0.0	0.0	0.0
MF593625	0.0	0.0	0.0	1.0	0.0	0.0	0.0	0.0	0.0	0.0
MF801383	0.0	0.0	1.0	0.0	0.0	0.0	0.0	0.0	0.0	0.0
MF801378	0.0	0.0	1.0	0.0	0.0	0.0	0.0	0.0	0.0	0.0
node_213	2.2017795978801078e-13	3.33501970133028e-06	0.9999811707599214	3.872479851840859e-06	3.8121294496645315e-06	4.4359553725516224e-06	4.88688938928377e-07	2.0309616109254807e-07	2.4616924231405925e-06	2.2017795978801075e-07
node_150	2.8475141270427564e-14	4.3131091425532394e-07	0.9999975648549393	5.008194778179489e-07	4.930144903007938e-07	5.736925531707907e-07	6.320108782313558e-08	2.6265989039774588e-08	3.183653785363419e-07	2.8475141270427564e-08
node_185	1.1019505469869828e-13	1.6691165580931052e-06	0.999990576308626	1.9381055647171404e-06	1.9079012887064454e-06	2.220114789827061e-06	2.445799043996485e-07	1.0164592587848855e-07	1.2320321774283231e-06	1.1019505469869827e-07
node_246	6.443512952321337e-12	9.759942667494297e-05	0.9965971044273374	0.00011332821008498921	0.00011156205420601123	0.0029816757715588277	1.4301492804606466e-05	5.9436137287608465e-06	7.204148420854533e-05	6.443512952321336e-06
node_286	1.0903010210558146e-15	1.6514711050563847e-08	0.9999999067593336	1.9176164319740722e-08	1.8877314674765665e-08	2.1966443311163895e-08	2.419942711819539e-09	1.005713523846446e-09	1.2190074633536052e-08	1.0903010210558148e-09
node_214	1.4443560099362415e-10	0.6931931021501484	0.22393598251038732	0.002540326721506808	0.002500737170323132	0.007277035238933464	0.00032057741229419873	0.00013323002954130118	0.06995457302143622	0.0001444356009936242
node_200	6.238774106155763e-15	9.449826211584163e-08	0.9999994664707788	1.0972727265497264e-07	1.0801723534353479e-07	1.2569343244429762e-07	1.3847071255844698e-08	5.754758887328121e-09	6.975240828644304e-08	6.238774106155763e-09
node_212	2.110167864654966e-17	3.1962560687337097e-10	0.9999999981954206	3.711353555890006e-10	3.653514215651727e-10	4.251383964686774e-10	4.6835555008860005e-11	1.9464572793067535e-11	2.3592662267273633e-10	2.110167864654966e-11
node_265	9.976517324082093e-15	1.5111358947331098e-07	0.9999991468254134	1.754665288307976e-07	1.7273198249651804e-07	2.009982546196984e-07	2.214305950514002e-08	9.202521322048805e-09	1.1154212315196977e-07	9.976517324082094e-09
node_182	1.7092875085288114e-19	2.5890454801515253e-12	0.9999999999111897	3.0062870253471727e-12	2.9594357471020637e-12	7.763647071573231e-11	3.7937943455862604e-13	1.5766779359745474e-13	1.911063265717188e-12	1.7092875085288114e-13
node_263	8.241062951028313e-15	1.2482678705917897e-07	0.9999992952384837	1.4494343696497034e-07	1.4268457570791065e-07	1.6603381877254343e-07	1.8291187333453004e-08	7.601706593554397e-09	9.213893272834173e-08	8.241062951028316e-09
KX520666	0.0	0.0	0.0	0.0	0.0	0.0	0.0	1.0	0.0	0.0
KU940224	0.0	0.0	0.0	0.0	0.0	0.0	0.0	1.0	0.0	0.0
KU940227	0.0	0.0	0.0	0.0	0.0	0.0	0.0	1.0	0.0	0.0
node_144	6.763080750790029e-17	1.0243989710545273e-09	8.940426656530549e-10	1.1894875385812004e-09	1.1709500500502088e-09	1.3625670989209118e-09	1.5010779276784263e-10	0.999999993384671	7.561440144752565e-10	6.763080750790029e-11
KY559019	0.0	0.0	0.0	0.0	0.0	0.0	0.0	1.0	0.0	0.0
node_178	1.3744499645995963e-18	2.081869463612843e-11	1.816948452099771e-11	2.4173762897975333e-11	2.3797028513595132e-11	2.7691230814561144e-11	3.050616398921218e-12	0.9999999998655577	1.536699253230577e-11	1.3744499645995963e-12
KY785455	0.0	0.0	0.0	0.0	0.0	0.0	0.0	1.0	0.0	0.0
KY785480	0.0	0.0	0.0	0.0	0.0	0.0	0.0	1.0	0.0	0.0
KY558996	0.0	0.0	0.0	0.0	0.0	0.0	0.0	1.0	0.0	0.0
node_203	2.719436774597308e-17	4.1311939935004147e-10	3.595215902780356e-10	4.782932918500322e-10	4.708393621652418e-10	5.479158379401005e-10	6.035838796672924e-11	0.9999999973387119	3.040457323558419e-10	2.7194367745973076e-11
KY785426	0.0	0.0	0.0	0.0	0.0	0.0	0.0	1.0	0.0	0.0
MF073358	0.0	0.0	0.0	0.0	0.0	0.0	0.0	1.0	0.0	0.0
node_169	1.1067790677620234e-12	1.6764302837421394e-05	1.46310201591985e-05	0.0008074787468622574	1.916261319957643e-05	2.229842876459411e-05	2.4565160326379465e-06	0.9991037272850779	1.2374306891677993e-05	1.1067790677620234e-06
KY558989	0.0	0.0	0.0	0.0	0.0	0.0	0.0	1.0	0.0	0.0
node_168	4.733476006348818e-13	0.000575958127307537	6.257399050020985e-06	8.325215876030026e-06	0.00018194779928896876	9.536598641128203e-06	1.0506035069144531e-06	0.9992111586610065	5.2922472490732824e-06	4.733476006348817e-07
KU365779	0.0	0.0	0.0	0.0	0.0	0.0	0.0	1.0	0.0	0.0
KU707826	0.0	0.0	0.0	0.0	0.0	0.0	0.0	1.0	0.0	0.0
node_181	5.0452736347529874e-18	7.642039642252907e-11	6.669578636683767e-11	8.873604113879486e-11	8.735314026515553e-11	1.016478157378868e-10	1.1198075509213661e-11	0.999999999506495	5.640851559938346e-11	5.045273634752988e-12
KU312312	0.0	0.0	0.0	0.0	0.0	0.0	0.0	1.0	0.0	0.0
node_195	0.0	0.0	0.0	0.0	0.0	0.0	0.0	1.0	0.0	0.0
node_194	3.800825181445043e-17	1.0923665319679957e-09	5.024485145328825e-10	3.828489709627041e-08	6.580693917394615e-10	7.657597233681625e-10	8.435999801074437e-11	0.9999999581491404	4.2495000679694337e-10	3.8008251814450424e-11
KX906952	0.0	0.0	1.0	0.0	0.0	0.0	0.0	0.0	0.0	0.0
KX262887	0.0	0.0	1.0	0.0	0.0	0.0	0.0	0.0	0.0	0.0
MF801406	0.0	0.0	1.0	0.0	0.0	0.0	0.0	0.0	0.0	0.0
node_167	1.681334678082799e-13	2.5467055291704406e-06	0.9999856215152795	2.957123715446251e-06	2.911038619502498e-06	3.3874078974479035e-06	3.731752536025217e-07	1.5508937359541545e-07	1.879810695759444e-06	1.681334678082799e-07
MF801408	0.0	0.0	1.0	0.0	0.0	0.0	0.0	0.0	0.0	0.0
node_201	5.961614051529263e-14	9.030013872741933e-07	0.9999949017302938	1.048525943342651e-06	1.0321852611973428e-06	1.2010945103870706e-06	1.32319095333037e-07	5.499101403913162e-08	6.665362942988447e-07	5.961614051529261e-08
MF801426	0.0	0.0	1.0	0.0	0.0	0.0	0.0	0.0	0.0	0.0
node_266	0.0	0.0	0.0	0.0	0.0	1.0	0.0	0.0	0.0	0.0
KY606271	0.0	0.0	1.0	0.0	0.0	0.0	0.0	0.0	0.0	0.0
MF801402	0.0	0.0	1.0	0.0	0.0	0.0	0.0	0.0	0.0	0.0
node_317	1.0397972803579596e-13	1.5749734527117129e-06	0.9999911078326623	1.8287906846180059e-06	1.8002900190146577e-06	2.0948937562185636e-06	2.3078487516551726e-07	9.591279533995971e-08	1.162541922508432e-06	1.0397972803579592e-07
MF988734	0.0	0.0	0.0	0.0	0.0	0.0	0.0	0.0	1.0	0.0
node_231	1.0917272012927466e-11	0.9773921573620069	0.012011047974038578	0.00019201247912294358	0.00018902007353755758	0.006395908724708918	2.423108144487632e-05	1.007029058477732e-05	0.003774634731625303	1.091727201292747e-05
node_215	6.512937763468916e-14	9.865099928993695e-07	0.9999944302477466	1.1454925047725057e-06	1.1276406537628415e-06	1.312170450247195e-06	1.4455582420695557e-07	6.00765243927585e-08	7.281768602159013e-07	6.512937763468915e-08
node_216	6.847502967201572e-14	1.0371863433797839e-06	0.9999941441333442	1.2043356792586875e-06	1.1855667907481346e-06	1.3795757579535443e-06	1.5198155903399668e-07	6.316261477976503e-08	7.655828125586399e-07	6.847502967201573e-08
MF801403	0.0	0.0	1.0	0.0	0.0	0.0	0.0	0.0	0.0	0.0
MF801381	0.0	0.0	1.0	0.0	0.0	0.0	0.0	0.0	0.0	0.0
node_247	1.84659273048798e-15	2.7970207110830137e-08	0.9999998420825685	3.2477788195764203e-08	3.197164028682667e-08	3.7203555485797404e-08	4.098545753461759e-09	1.7033307740002809e-09	2.0645769166202827e-08	1.8465927304879798e-09
node_248	3.377662789009232e-14	5.116121503097584e-07	0.9999971114809303	5.940617811766591e-07	5.84803665244938e-07	6.805023268450263e-07	7.496783265718426e-08	3.115617687498792e-08	3.776384749696779e-07	3.3776627890092306e-08
node_288	2.474263354338662e-13	3.7477488850127456e-06	0.9999788405257453	4.3517230321553694e-06	4.283903896821271e-06	4.9849321114400874e-06	5.491671983995597e-07	2.2823055917221582e-07	2.7663419890411644e-06	2.4742633543386624e-07
node_287	5.64551251900407e-15	8.551217157754107e-08	0.9999995172054883	9.929301508746676e-08	9.774558976232781e-08	1.1374091036902787e-07	1.2530316500685447e-08	5.207523591887156e-09	6.311946666304987e-08	5.64551251900407e-09
MF801387	0.0	0.0	1.0	0.0	0.0	0.0	0.0	0.0	0.0	0.0
MF801389	0.0	0.0	1.0	0.0	0.0	0.0	0.0	0.0	0.0	0.0
node_225	6.5598940499664085e-12	9.936224278007201e-05	0.9956486769856635	0.00011537511548914312	0.00011357705975036373	0.003922495247955916	1.4559802742505105e-05	6.050965773344276e-06	7.334267923526598e-05	6.559894049966408e-06
node_197	2.8818642154567093e-15	4.365138974110071e-08	0.9999997535479086	5.0686095560346634e-08	4.989618150815071e-08	5.806133625987098e-08	6.39634942091005e-09	2.658284051286392e-09	3.222058788509171e-08	2.881864215456709e-09
node_226	2.2771546437059584e-14	3.44918974044769e-07	0.9999980526148796	4.0050491365109607e-07	3.9426327172210077e-07	4.587831215055321e-07	5.0541856581827e-08	2.1004889263032066e-08	2.545965244717294e-07	2.2771546437059585e-08
node_284	5.077713591426657e-14	7.691176211018077e-07	0.9999956576267509	8.930659360796262e-07	8.791480099768946e-07	1.0230138796750717e-06	1.1270076576082486e-07	4.6837755174910295e-08	5.677120946586977e-07	5.0777135914266563e-08
node_285	2.0718668970900463e-24	3.1382418689782013e-17	0.9999999999999988	3.643989989916388e-17	1.220007112486569e-15	4.3807696280218123e-17	4.598545815006214e-18	1.9111277690957635e-18	2.3164439561675424e-17	2.071866897090046e-18
KX101066	0.0	0.0	0.0	0.0	0.0	0.0	0.0	1.0	0.0	0.0
KX101061	0.0	0.0	0.0	0.0	0.0	0.0	0.0	1.0	0.0	0.0
KY559018	0.0	0.0	0.0	0.0	0.0	0.0	0.0	1.0	0.0	0.0
NODE_0000456	0.0	0.0	0.0	0.0	0.0	0.0	0.0	1.0	0.0	0.0
node_218	3.3274794437816676e-17	1.2750683057705978e-09	4.5695698994480655e-10	5.852355574493243e-10	5.76114993208515e-10	6.877517860835545e-10	7.385400429058725e-11	0.9999999959397158	3.720277425951259e-10	3.327479443781668e-11
node_219	1.5570135358137154e-25	1.1134526472721209e-16	7.269737464561276e-15	2.7384682609864163e-18	2.6957907862878515e-18	3.1369364202169274e-18	3.4558195263800323e-19	0.9999999999999926	1.740813852363018e-18	1.5570135358137154e-19
KU729217	0.0	0.0	0.0	0.0	0.0	0.0	0.0	1.0	0.0	0.0
KY120352	0.0	0.0	0.0	1.0	0.0	0.0	0.0	0.0	0.0	0.0
MF098767	0.0	0.0	0.0	0.0	1.0	0.0	0.0	0.0	0.0	0.0
node_186	9.327321461604096e-13	0.002334381156335765	1.2330214069913851e-05	1.6404850179598784e-05	0.00010008025450188756	1.8791881707395012e-05	2.070215762060753e-06	0.9975045803133439	1.0428381020668227e-05	9.327321461604094e-07
KU365777	0.0	0.0	0.0	0.0	0.0	0.0	0.0	1.0	0.0	0.0
KU365780	0.0	0.0	0.0	0.0	0.0	0.0	0.0	1.0	0.0	0.0
KY785450	0.0	0.0	0.0	0.0	0.0	0.0	0.0	1.0	0.0	0.0
KY014297	0.0	0.0	0.0	0.0	0.0	0.0	0.0	1.0	0.0	0.0
node_222	4.780166837145986e-19	7.2406308222703424e-12	6.319121800888006e-12	8.41800445252557e-12	8.276311939550563e-12	9.63066729511818e-12	1.0609666207256271e-12	0.9999999999532319	5.344449778569964e-12	4.780166837145986e-13
node_207	2.0185194182196264e-11	0.01281407045294886	0.00026683734053104696	0.965147543245799	0.000349483541691613	0.00040667385902173035	4.480140126858362e-05	0.020724725046048734	0.00022567989832304654	2.018519418219626e-05
node_223	1.7677967055344223e-17	2.3638336610384982e-08	2.3369315511485784e-10	3.2266723681333936e-10	3.0607377271894717e-10	3.595744183267112e-10	3.9236565599048626e-11	0.9999999748850924	1.9764792806041585e-10	1.7677967055344225e-11
MF801377	0.0	0.0	1.0	0.0	0.0	0.0	0.0	0.0	0.0	0.0
KY765323	0.0	0.0	1.0	0.0	0.0	0.0	0.0	0.0	0.0	0.0
MF801384	0.0	0.0	1.0	0.0	0.0	0.0	0.0	0.0	0.0	0.0
MF801386	0.0	0.0	1.0	0.0	0.0	0.0	0.0	0.0	0.0	0.0
KY325479	0.0	0.0	0.0	0.0	0.0	1.0	0.0	0.0	0.0	0.0
KY325465	0.0	0.0	0.0	0.0	0.0	1.0	0.0	0.0	0.0	0.0
MF801396	0.0	0.0	1.0	0.0	0.0	0.0	0.0	0.0	0.0	0.0
MF801418	0.0	0.0	1.0	0.0	0.0	0.0	0.0	0.0	0.0	0.0
MH063265	0.0	1.0	0.0	0.0	0.0	0.0	0.0	0.0	0.0	0.0
MF159531	0.0	0.0	0.0	0.0	0.0	1.0	0.0	0.0	0.0	0.0
node_249	1.6047013017567242e-12	0.9982642037122911	0.0008972774570730121	2.8223412848673746e-05	2.778356696661027e-05	0.0004882717265067245	3.561663379965521e-06	1.4802057136000035e-06	0.0002875935523139941	1.6047013017567244e-06
KY014306	0.0	0.0	1.0	0.0	0.0	0.0	0.0	0.0	0.0	0.0
node_232	1.062134682276091e-13	1.6088077545397558e-06	0.9999909168070468	1.8680776045957005e-06	1.8389646746264589e-06	2.139897224387214e-06	2.3574270166745164e-07	9.797323798495551e-08	1.1875161811070014e-06	1.0621346822760912e-07
MF801410	0.0	0.0	1.0	0.0	0.0	0.0	0.0	0.0	0.0	0.0
node_233	1.0478810839427738e-13	1.587217931788091e-06	0.999991038701366	1.843008441262936e-06	1.8142861999860158e-06	2.1111803055068e-06	2.3257908989989475e-07	9.6658460108896e-08	1.171579992465141e-06	1.0478810839427737e-07
KU501216	0.0	0.0	1.0	0.0	0.0	0.0	0.0	0.0	0.0	0.0
KU501217	0.0	0.0	1.0	0.0	0.0	0.0	0.0	0.0	0.0	0.0
MF801411	0.0	0.0	1.0	0.0	0.0	0.0	0.0	0.0	0.0	0.0
node_267	7.765095876716818e-14	1.1761734806019063e-06	0.9999933594236844	1.3657214990614974e-06	1.344437504080855e-06	1.5644444523813811e-06	1.7234769857634448e-07	7.162665893512538e-08	8.681739854015544e-07	7.765095876716817e-08
KY765324	0.0	0.0	1.0	0.0	0.0	0.0	0.0	0.0	0.0	0.0
MF434518	0.0	0.0	1.0	0.0	0.0	0.0	0.0	0.0	0.0	0.0
node_304	3.195687170304616e-16	4.8404843438987335e-09	0.9999999726710337	5.620559928753058e-09	5.53296669001867e-09	6.438394508585582e-09	7.092885109421514e-10	2.9477600617539964e-10	3.572927508929911e-09	3.195687170304616e-10
node_303	1.2627472073214567e-14	1.9126741015638049e-07	0.999998920120327	2.2209139929485915e-07	2.1863023079814594e-07	2.544074013532207e-07	2.802690121549106e-08	1.1647810275117675e-08	1.4118103535876427e-07	1.2627472073214566e-08
KY785431	0.0	0.0	1.0	0.0	0.0	0.0	0.0	0.0	0.0	0.0
KU870645	0.0	0.0	0.0	0.0	0.0	1.0	0.0	0.0	0.0	0.0
KY765319	0.0	0.0	1.0	0.0	0.0	0.0	0.0	0.0	0.0	0.0
KX421195	0.0	0.0	1.0	0.0	0.0	0.0	0.0	0.0	0.0	0.0
KX421194	0.0	0.0	1.0	0.0	0.0	0.0	0.0	0.0	0.0	0.0
MF434517	0.0	0.0	1.0	0.0	0.0	0.0	0.0	0.0	0.0	0.0
node_243	2.957278486001568e-17	4.4793684266268937e-10	0.9999999974709862	5.201247828960536e-10	5.12018933148448e-10	5.958069854380615e-10	6.563732749777789e-11	2.7278475482594873e-11	3.3063754651536875e-10	2.957278486001567e-11
MF801419	0.0	0.0	1.0	0.0	0.0	0.0	0.0	0.0	0.0	0.0
node_299	1.0786922157056206e-13	1.6338873311904257e-06	0.999990775209871	1.8971989184019363e-06	1.867632149273463e-06	2.1732559127153466e-06	2.394176759703921e-07	9.950053503137045e-08	1.2060282767902445e-06	1.0786922157056206e-07
MF801395	0.0	0.0	1.0	0.0	0.0	0.0	0.0	0.0	0.0	0.0
MF801393	0.0	0.0	1.0	0.0	0.0	0.0	0.0	0.0	0.0	0.0
MF801398	0.0	0.0	1.0	0.0	0.0	0.0	0.0	0.0	0.0	0.0
MF098771	0.0	0.0	0.0	0.0	1.0	0.0	0.0	0.0	0.0	0.0
node_360	9.704347991270994e-16	1.4699106018883189e-08	0.9999999170100866	1.7067962709633373e-08	1.680196819111568e-08	1.9551482196690512e-08	2.153897477936475e-09	8.951467371352401e-10	1.0849914289619218e-08	9.704347991270993e-10
node_300	3.115178108222016e-14	4.718537847328591e-07	0.9999973359533104	5.478960959852787e-07	5.39357446128847e-07	6.276191803634482e-07	6.914193799168908e-08	2.873497036254619e-08	3.482914617397211e-07	3.115178108222015e-08
node_349	1.4823296278457865e-14	2.2452740126627662e-07	0.999998732337221	2.6071145464089e-07	2.566484145037552e-07	2.9864697097142086e-07	3.2900572503783315e-08	1.3673278523385516e-08	1.6573137551906256e-07	1.4823296278457866e-08
node_315	7.875016161373763e-16	1.192823026962482e-08	0.9999994032002322	1.385054228279829e-08	1.3634689438546505e-08	5.453198877202409e-07	1.7478739904988082e-09	7.264058366499025e-10	8.804635866018735e-09	7.875016161373763e-10
KY559023	0.0	0.0	0.0	0.0	0.0	0.0	0.0	1.0	0.0	0.0
KY559024	0.0	0.0	0.0	0.0	0.0	0.0	0.0	1.0	0.0	0.0
KX548902	0.0	0.0	0.0	0.0	0.0	0.0	0.0	1.0	0.0	0.0
node_235	2.5415326026001743e-16	6.960524229820302e-07	1.8695021249863704e-08	4.470035877270293e-09	4.4003729033473595e-09	2.0705055062656695e-08	5.640977289517909e-10	0.9999992520172885	2.841552150364835e-09	2.5415326026001755e-10
KY014303	0.0	1.0	0.0	0.0	0.0	0.0	0.0	0.0	0.0	0.0
KX198135	0.0	0.0	1.0	0.0	0.0	0.0	0.0	0.0	0.0	0.0
KY785469	0.0	0.0	0.0	0.0	0.0	0.0	0.0	1.0	0.0	0.0
KY785466	0.0	0.0	0.0	0.0	0.0	0.0	0.0	1.0	0.0	0.0
node_275	1.532673325496109e-16	2.3215292489822143e-09	2.026111172087909e-09	2.6956588107874723e-09	2.6536484970904623e-09	3.0878978437019943e-09	3.401795992122303e-10	0.9999999850081069	1.7136003604339486e-09	1.5326733254961092e-10
node_294	2.512144762120279e-16	3.8051275809487055e-09	3.3209194134414756e-09	4.418348678307654e-09	4.349491220065655e-09	5.061252300132213e-09	5.575750449395746e-10	0.999999975427376	2.8086951721679815e-09	2.5121447621202793e-10
node_295	1.3725778723033298e-13	2.0790338189535363e-06	0.00019725728360344097	2.4140836624586947e-06	2.3764615377503045e-06	2.7653513515847276e-06	3.046461256423217e-07	0.9997911312758091	1.534606166608476e-06	1.3725778723033303e-07
KY559026	0.0	0.0	0.0	0.0	0.0	0.0	0.0	1.0	0.0	0.0
node_202	6.506074958819918e-14	0.9998330805023492	8.600678911666801e-07	1.1442854778404762e-06	1.14003848563177e-06	1.3107877916385492e-06	1.44403503024344e-07	0.00016152744412019043	7.274095666038523e-07	6.506074958819917e-08
MF073357	0.0	0.0	0.0	0.0	0.0	0.0	0.0	1.0	0.0	0.0
KY441403	0.0	0.0	0.0	0.0	0.0	0.0	0.0	1.0	0.0	0.0
KY441402	0.0	0.0	0.0	0.0	0.0	0.0	0.0	1.0	0.0	0.0
KU820898	0.0	0.0	0.0	1.0	0.0	0.0	0.0	0.0	0.0	0.0
node_224	1.8348904550121446e-11	0.018870197339554667	0.00024256258560697693	0.9672555509888257	0.0003176902877651714	0.0003696778814642585	4.072572342722374e-05	0.012680096947847932	0.00020514932260909922	1.8348904550121445e-05
KU365778	0.0	0.0	0.0	0.0	0.0	0.0	0.0	1.0	0.0	0.0
node_240	8.860330164078928e-19	1.3632284262488259e-11	1.1712876853546282e-11	1.5583614399228578e-11	1.5340647894438107e-11	1.7851058885512965e-11	1.966566204268462e-12	0.9999999999131207	9.906262939504641e-12	8.860330164078928e-13
node_260	6.622748605648324e-13	0.17185541743117339	8.754915157049125e-06	1.1648059912801678e-05	1.1466531446482885e-05	3.8460803009857015e-05	1.469930955850333e-06	0.8280647155105695	7.4045422523608805e-06	6.622748605648324e-07
MH063262	0.0	1.0	0.0	0.0	0.0	0.0	0.0	0.0	0.0	0.0
MH063263	0.0	1.0	0.0	0.0	0.0	0.0	0.0	0.0	0.0	0.0
KY693677	0.0	0.0	1.0	0.0	0.0	0.0	0.0	0.0	0.0	0.0
KY765325	0.0	0.0	1.0	0.0	0.0	0.0	0.0	0.0	0.0	0.0
KY785418	0.0	0.0	1.0	0.0	0.0	0.0	0.0	0.0	0.0	0.0
KY014315	0.0	0.0	1.0	0.0	0.0	0.0	0.0	0.0	0.0	0.0
MG494697	0.0	0.0	1.0	0.0	0.0	0.0	0.0	0.0	0.0	0.0
KY606273	0.0	0.0	1.0	0.0	0.0	0.0	0.0	0.0	0.0	0.0
MF801385	0.0	0.0	1.0	0.0	0.0	0.0	0.0	0.0	0.0	0.0
KY328289	0.0	0.0	1.0	0.0	0.0	0.0	0.0	0.0	0.0	0.0
node_335	5.055499596233277e-14	7.657528832467334e-07	0.9999956766237774	8.891589487999697e-07	8.75301910878068e-07	1.0185383957792817e-06	1.122077221450667e-07	4.663284923652084e-08	5.652284662470313e-07	5.055499596233278e-08
KY014310	0.0	0.0	1.0	0.0	0.0	0.0	0.0	0.0	0.0	0.0
node_318	1.8190535630806446e-16	2.7553073325277196e-09	0.999999984443767	3.199343058329446e-09	3.1494831113039143e-09	3.6648720125646967e-09	4.037422076449676e-10	1.6779281443024676e-10	2.033786841259647e-09	1.8190535630806442e-10
MF434516	0.0	0.0	1.0	0.0	0.0	0.0	0.0	0.0	0.0	0.0
KY785448	0.0	0.0	1.0	0.0	0.0	0.0	0.0	0.0	0.0	0.0
MF434522	0.0	0.0	1.0	0.0	0.0	0.0	0.0	0.0	0.0	0.0
node_283	6.074112654520545e-14	9.20041469656158e-07	0.9999948055234256	1.0683121460063252e-06	1.0516631071144404e-06	1.2237597573005619e-06	1.3481602204539579e-07	5.602872164700492e-08	6.791141635308142e-07	6.074112654520544e-08
MF801391	0.0	0.0	1.0	0.0	0.0	0.0	0.0	0.0	0.0	0.0
MF801412	0.0	0.0	1.0	0.0	0.0	0.0	0.0	0.0	0.0	0.0
KX856011	0.0	0.0	1.0	0.0	0.0	0.0	0.0	0.0	0.0	0.0
KY648934	0.0	0.0	1.0	0.0	0.0	0.0	0.0	0.0	0.0	0.0
MF801414	0.0	0.0	1.0	0.0	0.0	0.0	0.0	0.0	0.0	0.0
node_314	3.6221690591380124e-14	5.486473389709384e-07	0.9999969023833774	6.370654317524977e-07	6.271371283168495e-07	7.297633384215083e-07	8.039469326692071e-08	3.341154725238739e-08	4.049754179210025e-07	3.622169059138012e-08
KY120349	0.0	0.0	1.0	0.0	0.0	0.0	0.0	0.0	0.0	0.0
node_361	4.021978742226776e-14	6.092062237552022e-07	0.9999965604730191	7.073837753243425e-07	6.963596003861621e-07	8.103135403310616e-07	8.926854103942506e-08	3.7099464602567945e-08	4.496760077759295e-07	4.0219787422267756e-08
MF801413	0.0	0.0	1.0	0.0	0.0	0.0	0.0	0.0	0.0	0.0
KY631493	0.0	0.0	1.0	0.0	0.0	0.0	0.0	0.0	0.0	0.0
KX827268	0.0	0.0	0.0	0.0	0.0	1.0	0.0	0.0	0.0	0.0
KY606272	0.0	0.0	1.0	0.0	0.0	0.0	0.0	0.0	0.0	0.0
KY317937	0.0	0.0	0.0	0.0	0.0	0.0	0.0	1.0	0.0	0.0
node_272	2.1454916262560996e-16	3.3741832314822937e-09	2.838980282104747e-09	3.773480825678192e-09	3.7146732671763485e-09	4.325352538602253e-09	4.761957224620916e-10	0.9999999788838251	2.3987598419711683e-09	2.1454916262560998e-10
node_254	3.036203420975942e-11	0.8630664627315034	0.0195117952710224	0.00053400606423731	0.0005256838825929046	0.0200328576425761	6.738908061442743e-05	0.0958919815400224	0.0003394617228593747	3.0362034209759423e-05
KY317936	0.0	0.0	0.0	0.0	0.0	0.0	0.0	1.0	0.0	0.0
KY317939	0.0	0.0	0.0	0.0	0.0	0.0	0.0	1.0	0.0	0.0
KY317940	0.0	0.0	0.0	0.0	0.0	0.0	0.0	1.0	0.0	0.0
KY317938	0.0	0.0	0.0	0.0	0.0	0.0	0.0	1.0	0.0	0.0
node_309	4.978634830764234e-15	7.541102325734277e-08	0.9999924865329849	8.756400091258112e-08	8.619936562113331e-08	1.0030523466910527e-07	1.1050169486085484e-08	7.092295118811041e-06	5.566346264756116e-08	4.978634830764234e-09
node_308	5.217703631984006e-17	7.903218117399898e-10	1.806778032727859e-08	9.176873201654209e-10	9.033856837559322e-10	1.0512178639935742e-09	1.158078698708992e-10	0.9999999775182585	5.833636350075576e-10	5.217703631984007e-11
KY014302	0.0	1.0	0.0	0.0	0.0	0.0	0.0	0.0	0.0	0.0
KY785476	0.0	1.0	0.0	0.0	0.0	0.0	0.0	0.0	0.0	0.0
node_234	6.686017826951842e-32	1.0	8.83855364275164e-25	4.2118255420808654e-23	5.5321918171355647e-17	1.9199563352744497e-22	1.4839736732301338e-25	4.557116515617408e-23	7.475280196726808e-25	6.686017826951847e-26
KX766028	0.0	1.0	0.0	0.0	0.0	0.0	0.0	0.0	0.0	0.0
node_242	2.5982349943410318e-14	1.05584341062547e-05	3.434726016042841e-07	0.9999808033679848	4.498546606850586e-07	5.234699464649453e-07	5.766829267078332e-08	6.947255224505324e-06	2.904948072580124e-07	2.5982349943410317e-08
KU758877	0.0	0.0	0.0	0.0	0.0	0.0	0.0	1.0	0.0	0.0
KY348640	0.0	0.0	0.0	0.0	0.0	0.0	0.0	1.0	0.0	0.0
KU937936	0.0	0.0	0.0	0.0	0.0	0.0	0.0	1.0	0.0	0.0
KY785456	0.0	0.0	0.0	0.0	0.0	0.0	0.0	1.0	0.0	0.0
KY785481	0.0	1.0	0.0	0.0	0.0	0.0	0.0	0.0	0.0	0.0
node_298	3.4286062113460084e-12	0.9772073322242758	4.532431815646044e-05	6.03021686928405e-05	5.936239359361418e-05	0.006968603041531193	7.609853107182619e-06	0.015609703972251381	3.8333418751493184e-05	3.4286062113460086e-06
KY014312	0.0	0.0	1.0	0.0	0.0	0.0	0.0	0.0	0.0	0.0
KY785452	0.0	0.0	1.0	0.0	0.0	0.0	0.0	0.0	0.0	0.0
KY785442	0.0	0.0	1.0	0.0	0.0	0.0	0.0	0.0	0.0	0.0
KY014319	0.0	0.0	1.0	0.0	0.0	0.0	0.0	0.0	0.0	0.0
node_350	3.239946142493186e-14	4.907523090352566e-07	0.9999972292538354	5.698402405914913e-07	5.609596036323078e-07	6.52756366323327e-07	7.191118693644555e-08	2.9885853439668694e-08	3.622411106923775e-07	3.239946142493185e-08
KY785414	0.0	0.0	1.0	0.0	0.0	0.0	0.0	0.0	0.0	0.0
KY693676	0.0	0.0	1.0	0.0	0.0	0.0	0.0	0.0	0.0	0.0
MF801401	0.0	0.0	1.0	0.0	0.0	0.0	0.0	0.0	0.0	0.0
MF801417	0.0	0.0	1.0	0.0	0.0	0.0	0.0	0.0	0.0	0.0
KX446950	0.0	0.0	1.0	0.0	0.0	0.0	0.0	0.0	0.0	0.0
KX446951	0.0	0.0	1.0	0.0	0.0	0.0	0.0	0.0	0.0	0.0
KY693678	0.0	0.0	0.0	0.0	0.0	0.0	0.0	1.0	0.0	0.0
KY693679	0.0	0.0	0.0	0.0	0.0	0.0	0.0	1.0	0.0	0.0
node_274	4.137090678757781e-11	0.8859914051439962	0.010328603779055099	0.0007276296098916123	0.0007162899151036617	0.05253403647709525	9.182347115938298e-05	0.049106294595637354	0.0004625460599030476	4.137090678757782e-05
node_273	3.5552423758029056e-11	0.8937025638957914	0.061580947387112735	0.0006252943974030439	0.0006155495388613167	0.007827833492187497	7.890924350180716e-05	0.03513585688368441	0.0003974927021473353	3.555242375802906e-05
KX156775	0.0	0.0	1.0	0.0	0.0	0.0	0.0	0.0	0.0	0.0
KX156774	0.0	0.0	1.0	0.0	0.0	0.0	0.0	0.0	0.0	0.0
KX156776	0.0	0.0	1.0	0.0	0.0	0.0	0.0	0.0	0.0	0.0
KU820897	0.0	0.0	0.0	0.0	0.0	0.0	0.0	1.0	0.0	0.0
node_324	1.394826888835097e-17	2.1127342440129457e-10	1.9702630115751134e-10	2.453215130624489e-10	2.414983164178528e-10	2.810176748510517e-10	3.095843348489006e-11	0.9999999986230078	1.5594816062171062e-10	1.394826888835097e-11
LC190723	0.0	0.0	0.0	1.0	0.0	0.0	0.0	0.0	0.0	0.0
KY785423	0.0	1.0	0.0	0.0	0.0	0.0	0.0	0.0	0.0	0.0
KY785419	0.0	1.0	0.0	0.0	0.0	0.0	0.0	0.0	0.0	0.0
KY785465	0.0	1.0	0.0	0.0	0.0	0.0	0.0	0.0	0.0	0.0
KY785441	0.0	1.0	0.0	0.0	0.0	0.0	0.0	0.0	0.0	0.0
KX269878	0.0	0.0	0.0	0.0	1.0	0.0	0.0	0.0	0.0	0.0
MH063264	0.0	1.0	0.0	0.0	0.0	0.0	0.0	0.0	0.0	0.0
MF098766	0.0	0.0	0.0	0.0	1.0	0.0	0.0	0.0	0.0	0.0
node_290	1.011795398319873e-11	0.9880194585048945	0.00013375387465301583	0.0001779541103002063	0.011309954330935307	0.0002038477982728791	2.2456980712039352e-05	9.332985072971022e-06	0.00011312345105798258	1.0117953983198732e-05
node_292	2.389284997349094e-10	0.5590755821450729	0.0031585054308057832	0.004202263487884234	0.2332122083321837	0.19669048154826746	0.0005303060993371956	0.00022039200071834045	0.0026713322170669094	0.00023892849973490942
node_339	9.931584206263065e-14	0.9999916981083987	1.3129016708676704e-06	1.7467624721677e-06	1.719540169732743e-06	2.0009298096929884e-06	2.2043329642574e-07	9.16107419562548e-08	1.110397499090272e-06	9.931584206263063e-08
node_342	9.757525217424727e-14	0.9999918436057159	1.289892014751451e-06	1.7161490570939465e-06	1.689403847370316e-06	1.965861907918364e-06	2.1657002588548017e-07	9.000519013486662e-08	1.0909368912067492e-06	9.757525217424725e-08
node_340	1.7203658072130331e-13	0.00010879926886183302	2.2742304710755357e-06	3.025771486229919e-06	0.9998797986707029	3.4660444454151564e-06	3.818382828622148e-07	1.5868967604943508e-07	1.9234493210510165e-06	1.720365807213033e-07
node_341	1.910104544180069e-15	0.9999998403328157	2.5250548104948703e-08	3.35948310601512e-08	3.307127467185931e-08	3.84831366547717e-08	4.239511365426221e-09	1.7619152279452061e-09	2.135586090606754e-08	1.910104544180069e-09
node_338	1.377170571364277e-14	0.9999988488119758	1.8205449469720297e-07	2.422161280489223e-07	2.3844132707718583e-07	2.774604324994753e-07	3.0566548345319087e-08	1.2703272229564286e-08	1.5397410186576926e-07	1.3771705713642772e-08
node_320	3.3752380932760826e-16	0.999981464543117	4.461882052456318e-09	5.936353268039098e-09	1.8406456803910592e-07	1.8335822403266947e-05	7.491401609960522e-10	3.11338110398383e-10	3.773673826623252e-09	3.3752380932760825e-10
KX056898	0.0	0.0	0.0	1.0	0.0	0.0	0.0	0.0	0.0	0.0
node_261	2.885783225092423e-16	1.8700380581035254e-08	3.814849211666022e-09	0.999999952492953	4.996403467592557e-09	5.814026805268448e-09	6.40504773323146e-10	1.0025862916591163e-08	3.226440424316743e-09	2.8857832250924227e-10
node_312	5.4728424276795936e-12	0.9781602810962573	7.234801435973139e-05	9.625610144659508e-05	9.47560046973737e-05	0.010800763200959532	1.2147072129653632e-05	0.010696786727851605	6.118893439757828e-05	5.4728424276795925e-06
node_313	1.966230040671552e-13	0.9954163745675843	2.59924967869674e-06	3.4581963716812375e-06	3.4043023425577504e-06	0.004282306825228205	4.36408291361233e-07	0.0002890254902856152	2.198337016989719e-06	1.9662300406715522e-07
MF434521	0.0	0.0	1.0	0.0	0.0	0.0	0.0	0.0	0.0	0.0
node_362	1.7393569047399495e-15	2.6345913780551143e-08	0.9999998512531916	3.05917294140197e-08	3.011497466149908e-08	3.504306068506899e-08	3.8605339109032704e-09	1.6044144948141916e-09	1.9446822550531967e-08	1.73935690473995e-09
KY075932	0.0	0.0	0.0	0.0	0.0	1.0	0.0	0.0	0.0	0.0
KY785451	0.0	1.0	0.0	0.0	0.0	0.0	0.0	0.0	0.0	0.0
KU647676	0.0	1.0	0.0	0.0	0.0	0.0	0.0	0.0	0.0	0.0
node_293	6.128623777610263e-14	9.502828123958322e-05	0.9998962113701716	1.0778995373178527e-06	1.0611010843699603e-06	1.9839854024847156e-06	1.360259062194592e-07	3.754841597758286e-06	6.852087616829652e-07	6.128623777610262e-08
KX247646	0.0	0.0	0.0	0.0	0.0	0.0	0.0	1.0	0.0	0.0
node_343	0.0	0.0	0.0	0.0	0.0	0.0	0.0	1.0	0.0	0.0
MF098764	0.0	0.0	0.0	0.0	1.0	0.0	0.0	0.0	0.0	0.0
KY785413	0.0	1.0	0.0	0.0	0.0	0.0	0.0	0.0	0.0	0.0
KU853012	0.0	0.0	0.0	0.0	1.0	0.0	0.0	0.0	0.0	0.0
KX922707	0.0	0.0	0.0	0.0	0.0	1.0	0.0	0.0	0.0	0.0
KY785484	0.0	1.0	0.0	0.0	0.0	0.0	0.0	0.0	0.0	0.0
KY785435	0.0	1.0	0.0	0.0	0.0	0.0	0.0	0.0	0.0	0.0
KY785420	0.0	1.0	0.0	0.0	0.0	0.0	0.0	0.0	0.0	0.0
KY014318	0.0	1.0	0.0	0.0	0.0	0.0	0.0	0.0	0.0	0.0
MF664436	0.0	0.0	0.0	0.0	1.0	0.0	0.0	0.0	0.0	0.0
NODE_0000457	1.7425959926717997e-19	5.5006892342480066e-11	2.3036175728977278e-12	3.064869834390944e-12	0.9999999999334437	3.510831903121449e-12	3.8677231247829676e-13	1.607402288529027e-13	1.9483037066405383e-12	1.7425959926717993e-13
KY785415	0.0	1.0	0.0	0.0	0.0	0.0	0.0	0.0	0.0	0.0
KY785470	0.0	1.0	0.0	0.0	0.0	0.0	0.0	0.0	0.0	0.0
KY014314	0.0	1.0	0.0	0.0	0.0	0.0	0.0	0.0	0.0	0.0
MH063261	0.0	1.0	0.0	0.0	0.0	0.0	0.0	0.0	0.0	0.0
node_354	1.08289572691895e-14	0.9999990947986996	1.4315295321674602e-07	1.904592034632224e-07	1.8749100479807186e-07	2.1817247840630062e-07	2.4035065283900924e-08	9.988827456322851e-09	1.2107279986490545e-07	1.0828957269189496e-08
KY785424	0.0	1.0	0.0	0.0	0.0	0.0	0.0	0.0	0.0	0.0
node_352	5.1242085444824435e-14	0.9999943789921781	6.773926314477443e-07	9.012434470845506e-07	9.000792659169756e-07	2.35714053049745e-06	1.1373272960026791e-07	4.72666330918871e-08	5.729104475620446e-07	5.1242085444824415e-08
node_363	1.9123667801540497e-12	0.0022456221926137328	2.5280453639941433e-05	3.3634619162637865e-05	3.3110837760511956e-05	0.9976330498399752	4.244532438828821e-06	1.7640019556187815e-06	2.138115376081952e-05	1.9123667801540498e-06
node_337	4.477158811182447e-12	0.9904663181792431	5.918561592856974e-05	7.874406369506146e-05	0.003433796629405065	0.0058933546746064705	9.93713444777647e-06	4.129812847881357e-06	5.0056726537462973e-05	4.477158811182447e-06
KY379148	0.0	0.0	0.0	1.0	0.0	0.0	0.0	0.0	0.0	0.0
node_281	2.387523525579443e-17	3.651905709087557e-10	3.1561768604774943e-10	0.9999999980565549	4.133723807955771e-10	4.810176195921054e-10	5.2991513751209195e-11	2.444364646667026e-11	2.6693628093600246e-10	2.387523525579443e-11
KX377337	0.0	1.0	0.0	0.0	0.0	0.0	0.0	0.0	0.0	0.0
KY075933	0.0	0.0	0.0	0.0	0.0	1.0	0.0	0.0	0.0	0.0
KY075934	0.0	0.0	0.0	0.0	0.0	1.0	0.0	0.0	0.0	0.0
KY785464	0.0	1.0	0.0	0.0	0.0	0.0	0.0	0.0	0.0	0.0
KY785462	0.0	1.0	0.0	0.0	0.0	0.0	0.0	0.0	0.0	0.0
KY765317	0.0	0.0	1.0	0.0	0.0	0.0	0.0	0.0	0.0	0.0
KY765318	0.0	0.0	1.0	0.0	0.0	0.0	0.0	0.0	0.0	0.0
KU922960	0.0	0.0	1.0	0.0	0.0	0.0	0.0	0.0	0.0	0.0
KU922923	0.0	0.0	1.0	0.0	0.0	0.0	0.0	0.0	0.0	0.0
KX702400	0.0	0.0	0.0	0.0	0.0	0.0	0.0	1.0	0.0	0.0
KX893855	0.0	0.0	0.0	0.0	0.0	0.0	0.0	1.0	0.0	0.0
MF098769	0.0	0.0	0.0	0.0	1.0	0.0	0.0	0.0	0.0	0.0
MF098768	0.0	0.0	0.0	0.0	1.0	0.0	0.0	0.0	0.0	0.0
MF384325	0.0	1.0	0.0	0.0	0.0	0.0	0.0	0.0	0.0	0.0
node_366	3.145964174283119e-15	0.999999737026309	4.158794342499214e-08	5.533107351550598e-08	5.446877011632393e-08	6.338216910631049e-08	6.9825240260983664e-09	2.901894664419453e-09	3.517334877097088e-08	3.145964174283119e-09
KY785430	0.0	1.0	0.0	0.0	0.0	0.0	0.0	0.0	0.0	0.0
node_364	3.403316373454557e-14	0.999997150203695	4.499000018931558e-07	5.985737218353734e-07	5.892928283493372e-07	6.905598609950952e-07	7.553721857457428e-08	3.1392810211227644e-08	3.80506665524094e-07	3.4033163734545576e-08
node_371	6.07822068391458e-15	1.4239590249875327e-06	8.035078720655126e-08	1.0690346643307971e-07	1.0523767391534233e-07	0.9999981904160932	1.3490720049611767e-08	5.6066614858495625e-09	6.795734604033564e-08	6.07822068391458e-09
node_370	2.849101151235509e-14	2.2690908845873856e-05	3.766357495684534e-07	5.010986029046165e-07	4.932932325337874e-07	0.9999755015127736	6.323631211032384e-08	2.6280628040036898e-08	3.1854281525318676e-07	2.8491011512355086e-08
MF098765	0.0	0.0	0.0	0.0	1.0	0.0	0.0	0.0	0.0	0.0
node_353	6.606912297060338e-12	0.9809824183389414	8.733980414339667e-05	0.0001162020702611622	0.0018265349289928977	0.016886271076711944	1.4664160586972045e-05	6.094336260995593e-06	7.386836519734828e-05	6.606912297060338e-06
KU955590	0.0	0.0	0.0	1.0	0.0	0.0	0.0	0.0	0.0	0.0
MF167360	0.0	0.0	0.0	1.0	0.0	0.0	0.0	0.0	0.0	0.0
MF783072	0.0	1.0	0.0	0.0	0.0	0.0	0.0	0.0	0.0	0.0
node_373	7.022223476434251e-19	0.9999999999413007	9.282999312035947e-12	1.2350654422357974e-11	1.2158176477979306e-11	1.4147769371438632e-11	1.5585951213830155e-12	6.477426858577981e-13	7.851173815118385e-12	7.022223476434251e-13
KY785453	0.0	1.0	0.0	0.0	0.0	0.0	0.0	0.0	0.0	0.0
KY014300	0.0	1.0	0.0	0.0	0.0	0.0	0.0	0.0	0.0	0.0
KY325464	0.0	0.0	0.0	0.0	0.0	1.0	0.0	0.0	0.0	0.0
KY325476	0.0	0.0	0.0	0.0	0.0	1.0	0.0	0.0	0.0	0.0
node_377	0.0	0.0	0.0	0.0	0.0	1.0	0.0	0.0	0.0	0.0
node_376	7.809583699659049e-22	4.5183292718570284e-14	1.0323846906113325e-14	1.3735459969432072e-14	1.3521406560523366e-14	0.9999999999999053	1.7333511380218294e-15	7.203702271829567e-16	8.73147931784033e-15	7.809583699659048e-16
KY785425	0.0	1.0	0.0	0.0	0.0	0.0	0.0	0.0	0.0	0.0
node_365	2.257604029785197e-12	0.005676659314513823	2.9844303197806083e-05	3.9706636064732754e-05	4.893682942653767e-05	0.9941702609952542	5.010792719209453e-06	2.0824550838689675e-06	2.5241067452549396e-05	2.257604029785197e-06
node_380	0.0	1.0	0.0	0.0	0.0	0.0	0.0	0.0	0.0	0.0
node_406	0.0	1.0	0.0	0.0	0.0	0.0	0.0	0.0	0.0	0.0
NODE_0000458	6.180168181574267e-17	0.9999999948339474	8.169847793985617e-10	1.0869651434311047e-09	1.070025408153584e-09	1.2451269089205077e-09	1.371699435293297e-10	5.700699714869438e-11	6.909716667809895e-10	6.180168181574266e-11
KY075937	0.0	0.0	0.0	0.0	0.0	1.0	0.0	0.0	0.0	0.0
KY785422	0.0	0.0	0.0	0.0	0.0	1.0	0.0	0.0	0.0	0.0
KX922705	0.0	0.0	0.0	0.0	0.0	1.0	0.0	0.0	0.0	0.0
KY014298	0.0	0.0	0.0	0.0	0.0	1.0	0.0	0.0	0.0	0.0
KY325473	0.0	0.0	0.0	0.0	0.0	1.0	0.0	0.0	0.0	0.0
KX838906	0.0	0.0	0.0	0.0	0.0	1.0	0.0	0.0	0.0	0.0
node_402	1.1939448940588459e-15	1.8084597537218623e-08	1.578330519863351e-08	2.0999048001456288e-08	2.067178974816794e-08	0.9999999061671532	2.6499821507036336e-09	1.1013165203859092e-09	1.3348861539919227e-08	1.1939448940588458e-09
KY785443	0.0	0.0	0.0	0.0	0.0	1.0	0.0	0.0	0.0	0.0
node_372	2.5978346645205677e-44	3.9334764396645975e-35	3.434196801690659e-37	4.569059685381575e-37	5.177578816046189e-37	1.0	5.765940727846829e-38	2.396290019333736e-38	2.904500485143696e-37	2.597834664520568e-38
KY415988	0.0	1.0	0.0	0.0	0.0	0.0	0.0	0.0	0.0	0.0
KX673530	0.0	0.0	0.0	0.0	1.0	0.0	0.0	0.0	0.0	0.0
KY415991	0.0	1.0	0.0	0.0	0.0	0.0	0.0	0.0	0.0	0.0
KY415989	0.0	1.0	0.0	0.0	0.0	0.0	0.0	0.0	0.0	0.0
KY415987	0.0	1.0	0.0	0.0	0.0	0.0	0.0	0.0	0.0	0.0
NODE_0000459	0.0	1.0	0.0	0.0	0.0	0.0	0.0	0.0	0.0	0.0
node_410	5.535620252764903e-16	8.38476413362341e-09	7.317790322475219e-09	9.736023495227955e-09	9.584293090935248e-09	0.999999956495228	1.2286408640713634e-09	5.106156963599638e-10	6.18908198020145e-09	5.535620252764901e-10
NODE_0000460	4.84417978749848e-16	7.337444240115027e-09	6.403743456134064e-09	8.51992117823415e-09	8.387143038827532e-09	0.9999999619293001	1.0751744101045251e-09	4.4683596824600463e-10	5.416019246748036e-09	4.84417978749848e-10
KY014326	0.0	0.0	0.0	0.0	0.0	1.0	0.0	0.0	0.0	0.0
KX838905	0.0	0.0	0.0	0.0	0.0	1.0	0.0	0.0	0.0	0.0
KY785474	0.0	0.0	0.0	0.0	0.0	1.0	0.0	0.0	0.0	0.0
KY325469	0.0	0.0	0.0	0.0	0.0	1.0	0.0	0.0	0.0	0.0
KX922703	0.0	0.0	0.0	0.0	0.0	1.0	0.0	0.0	0.0	0.0
KY785445	0.0	0.0	0.0	0.0	0.0	1.0	0.0	0.0	0.0	0.0
KY325468	0.0	0.0	0.0	0.0	0.0	1.0	0.0	0.0	0.0	0.0
KY325467	0.0	0.0	0.0	0.0	0.0	1.0	0.0	0.0	0.0	0.0
KX832731	0.0	0.0	0.0	0.0	0.0	1.0	0.0	0.0	0.0	0.0
KX922704	0.0	0.0	0.0	0.0	0.0	1.0	0.0	0.0	0.0	0.0
KX922706	0.0	0.0	0.0	0.0	0.0	1.0	0.0	0.0	0.0	0.0
KY325472	0.0	0.0	0.0	0.0	0.0	1.0	0.0	0.0	0.0	0.0
KX842449	0.0	0.0	0.0	0.0	0.0	1.0	0.0	0.0	0.0	0.0
KY075936	0.0	0.0	0.0	0.0	0.0	1.0	0.0	0.0	0.0	0.0
node_395	5.654364520862673e-15	8.564625221223799e-08	7.474763817089709e-08	9.944870368989952e-08	9.789885204619198e-08	0.999999555620095	1.2549963677904444e-08	5.215688839658536e-09	6.32184361781e-08	5.654364520862672e-09
node_419	0.0	0.0	0.0	0.0	0.0	1.0	0.0	0.0	0.0	0.0
node_420	2.9714998896482026e-15	4.5009094843184823e-08	3.92816200223323e-08	5.2262603684261185e-08	5.144812064708596e-08	0.9999997664680382	6.595297410767643e-09	2.7409656300545952e-09	3.3222756586322057e-08	2.971499889648203e-09
KY415986	0.0	1.0	0.0	0.0	0.0	0.0	0.0	0.0	0.0	0.0
KY415990	0.0	1.0	0.0	0.0	0.0	0.0	0.0	0.0	0.0	0.0
KY014299	0.0	0.0	0.0	0.0	0.0	1.0	0.0	0.0	0.0	0.0
KX922708	0.0	0.0	0.0	0.0	0.0	1.0	0.0	0.0	0.0	0.0
MF988743	0.0	0.0	0.0	0.0	0.0	1.0	0.0	0.0	0.0	0.0
KY785459	0.0	0.0	0.0	0.0	0.0	1.0	0.0	0.0	0.0	0.0
KY785412	0.0	0.0	0.0	0.0	0.0	1.0	0.0	0.0	0.0	0.0
KY075935	0.0	0.0	0.0	0.0	0.0	1.0	0.0	0.0	0.0	0.0
KY785468	0.0	0.0	0.0	0.0	0.0	1.0	0.0	0.0	0.0	0.0
KY075939	0.0	0.0	0.0	0.0	0.0	1.0	0.0	0.0	0.0	0.0
node_424	0.0	0.0	0.0	0.0	0.0	1.0	0.0	0.0	0.0	0.0
node_425	5.7761021335838146e-15	8.749020306548791e-08	7.635694351261929e-08	1.0158981923537793e-07	1.0000659952024861e-07	0.9999995460526628	1.282016249728513e-08	5.327981831327823e-09	6.45795195450973e-08	5.776102133583815e-09
KX838904	0.0	0.0	0.0	0.0	0.0	1.0	0.0	0.0	0.0	0.0
KY014324	0.0	0.0	0.0	0.0	0.0	1.0	0.0	0.0	0.0	0.0
KY325477	0.0	0.0	0.0	0.0	0.0	1.0	0.0	0.0	0.0	0.0
NODE_0000461	1.4451493363564704e-17	2.1889572928886992e-10	1.910409194496094e-10	2.5417220203737913e-10	2.502110724248631e-10	0.9999999988642485	3.207534925189854e-11	1.3330320741550659e-11	1.61574445282379e-10	1.4451493363564704e-11
KY075938	0.0	0.0	0.0	0.0	0.0	1.0	0.0	0.0	0.0	0.0
KY785472	0.0	0.0	0.0	0.0	0.0	1.0	0.0	0.0	0.0	0.0
