node	Africa	Caribbean	Central America	Eastern Asia	Europe	Northern America	Oceania	South America	South-eastern Asia	Southern Asia
root	5.743094314727454e-10	0.11928350863575525	0.13739844921530822	0.1456608569299619	0.12715200315112254	0.1690539973159197	0.021143822330447405	0.022910209974588206	0.2568228424411146	0.0005743094314727456
n0	6.3186697912491745e-15	1.3123815513148597e-06	1.5116858314426834e-06	1.6014234238084612e-06	1.3989523368047732e-06	1.8599666133734298e-06	2.326286277277485e-07	2.5206281447682596e-07	0.999991824580125	6.318669791249175e-09
n1	1.4815424173322803e-10	0.030771491472620784	0.035444591266096	0.05708046410596566	0.03280132203890085	0.043611266496786275	0.005454938533100127	0.005910132414211011	0.7887776392824319	0.000148154241733228
HQ234499	0.0	0.0	0.0	0.0	0.0	0.0	0.0	0.0	1.0	0.0
KX377336	0.0	0.0	0.0	0.0	0.0	0.0	0.0	0.0	1.0	0.0
n2	9.835543624384294e-12	0.0020428328154876696	0.00235306677397661	0.0031920731236995867	0.00217758756061812	0.0028961512039849644	0.0003629998326719931	0.0003923570766913158	0.9865730960594099	9.835543624384293e-06
n440	1.8322638916898757e-10	0.03805594227956603	0.043835292174431495	0.12176290170524008	0.040566289070406	0.05393477092852327	0.006745830738003521	0.0073092218562082496	0.687606524675226	0.00018322638916898757
n3	3.9057438486372745e-12	0.0008112191870212769	0.0009344146524963662	0.0010864260385667387	0.0008647309741647036	0.0011498286852768761	0.00014391765012515377	0.00015580696881431418	0.9948497500957801	3.905743848637275e-06
n5	3.101116793257778e-13	6.440989325918887e-05	7.419147499223837e-05	9.054161074516069e-05	6.865866911799526e-05	9.457561910560493e-05	1.4493812308877077e-05	1.2370898508169997e-05	0.9995804479099734	3.1011167932577784e-07
KU681082	0.0	0.0	0.0	0.0	0.0	0.0	0.0	0.0	1.0	0.0
n441	1.2412936007347588e-13	2.5781546989931152e-05	2.969685093356082e-05	0.9998182620375485	2.748221763089476e-05	3.653878515501935e-05	4.569963730130158e-06	4.951737769658334e-06	5.2592730758043053e-05	1.241293600734759e-07
n4	1.7203226117906892e-14	3.5730932816755946e-06	4.115719611358788e-06	4.371318525462152e-06	3.8087911179591663e-06	5.063965940560993e-06	6.33370430897574e-07	6.862668467604145e-07	0.999977730271002	1.7203226117906895e-08
MG645981	0.0	0.0	0.0	0.0	0.0	0.0	0.0	0.0	1.0	0.0
n6	4.299413424598863e-13	8.929839738948435e-05	0.000102859661482574	0.00021824273549020176	9.518893463244762e-05	0.00021538812119652258	1.5986784780909734e-05	1.7151113829453705e-05	0.999245454309426	4.2994134245988637e-07
n11	1.336123930006217e-13	2.775116367750253e-05	3.1965582642713274e-05	4.046689118173642e-05	2.9581759387579044e-05	3.960311957666665e-05	2.0904359064860146e-05	5.330032577673192e-06	0.9998042634793647	1.3361239300062168e-07
KY120353	0.0	0.0	0.0	1.0	0.0	0.0	0.0	0.0	0.0	0.0
KY553111	0.0	0.0	0.0	1.0	0.0	0.0	0.0	0.0	0.0	0.0
KU955593	0.0	0.0	0.0	0.0	0.0	0.0	0.0	0.0	1.0	0.0
J860885	1.397307568598187e-13	2.902194188214334e-05	3.3429347052489565e-05	3.542085880890671e-05	3.0936364027641015e-05	4.113122743836442e-05	5.14435321748255e-06	5.5741048364073355e-06	0.9998192020718399	1.397307568598187e-07
n7	1.5436541983422454e-12	0.00032061547104736225	0.00036930560661877204	0.0015027502265332507	0.0003417647573513189	0.0004855415431380157	5.68867072614899e-05	6.157907196733148e-05	0.9968600129603404	1.5436541983422458e-06
n9	2.8263795902519868e-12	0.0005870362835539549	0.0006761863053486184	0.0007335329892890865	0.0006257599246531682	0.0045202972195523975	0.00010408122428322701	0.00011274923644299825	0.9926375304344599	2.826379590251986e-06
KU179098	0.0	0.0	0.0	0.0	0.0	0.0	0.0	0.0	1.0	0.0
n12	1.3733387531625544e-13	2.8524111923879673e-05	3.285591435403316e-05	4.7566281203952646e-05	3.040569489201759e-05	4.055376441951532e-05	4.006065047154179e-05	5.4784890320960546e-06	0.9997744177596903	1.3733387531625542e-07
n8	1.2277377625614868e-11	0.0025499993553544115	0.0029372539501299473	0.017298281636231254	0.0027182091621523142	0.003633378147661679	0.00045203937769037583	0.0004897661154873397	0.9699087948653896	1.2277377625614871e-05
KX051561	0.0	0.0	0.0	0.0	0.0	0.0	0.0	0.0	1.0	0.0
n10	3.500033673997839e-13	7.26953579548812e-05	8.373520834847763e-05	8.887401636592964e-05	7.74906815658534e-05	0.04398194497005641	1.2886010747734268e-05	1.3962247874598127e-05	0.9556680615033687	3.500033673997838e-07
KY272987	0.0	0.0	0.0	0.0	0.0	0.0	0.0	0.0	1.0	0.0
KX051560	0.0	0.0	0.0	0.0	0.0	0.0	0.0	0.0	1.0	0.0
n13	6.81207498232923e-13	0.00014148613281490962	0.0001629728657093893	0.00038429067268370395	0.00015081921559212885	0.0002005572293073244	0.0006316255871527833	2.7174561285074802e-05	0.9983003925272752	6.812074982329231e-07
KY328290	0.0	0.0	0.0	1.0	0.0	0.0	0.0	0.0	0.0	0.0
KX051562	0.0	0.0	0.0	0.0	0.0	0.0	0.0	0.0	1.0	0.0
KF993678	0.0	0.0	0.0	0.0	0.0	1.0	0.0	0.0	0.0	0.0
KX694532	0.0	0.0	0.0	0.0	0.0	0.0	0.0	0.0	1.0	0.0
KU681081	0.0	0.0	0.0	0.0	0.0	0.0	0.0	0.0	1.0	0.0
n14	2.746385356865301e-12	0.0005704215593198047	0.0006570483929077369	0.0029131491827614295	0.0006080492160033519	0.000808441380921759	0.006462077789424008	0.00010955812663515491	0.9878685079639233	2.746385356865302e-06
n15	6.307331000513172e-11	0.013100264955408171	0.015089731261000104	0.08423712860841201	0.013964419306084185	0.018566297727232183	0.24267076329481643	0.0025161049171232657	0.6097922165568452	6.307331000513172e-05
n322	5.237148925277618e-13	0.00010877507225557995	0.00012529415350144942	0.0008551813623263743	0.00011595038147678401	0.00015416212777855402	0.0005454133569137704	2.089190515712127e-05	0.9980738079251741	5.237148925277621e-07
LC219720	0.0	0.0	0.0	1.0	0.0	0.0	0.0	0.0	0.0	0.0
n16	2.75674276620959e-13	5.7257278313619795e-05	6.595263114370285e-05	0.00014163834736119558	6.103423445389658e-05	8.11476185620295e-05	0.9989085019860275	1.0997191432481495e-05	0.0006731950381532349	2.75674276620959e-07
n323	7.329223704174518e-14	1.5222726131597092e-05	1.7534519123658958e-05	9.871327477167151e-05	1.6226887884091906e-05	2.1574342191416652e-05	4.895887190278463e-06	2.9237558155803906e-06	0.9998228353145814	7.329223704174516e-08
n438	1.7651801773697497e-12	0.00036662620077647243	0.0004223037367404196	0.00282043701090639	0.0003908105686156903	0.0005195997863996625	0.00029974706664275024	7.041613161582395e-05	0.9951082943163602	1.76518017736975e-06
KX447517	0.0	0.0	0.0	0.0	0.0	0.0	1.0	0.0	0.0	0.0
n17	9.919088721485992e-17	2.0601850506512994e-08	2.3730541991384774e-08	4.460389375909829e-08	2.1960844298453846e-08	2.9197878441870707e-08	0.9999996801631865	4.0436283451653406e-09	1.7559898538421312e-07	9.919088721485994e-11
n324	4.5041568859808775e-14	9.355089910815671e-06	1.0775796761150586e-05	1.2246945800268356e-05	9.972195112497812e-06	1.3258457416335207e-05	1.6810963005072787e-06	1.7967871388037062e-06	0.9999408685899458	4.504156885980878e-08
n436	1.4700346686458602e-13	3.0532476655069444e-05	3.516927856238173e-05	0.00032302118573272986	3.254654069333148e-05	4.327201192938398e-05	6.483838558569059e-06	5.86422598748089e-06	0.9995229634382672	1.4700346686458602e-07
MG807647	0.0	0.0	0.0	0.0	0.0	0.0	0.0	0.0	1.0	0.0
n439	1.081159401391555e-11	0.002245557529184295	0.002586578192261505	0.05292475687264439	0.002393684938449921	0.003182506019989135	0.00045571533562447633	0.0004312934377303416	0.9357690960692904	1.0811594013915552e-05
n18	1.9419927859364097e-18	4.0335000708205023e-10	4.6460458866352667e-10	2.9011892917378677e-08	4.29956847833104e-10	5.716459097574563e-10	0.9999999686639294	7.751228543568774e-11	3.751661625751998e-10	1.941992785936411e-12
n31	9.789671184028766e-18	2.033305154377769e-09	2.3420921985627795e-09	2.4868994970065053e-09	2.167431410708343e-09	2.8816922086830717e-09	0.9999999588792098	2.765709285817181e-08	1.542487364731096e-09	9.789671184028765e-12
n325	9.370640535437736e-16	1.946272897460661e-07	2.2418428240357928e-07	2.3842004062082695e-07	2.074658101704115e-07	2.7583461500081417e-07	3.452534120650779e-08	3.738112775072256e-08	0.9999987866244281	9.370640535437734e-10
MG807646	0.0	0.0	0.0	0.0	0.0	0.0	0.0	0.0	1.0	0.0
n437	3.4371792695293094e-12	0.0007138987810597975	0.0008223147234362368	0.0187794635810021	0.0007609908619982403	0.0010117697050796826	0.00012692667466842513	0.0001371151063692199	0.9776440833836795	3.43717926952931e-06
MH013290	0.0	0.0	0.0	0.0	0.0	0.0	0.0	0.0	1.0	0.0
KY126351	0.0	0.0	0.0	1.0	0.0	0.0	0.0	0.0	0.0	0.0
KY241691	0.0	0.0	0.0	0.0	0.0	0.0	0.0	0.0	1.0	0.0
n19	7.072550879409327e-17	1.4689619178592173e-08	1.6920452104282078e-08	1.802185596890589e-08	1.5658614719229216e-08	2.0818793988582168e-08	0.9999999002185633	2.8213646753498764e-09	1.07800103652766e-08	7.072550879409327e-11
n23	4.5330710304634843e-13	9.415144306827274e-05	0.0001084497129311169	0.042384406754980175	0.00010036210975530681	0.0001334356917722069	0.9570915662711719	1.808321498557265e-05	6.909149377930857e-05	4.533071030463486e-07
KX447516	0.0	0.0	0.0	0.0	0.0	0.0	1.0	0.0	0.0	0.0
KX447513	0.0	0.0	0.0	0.0	0.0	0.0	1.0	0.0	0.0	0.0
n32	1.2460690922725924e-17	2.5880733483287643e-09	2.9811100342604403e-09	3.1578769392497227e-09	2.7587946926252084e-09	3.667934832858396e-09	0.9999990579668725	9.249657707671968e-07	1.9011062253014014e-09	1.246069092272592e-11
n326	6.284393554322393e-20	1.30526241034416e-11	1.5034855450803314e-11	1.5925831460172253e-11	1.3913635842144728e-11	1.8498770384495965e-11	2.313684372281546e-12	2.5069547530024744e-12	0.9999999999186909	6.284393554322395e-14
n329	1.136679020887811e-16	2.360871237243254e-08	2.719403968781449e-08	2.8805938517854656e-08	2.516605274531361e-08	3.345933704904375e-08	4.184847251758565e-09	4.534411871918724e-09	0.9999998529329925	1.1366790208878111e-10
MG548660	0.0	0.0	0.0	0.0	0.0	0.0	0.0	0.0	1.0	0.0
LC369584	0.0	0.0	0.0	1.0	0.0	0.0	0.0	0.0	0.0	0.0
n20	4.435460644242646e-18	9.21240848690778e-10	1.061144708196199e-09	1.1239961101260196e-09	9.820101758857937e-10	1.3056242785862583e-09	0.9999999937485727	1.7693830039182097e-10	6.760374147926774e-10	4.435460644242647e-12
KX447515	0.0	0.0	0.0	0.0	0.0	0.0	1.0	0.0	0.0	0.0
n24	1.8848046720767776e-13	3.9147209162462025e-05	4.5092283850018314e-05	0.9987487923576355	4.1729540987788936e-05	5.5481198857000365e-05	0.00103332257969086	7.518816239474173e-06	2.872753292136903e-05	1.8848046720767777e-07
LC191864	0.0	0.0	0.0	1.0	0.0	0.0	0.0	0.0	0.0	0.0
KX806557	0.0	0.0	0.0	0.0	0.0	0.0	1.0	0.0	0.0	0.0
n33	6.523337038051665e-17	1.3548907388077688e-08	1.5606506590683e-08	1.6530703954491166e-08	1.4442656278361025e-08	1.9202125545486656e-08	0.999999906800022	3.861200206813493e-09	9.942644495395126e-09	6.523337038051666e-11
n35	1.5719964132930139e-27	6.322971751166485e-18	6.923925247913186e-19	3.98357568904792e-19	1.6925699775324826e-18	3.1047795232933487e-18	4.950022792958374e-14	0.9999999999999506	5.67483240411524e-18	1.5719964132930151e-21
KX447511	0.0	0.0	0.0	0.0	0.0	0.0	1.0	0.0	0.0	0.0
KY241730	0.0	0.0	0.0	0.0	0.0	0.0	0.0	0.0	1.0	0.0
KY241787	0.0	0.0	0.0	0.0	0.0	0.0	0.0	0.0	1.0	0.0
KY241673	0.0	0.0	0.0	0.0	0.0	0.0	0.0	0.0	1.0	0.0
KY241766	0.0	0.0	0.0	0.0	0.0	0.0	0.0	0.0	1.0	0.0
n330	5.076323565556917e-39	1.0543474522387888e-30	1.2144654909010391e-30	1.2863851986884517e-30	1.1238971095226427e-30	1.4942689891192881e-30	1.8689032778431633e-31	2.025034457254571e-31	1.0	5.076323565556921e-33
n348	3.4563076883260386e-17	7.178717349826974e-09	8.268910283593022e-09	8.758584938940355e-09	7.652258904233884e-09	1.0174003545720491e-08	1.2724768531060764e-09	1.3787817252673994e-09	0.9999999552817033	3.45630768832604e-11
KX447509	0.0	0.0	0.0	0.0	0.0	0.0	1.0	0.0	0.0	0.0
n21	7.945746367951812e-18	1.6503237689630036e-09	1.900949503850446e-09	2.0135217183423723e-09	1.759186793476463e-09	2.3389136330073003e-09	0.9999999888011263	3.169697513554197e-10	1.2110628431951702e-09	7.945746367951814e-12
n25	1.583545063327851e-21	3.289007647883967e-13	3.7884914305839523e-13	0.9999999999927299	3.5059658756755556e-13	4.661330686362754e-13	5.4392052606382425e-12	6.3170388499543e-14	2.413583943490588e-13	1.5835450633278513e-15
KU761561	0.0	0.0	0.0	1.0	0.0	0.0	0.0	0.0	0.0	0.0
KX369547	0.0	0.0	0.0	0.0	0.0	0.0	1.0	0.0	0.0	0.0
KX447512	0.0	0.0	0.0	0.0	0.0	0.0	1.0	0.0	0.0	0.0
KX447510	0.0	0.0	0.0	0.0	0.0	0.0	1.0	0.0	0.0	0.0
n317	4.643418590853762e-13	0.007377226936505369	0.00011108968066304796	0.00011766826727426182	0.00010280520272532556	0.0033445988375535337	1.7095244827551168e-05	0.9888582781277089	7.077336041856863e-05	4.643418590853762e-07
n179	2.9164532483738413e-21	6.05744494597082e-13	6.977356309616343e-13	7.390546288432671e-13	6.457022161235416e-13	8.584885480616712e-13	1.0737245472684733e-13	0.9999999999958986	4.445155931070822e-13	2.9164532483738406e-15
KU729218	0.0	0.0	0.0	0.0	0.0	0.0	0.0	1.0	0.0	0.0
n40	4.4597772179968996e-14	9.262913773370071e-06	1.066962233281063e-05	1.1301463510194447e-05	0.000300858390982469	1.3127821166581505e-05	1.641914942059387e-06	0.9996462958391849	6.79743629095927e-06	4.4597772179969e-08
n50	2.3226456048613787e-16	4.8241122621794605e-08	5.556724070617157e-08	5.8857860532872535e-08	5.142333123642843e-08	6.836950511994767e-08	8.55106955660175e-09	0.9999996733566544	3.5400951109868466e-08	2.322645604861379e-10
KY241788	0.0	0.0	0.0	0.0	0.0	0.0	0.0	0.0	1.0	0.0
n62	1.5550356864598432e-21	3.2297939519977014e-13	3.7202852693391464e-13	3.940595781460006e-13	3.4428461674766495e-13	4.577410350852672e-13	5.725058732748096e-14	0.999999999997813	2.3701309490475997e-13	1.5550356864598434e-15
n92	2.345190654791205e-16	4.870938110946861e-08	4.089963693609543e-06	5.9429171714268024e-08	5.1922478229793124e-08	6.903314226865829e-08	8.634072136091316e-09	0.9999956363289667	3.5744574867537765e-08	2.345190654791205e-10
KY241707	0.0	0.0	0.0	0.0	0.0	0.0	0.0	0.0	1.0	0.0
KY241782	0.0	0.0	0.0	0.0	0.0	0.0	0.0	0.0	1.0	0.0
n346	7.590892836726754e-19	1.5766210367133043e-10	1.8160539367275628e-10	1.9235982922616798e-10	1.680622286526246e-10	2.2344587808802978e-10	2.7946688172318396e-11	3.028140219429088e-11	0.9999999990178774	7.590892836726754e-13
KY241734	0.0	0.0	0.0	0.0	0.0	0.0	0.0	0.0	1.0	0.0
n335	2.6218671715740454e-19	5.4455925371146815e-11	6.272585189816719e-11	6.64403953824166e-11	5.804809125403132e-11	7.717740521221246e-11	9.652685902599817e-12	1.0459087755568514e-11	0.9999999996607783	2.6218671715740453e-13
KY241688	0.0	0.0	0.0	0.0	0.0	0.0	0.0	0.0	1.0	0.0
n339	1.1133272922939762e-21	2.312369924767164e-13	2.663537024596641e-13	2.821268227926247e-13	2.464904590108797e-13	3.2771954469227734e-13	4.098834134627018e-14	4.44125773304581e-14	0.9999999999985595	1.1133272922939763e-15
KY241749	0.0	0.0	0.0	0.0	0.0	0.0	0.0	0.0	1.0	0.0
KY241697	0.0	0.0	0.0	0.0	0.0	0.0	0.0	0.0	1.0	0.0
KY241706	0.0	0.0	0.0	0.0	0.0	0.0	0.0	0.0	1.0	0.0
KY241671	0.0	0.0	0.0	0.0	0.0	0.0	0.0	0.0	1.0	0.0
n349	1.8999823499388373e-36	3.946244805096278e-28	4.545539636161138e-28	4.8147205988427355e-28	4.206557449822502e-28	5.592796969544729e-28	6.99498931513893e-29	7.579362657075921e-29	1.0	1.899982349938838e-30
KY241708	0.0	0.0	0.0	0.0	0.0	0.0	0.0	0.0	1.0	0.0
KX447514	0.0	0.0	0.0	0.0	0.0	0.0	1.0	0.0	0.0	0.0
KJ776791	0.0	0.0	0.0	0.0	0.0	0.0	1.0	0.0	0.0	0.0
n29	1.2430359932889918e-16	2.5817736313299354e-08	2.9738536133516877e-08	0.9999998517275689	2.7520794170196612e-08	3.659006588416724e-08	4.576387052275177e-09	4.958688478995158e-09	1.8945919400757344e-08	1.243035993288992e-10
KU963796	0.0	0.0	0.0	1.0	0.0	0.0	0.0	0.0	0.0	0.0
KU820899	0.0	0.0	0.0	1.0	0.0	0.0	0.0	0.0	0.0	0.0
MF099651	0.0	0.0	0.0	1.0	0.0	0.0	0.0	0.0	0.0	0.0
MF036115	0.0	0.0	0.0	1.0	0.0	0.0	0.0	0.0	0.0	0.0
KX051563	0.0	0.0	0.0	0.0	0.0	1.0	0.0	0.0	0.0	0.0
n318	2.0227695234176124e-13	0.011368929126580864	4.839297082843701e-05	5.12587397105571e-05	4.478408027464149e-05	0.0009577936053936378	7.44704349763861e-06	0.9874903618116914	3.083034486843631e-05	2.0227695234176124e-07
n272	5.578058923604956e-17	1.1585573966255847e-08	1.3345012352827845e-08	1.4135286652536046e-08	1.234981226083214e-08	1.641960044780627e-08	2.0536223695662155e-09	0.999999921553429	8.501882113619943e-09	5.5780589236049576e-11
n181	9.462935571215947e-16	1.9654424863511935e-07	2.2639235945947555e-07	2.3979902095973355e-07	2.095092205754975e-07	2.785514159507706e-07	3.483881478659641e-08	0.9999986691878743	1.442307508348517e-07	9.462935571215947e-10
n182	1.1501496002913198e-19	2.3889189307160985e-11	2.7516311379457715e-11	2.9145794147286215e-11	2.5464438419341148e-11	3.385585765699057e-11	4.2343994207567956e-12	0.9999999998382487	1.7530177519860874e-11	1.1501496002913199e-13
n41	6.822330981606231e-14	1.416991489193447e-05	1.6321823141619992e-05	1.7288380310109354e-05	0.9994712212805253	2.0082245522115888e-05	2.5117145064812976e-06	0.0004479380597041001	1.0398358020253319e-05	6.822330981606232e-08
n42	2.1300173624384932e-16	4.424025281897447e-08	5.0958780469656895e-08	5.397649326638626e-08	1.1367017661649776e-06	6.269929112819069e-08	7.841887969504422e-09	0.9999986109035476	3.246497888142378e-08	2.1300173624384926e-10
n51	1.0054420156471912e-21	2.088293257672097e-13	2.40543104736377e-13	2.5478775499366177e-13	2.2260467848142884e-13	2.9596238398454465e-13	3.7016428885937846e-14	0.9999999999985862	1.532459517940766e-13	1.0054420156471914e-15
n60	7.044619150468149e-16	1.463160525007593e-07	1.6853627914566465e-07	1.785167787102861e-07	1.5596773922409333e-07	2.073657402007094e-07	2.5935522859714547e-08	0.9999990092858063	1.0737161864529512e-07	7.044619150468149e-10
MH513600	0.0	0.0	0.0	0.0	0.0	0.0	0.0	1.0	0.0	0.0
n91	4.229033964999674e-15	8.783662287964366e-07	1.011758951929029e-06	1.0716740030409742e-06	9.363073468337452e-07	1.244860424325168e-06	1.556964325963992e-07	0.999994052533024	6.445745503470825e-07	4.229033964999675e-09
KY441401	0.0	0.0	0.0	0.0	0.0	0.0	0.0	1.0	0.0	0.0
n65	1.1274109673109349e-16	2.3416221202773054e-08	2.6972309707611722e-08	2.856976797395791e-08	2.496085820853059e-08	3.318652218951393e-08	4.150684698518378e-09	0.9999998414472916	1.7183603237172656e-08	1.127410967310935e-10
n93	1.9360421710374612e-22	4.021140701728061e-14	7.234417729304435e-14	4.906099314082982e-14	4.286393827821794e-14	5.698942828304543e-14	7.127747425048993e-15	0.9999999999997018	2.9508476928242733e-14	1.9360421710374613e-16
KY785410	0.0	0.0	0.0	0.0	0.0	0.0	0.0	1.0	0.0	0.0
n99	1.956107302063881e-37	1.1966419474547718e-27	1.0	7.849475178602356e-28	4.330817992109574e-29	7.748536367920016e-28	7.201619358647379e-30	3.372400829312408e-27	1.0307766689784862e-28	1.956107302063881e-31
KY241773	0.0	0.0	0.0	0.0	0.0	0.0	0.0	0.0	1.0	0.0
KY241777	0.0	0.0	0.0	0.0	0.0	0.0	0.0	0.0	1.0	0.0
KY241751	0.0	0.0	0.0	0.0	0.0	0.0	0.0	0.0	1.0	0.0
KY241744	0.0	0.0	0.0	0.0	0.0	0.0	0.0	0.0	1.0	0.0
KY241714	0.0	0.0	0.0	0.0	0.0	0.0	0.0	0.0	1.0	0.0
KY241738	0.0	0.0	0.0	0.0	0.0	0.0	0.0	0.0	1.0	0.0
KY241721	0.0	0.0	0.0	0.0	0.0	0.0	0.0	0.0	1.0	0.0
n341	5.601933614401469e-17	1.1635161466125016e-08	1.3402130437803812e-08	1.4195787196322213e-08	1.2402670782615519e-08	1.64898780997749e-08	2.062412093690078e-09	2.234709519579466e-09	0.999999927521231	5.60193361440147e-11
KY241716	0.0	0.0	0.0	0.0	0.0	0.0	0.0	0.0	1.0	0.0
KY241783	0.0	0.0	0.0	0.0	0.0	0.0	0.0	0.0	1.0	0.0
KY241758	0.0	0.0	0.0	0.0	0.0	0.0	0.0	0.0	1.0	0.0
KY241745	0.0	0.0	0.0	0.0	0.0	0.0	0.0	0.0	1.0	0.0
n353	3.5883409010207854e-89	7.452949044512764e-81	8.584788060885524e-81	9.09316806036316e-81	7.944580195799022e-81	1.0562657130772028e-80	1.3210862855501245e-81	1.4314520883275901e-81	1.0	3.588340901020787e-83
n431	1.8906050380480105e-17	3.926768219781612e-09	4.523105247293384e-09	4.790957665658049e-09	4.185796098436824e-09	5.565193870217423e-09	6.960465730685409e-10	7.541954916119077e-10	0.9999999755390309	1.8906050380480108e-11
KY241727	0.0	0.0	0.0	0.0	0.0	0.0	0.0	0.0	1.0	0.0
KY241780	0.0	0.0	0.0	0.0	0.0	0.0	0.0	0.0	1.0	0.0
KY241682	0.0	0.0	0.0	0.0	0.0	0.0	0.0	0.0	1.0	0.0
KY241778	0.0	0.0	0.0	0.0	0.0	0.0	0.0	0.0	1.0	0.0
KY241776	0.0	0.0	0.0	0.0	0.0	0.0	0.0	0.0	1.0	0.0
KU997667	0.0	0.0	0.0	1.0	0.0	0.0	0.0	0.0	0.0	0.0
KX013000	0.0	0.0	0.0	1.0	0.0	0.0	0.0	0.0	0.0	0.0
n319	0.0	0.0	0.0	0.0	0.0	0.0	0.0	1.0	0.0	0.0
KU509998	0.0	1.0	0.0	0.0	0.0	0.0	0.0	0.0	0.0	0.0
n273	4.862655610191038e-17	1.0099688263581178e-08	1.1633473234020423e-08	1.2322392409973188e-08	1.0765910632606017e-08	1.4313735894173745e-08	1.7902389475173066e-09	0.9999999316144447	7.411489430853622e-09	4.86265561019104e-11
n309	7.874173955630408e-17	1.6354582487480056e-08	1.8838264375717992e-08	1.9953841925864196e-08	1.7433406744710906e-08	2.3178455440986294e-08	2.8989618070735935e-09	0.9999998892622053	1.2001540254372414e-08	7.87417395563041e-11
KX197205	0.0	0.0	0.0	0.0	0.0	0.0	0.0	1.0	0.0	0.0
KY559021	0.0	0.0	0.0	0.0	0.0	0.0	0.0	1.0	0.0	0.0
n183	1.244797425416848e-15	2.585432108917868e-07	2.978067683842309e-07	3.154424984316838e-07	2.755979224582478e-07	3.664191548301772e-07	4.5828555657532156e-08	0.9999982493894254	1.8972766532541494e-07	1.244797425416848e-09
n189	4.435430325012639e-19	1.339672219259723e-10	1.0611374545887254e-10	1.1255102500588484e-10	1.0707710383412497e-10	1.3056153538034726e-10	1.632951365133796e-11	0.9999999993253529	6.760327609099861e-11	4.43543032501264e-13
KU527068	0.0	0.0	0.0	0.0	0.0	0.0	0.0	1.0	0.0	0.0
KY003154	0.0	0.0	0.0	0.0	1.0	0.0	0.0	0.0	0.0	0.0
KY003153	0.0	0.0	0.0	0.0	1.0	0.0	0.0	0.0	0.0	0.0
KX101060	0.0	0.0	0.0	0.0	0.0	0.0	0.0	1.0	0.0	0.0
n43	4.792914678467598e-22	9.954837028765743e-14	1.146662422649048e-13	1.2145662820912366e-13	1.537082877543874e-13	1.4108446159977727e-13	1.7645630737355596e-14	0.9999999999992785	7.305192744474509e-14	4.792914678467601e-16
n55	6.617586345326138e-17	1.3744662279815388e-08	1.5831989717887126e-08	1.676953958719388e-08	1.4651324072390171e-08	1.947955824907112e-08	2.4363355671606213e-09	0.9999999069341212	1.0086293414108147e-08	6.61758634532614e-11
KY559017	0.0	0.0	0.0	0.0	0.0	0.0	0.0	1.0	0.0	0.0
KY559006	0.0	0.0	0.0	0.0	0.0	0.0	0.0	1.0	0.0	0.0
n54	3.248570436730852e-16	6.747249104893606e-08	7.771917292545762e-08	8.232160140837709e-08	7.192329008921164e-08	9.562507196177782e-08	1.1959961358152594e-08	0.9999995431399806	4.951357321451012e-08	3.248570436730853e-10
KY559007	0.0	0.0	0.0	0.0	0.0	0.0	0.0	1.0	0.0	0.0
KY559005	0.0	0.0	0.0	0.0	0.0	0.0	0.0	1.0	0.0	0.0
KY693680	0.0	0.0	0.0	0.0	0.0	0.0	0.0	1.0	0.0	0.0
KY631492	0.0	0.0	0.0	0.0	0.0	0.0	0.0	1.0	0.0	0.0
n66	1.515045677187849e-21	7.331641479082418e-13	3.624612710993685e-13	1.5352928198549595e-11	3.354308359970334e-13	4.4604499661174683e-13	5.577803562491783e-14	0.9999999999824818	2.309179576732777e-13	1.515045677187849e-15
n88	1.0960296339644763e-16	2.2764428572631117e-08	2.6221539077734533e-08	2.7774344600664995e-08	2.42660760618535e-08	3.22627797861654e-08	4.035150945594634e-09	0.999999845860778	1.670529994146746e-08	1.0960296339644765e-10
n94	1.1652575466942606e-15	2.420228556538689e-07	2.787775571266464e-07	2.9528640109648284e-07	2.5798780784286897e-07	3.430057587693158e-07	4.290020949887041e-08	0.999998361249676	1.776044754937444e-07	1.1652575466942606e-09
KU926309	0.0	0.0	0.0	0.0	0.0	0.0	0.0	1.0	0.0	0.0
KY785437	0.0	0.0	0.0	0.0	0.0	0.0	0.0	1.0	0.0	0.0
KY014308	0.0	0.0	0.0	0.0	0.0	0.0	0.0	1.0	0.0	0.0
KY559032	0.0	0.0	0.0	0.0	0.0	0.0	0.0	1.0	0.0	0.0
n177	2.7939111705880917e-15	5.802926244650979e-07	0.9999966277706179	7.080014001082312e-07	6.185714224744235e-07	8.224170044813973e-07	1.0286084383619275e-07	1.1145401426610273e-07	4.2583815864237173e-07	2.7939111705880923e-09
n168	2.7284122229200334e-17	5.66688556933488e-09	0.9999999670682734	6.914033968707696e-09	6.0406996743314486e-09	8.031367034808073e-09	1.0044942965150302e-09	1.0884114642525654e-09	4.1585503836224194e-09	2.7284122229200335e-11
n102	5.272304722550227e-17	1.0950525473522515e-08	0.9999999360668622	1.3360478903762288e-08	1.1672873018579334e-08	1.5816404349782574e-08	1.9410556728935248e-09	2.1032147762903477e-09	8.035862265369328e-09	5.272304722550228e-11
n162	4.58756764426846e-13	0.0053742280518363035	0.9938011685226277	0.00011625295569256108	0.00010156866378881558	0.00016665306987719843	1.6889623550405937e-05	1.8300611524574124e-05	0.0004044797438792287	4.587567644268459e-07
n153	1.150190064220683e-12	0.00023889335424354536	0.9869223632829224	0.006568516711661701	0.0002546518699773757	0.005750888065558717	4.234548393062945e-05	4.588309792232876e-05	0.0001753079425690509	1.150190064220683e-06
n119	9.455611318534459e-17	1.9639212462145957e-08	0.9999998858714951	2.396134180240415e-08	2.093470619078252e-08	2.783358241994781e-08	3.4811849762810605e-09	3.772009109970498e-09	1.4411911713983125e-08	9.45561131853446e-11
MF801378	0.0	0.0	1.0	0.0	0.0	0.0	0.0	0.0	0.0	0.0
n138	6.128834296597196e-15	1.2729529042741458e-06	0.9999926025439493	1.5530999369993557e-06	1.356922792988499e-06	1.8040865422751969e-06	2.2563962452231065e-07	2.444899438172693e-07	9.341354653511797e-07	6.128834296597198e-09
n143	3.3217402433459415e-16	6.899222079407813e-08	0.999999599068497	8.417578797216206e-08	7.354326827021255e-08	9.777890182610376e-08	1.2229343868627146e-08	1.3251004125239886e-08	5.062880178888994e-08	3.3217402433459414e-10
n152	5.094527112253161e-14	1.0581283111286987e-05	0.9999385094479831	1.2909974971055922e-05	1.1279273714337989e-05	1.4996273936750072e-05	1.8756049341483523e-06	2.032296171136297e-06	7.764899856064065e-06	5.0945271122531615e-08
n157	9.392616103508815e-15	1.95083720151024e-06	0.9999886631843081	2.380170644639214e-06	2.0795234884581794e-06	2.7648148879642044e-06	3.4579926105272977e-07	3.746879214403036e-07	1.4315896612815273e-06	9.392616103508816e-09
n160	8.972568294884082e-15	1.8635936814464462e-06	0.9999891701787956	2.273726875148824e-06	1.9865249804084142e-06	2.641169417719918e-06	3.3033474933112444e-07	3.579314780187141e-07	1.367567444952843e-06	8.972568294884083e-09
MF801381	0.0	0.0	1.0	0.0	0.0	0.0	0.0	0.0	0.0	0.0
KY241698	0.0	0.0	0.0	0.0	0.0	0.0	0.0	0.0	1.0	0.0
KY241740	0.0	0.0	0.0	0.0	0.0	0.0	0.0	0.0	1.0	0.0
KY241701	0.0	0.0	0.0	0.0	0.0	0.0	0.0	0.0	1.0	0.0
KY241687	0.0	0.0	0.0	0.0	0.0	0.0	0.0	0.0	1.0	0.0
n356	1.1794783108520962e-18	2.449764944960489e-10	2.821797482562498e-10	2.9889006646721727e-10	2.6113628242802694e-10	3.471917895863449e-10	4.342376222190225e-11	4.705145742217627e-11	0.9999999984739708	1.1794783108520963e-12
KY241741	0.0	0.0	0.0	0.0	0.0	0.0	0.0	0.0	1.0	0.0
KY241735	0.0	0.0	0.0	0.0	0.0	0.0	0.0	0.0	1.0	0.0
KY241755	0.0	0.0	0.0	0.0	0.0	0.0	0.0	0.0	1.0	0.0
KY241771	0.0	0.0	0.0	0.0	0.0	0.0	0.0	0.0	1.0	0.0
KY241704	0.0	0.0	0.0	0.0	0.0	0.0	0.0	0.0	1.0	0.0
KY241719	0.0	0.0	0.0	0.0	0.0	0.0	0.0	0.0	1.0	0.0
KY241683	0.0	0.0	0.0	0.0	0.0	0.0	0.0	0.0	1.0	0.0
KY241786	0.0	0.0	0.0	0.0	0.0	0.0	0.0	0.0	1.0	0.0
KY241748	0.0	0.0	0.0	0.0	0.0	0.0	0.0	0.0	1.0	0.0
KY241722	0.0	0.0	0.0	0.0	0.0	0.0	0.0	0.0	1.0	0.0
KY241770	0.0	0.0	0.0	0.0	0.0	0.0	0.0	0.0	1.0	0.0
KY241711	0.0	0.0	0.0	0.0	0.0	0.0	0.0	0.0	1.0	0.0
KY241743	0.0	0.0	0.0	0.0	0.0	0.0	0.0	0.0	1.0	0.0
KY241699	0.0	0.0	0.0	0.0	0.0	0.0	0.0	0.0	1.0	0.0
KY241732	0.0	0.0	0.0	0.0	0.0	0.0	0.0	0.0	1.0	0.0
KY241724	0.0	0.0	0.0	0.0	0.0	0.0	0.0	0.0	1.0	0.0
n410	7.702167928361907e-19	1.5997327646888813e-10	1.8426755176891617e-10	1.951796368673063e-10	1.7052585714745038e-10	2.2672137691202113e-10	2.8356359386780537e-11	3.072529804112827e-11	0.9999999990034806	7.702167928361908e-13
KY241674	0.0	0.0	0.0	0.0	0.0	0.0	0.0	0.0	1.0	0.0
KY241685	0.0	0.0	0.0	0.0	0.0	0.0	0.0	0.0	1.0	0.0
KY241676	0.0	0.0	0.0	0.0	0.0	0.0	0.0	0.0	1.0	0.0
KY241678	0.0	0.0	0.0	0.0	0.0	0.0	0.0	0.0	1.0	0.0
n405	6.003070416707698e-18	1.246831869113021e-09	1.436181473932619e-09	1.5212302755791375e-09	1.3290786929691076e-09	1.7670666275193146e-09	2.2100949205935746e-10	2.394730021868687e-10	0.9999999922331254	6.0030704167077006e-12
KY241756	0.0	0.0	0.0	0.0	0.0	0.0	0.0	0.0	1.0	0.0
KY241680	0.0	0.0	0.0	0.0	0.0	0.0	0.0	0.0	1.0	0.0
KY241679	0.0	0.0	0.0	0.0	0.0	0.0	0.0	0.0	1.0	0.0
KX827309	0.0	0.0	0.0	0.0	0.0	0.0	0.0	0.0	1.0	0.0
KY241781	0.0	0.0	0.0	0.0	0.0	0.0	0.0	0.0	1.0	0.0
KY241779	0.0	0.0	0.0	0.0	0.0	0.0	0.0	0.0	1.0	0.0
MF352141	0.0	0.0	0.0	0.0	0.0	0.0	0.0	1.0	0.0	0.0
KR872956	0.0	0.0	0.0	0.0	0.0	0.0	0.0	1.0	0.0	0.0
KU321639	0.0	0.0	0.0	0.0	0.0	0.0	0.0	1.0	0.0	0.0
MF783073	0.0	1.0	0.0	0.0	0.0	0.0	0.0	0.0	0.0	0.0
n274	4.320661490872565e-33	8.974553999493214e-25	1.0336802276565953e-24	1.0948932153371205e-24	1.288820941940502e-24	1.2718322070241644e-24	1.590697984818705e-25	1.0	6.5854009703640515e-25	4.3206614908725655e-27
KY559003	0.0	0.0	0.0	0.0	0.0	0.0	0.0	1.0	0.0	0.0
KY014313	0.0	0.0	0.0	0.0	0.0	0.0	0.0	1.0	0.0	0.0
n310	9.858321762091961e-23	2.047563812467802e-14	2.358516241851481e-14	2.4981845105724644e-14	2.1826306361430245e-14	2.9019002243678555e-14	3.6294471561314415e-15	0.9999999999998613	1.502570887244641e-14	9.858321762091962e-17
n184	9.844091289696355e-20	2.0446081572342965e-11	2.3551117272612477e-11	2.4945783850498095e-11	2.1794800121558387e-11	2.8977113358293965e-11	3.6242080547090024e-12	0.9999999998615583	1.500401928465511e-11	9.844091289696356e-14
n186	1.2507335834698853e-16	2.597761451040325e-08	2.992269416672862e-08	3.169467725320238e-08	2.7691218676099488e-08	3.681665251028975e-08	4.604710169897695e-09	0.9999998241041159	1.906324337523164e-08	1.2507335834698852e-10
MF073359	0.0	0.0	0.0	0.0	0.0	0.0	0.0	1.0	0.0	0.0
n190	6.379586912031454e-20	1.6334420515586442e-10	1.5262597135129867e-11	1.6716536503452483e-11	4.5965381070208144e-11	1.8778981999335576e-11	2.3487135167570862e-12	0.9999999997277962	9.723543010662771e-12	6.379586912031455e-14
n44	3.6403585256564997e-17	7.560989143410916e-09	8.709235624605367e-09	9.224985247180298e-09	8.05974714920063e-09	1.0715776454977803e-08	1.3402371333677291e-09	0.9999999488041188	5.548507009395435e-09	3.6403585256565e-11
KU940227	0.0	0.0	0.0	0.0	0.0	0.0	0.0	1.0	0.0	0.0
KX101066	0.0	0.0	0.0	0.0	0.0	0.0	0.0	1.0	0.0	0.0
KX101061	0.0	0.0	0.0	0.0	0.0	0.0	0.0	1.0	0.0	0.0
n56	7.43607011285134e-17	1.5444645080053474e-08	1.7790139701206743e-08	1.884364866937964e-08	1.6463445637599842e-08	2.1888850911597097e-08	2.7376691667401213e-09	0.9999998954234424	1.1333797716001318e-08	7.43607011285134e-11
KY559009	0.0	0.0	0.0	0.0	0.0	0.0	0.0	1.0	0.0	0.0
KY559011	0.0	0.0	0.0	0.0	0.0	0.0	0.0	1.0	0.0	0.0
KY559010	0.0	0.0	0.0	0.0	0.0	0.0	0.0	1.0	0.0	0.0
KU312312	0.0	0.0	0.0	0.0	0.0	0.0	0.0	1.0	0.0	0.0
n87	4.0002169775458676e-17	8.308411648818962e-09	9.57016512562066e-09	1.0136898287100822e-08	8.856473076365e-09	1.17750574842256e-08	1.472722891728955e-09	0.9999999437432786	6.096990662482399e-09	4.0002169775458685e-11
n82	1.7709364690974709e-12	0.014988213048165147	0.0004236808785968429	0.9651293087620705	0.00039208501055202613	0.0005212936908568356	6.519893026996654e-05	0.018208528804991547	0.00026991993625708323	1.7709364690974712e-06
n70	3.013890805712279e-16	6.259821827996453e-08	7.210467042953217e-08	7.637462511562238e-08	6.672748734812539e-08	8.87170313202031e-08	1.1095963063151126e-08	0.9999995761439467	4.593666844402722e-08	3.0138908057122794e-10
n72	3.930791045022103e-17	4.686142135559079e-07	9.404069725800562e-09	9.961060439209365e-09	8.702764188659744e-09	1.1882654202678816e-08	1.447162988183396e-09	0.9999994839575929	5.99117408685474e-09	3.930791045022104e-11
n89	2.517260512040438e-20	5.228325525782998e-12	6.022323013890858e-12	6.378957161451228e-12	5.5732101724042765e-12	7.409819866878016e-12	9.267565237927885e-13	0.9999999999645985	3.836720338695735e-12	2.5172605120404382e-14
n90	1.1265053450460344e-19	2.3397406117716926e-11	2.6950643496340722e-11	2.854662560210257e-11	2.4940807748139386e-11	3.3159864249013764e-11	4.147350552774602e-12	0.9999999998415747	1.7169800059685458e-11	1.1265053450460345e-13
KY559025	0.0	0.0	0.0	0.0	0.0	0.0	0.0	1.0	0.0	0.0
KY272991	0.0	0.0	0.0	0.0	0.0	0.0	0.0	1.0	0.0	0.0
n178	2.702471749787217e-14	5.613007459706434e-06	0.9999673813729828	6.848298552740131e-06	5.9832675142315e-06	7.955008536251266e-06	9.949440324120028e-07	1.078063354788492e-06	4.119012822695366e-06	2.7024717497872174e-08
MF801406	0.0	0.0	1.0	0.0	0.0	0.0	0.0	0.0	0.0	0.0
n169	3.787758474489167e-15	7.86713739914134e-07	0.9999954282045345	9.598509542612507e-07	8.386090338946376e-07	1.11496636367029e-06	1.394504009415719e-07	1.5110032541349775e-07	5.773168850672481e-07	3.787758474489168e-09
n175	8.352168148203427e-16	1.7347371762268943e-07	0.9999989918997021	2.116512079953743e-07	1.8491685013350954e-07	2.458548139139495e-07	3.074940508595844e-08	3.331826286183649e-08	1.2730082267267534e-07	8.352168148203429e-10
n103	1.7749214468341157e-18	3.6864945294089575e-10	0.999999992434341	4.497805380033501e-10	3.929672838945127e-10	5.945809158777992e-09	6.53456415101e-11	7.080472791660787e-11	2.705273126115886e-10	1.7749214468341155e-12
n112	1.951067070985078e-14	4.052347272340255e-06	0.9999764507618365	4.944173717848509e-06	4.319658928842076e-06	5.74317825777802e-06	7.183063205989154e-07	7.783148564380522e-07	2.9737481192759872e-06	1.951067070985078e-08
n163	2.3476376798766064e-14	7.650192730575085e-05	0.9998950699979056	5.949118145905884e-06	5.197665532043944e-06	7.3394524735834546e-06	8.643080542998087e-07	9.365138241296768e-07	8.117540358332085e-06	2.347637679876607e-08
n164	8.920480999766793e-12	0.8063606357293125	0.1289209785109008	0.002260527501360884	0.001974992862790385	0.007443670821687215	0.00032841709955567307	0.0003558536245084813	0.05234600335996378	8.920480999766792e-06
n154	1.7331521870834936e-12	0.0003599740184396796	0.9822872721891389	0.005117499154712206	0.0003837195774206494	0.01145269457786106	6.38078613009111e-05	6.913847892446454e-05	0.0002641609882819873	1.7331521870834936e-06
MF593625	0.0	0.0	0.0	1.0	0.0	0.0	0.0	0.0	0.0	0.0
n120	1.4693831118944e-14	3.0518943884905777e-06	0.9999822646583906	3.7235446547774327e-06	3.2532115238770577e-06	4.325283029925054e-06	5.409691918597929e-07	5.861626813316943e-07	2.2395822934399215e-06	1.4693831118944e-08
n122	8.030520326897575e-17	1.6679312375327995e-08	0.999999903069701	2.0350037234162763e-08	1.7779628409112074e-08	2.3641140209685376e-08	2.9565224047352665e-09	3.203515331841685e-09	1.2239837919494005e-08	8.030520326897575e-11
n139	4.9012846382428206e-17	1.0179920377990119e-08	0.9999999408418697	1.242028172812114e-08	1.0851435230103386e-08	1.4427444482588484e-08	1.8044606395446228e-09	1.9552083607510015e-09	7.470366442939344e-09	4.901284638242821e-11
MF801383	0.0	0.0	1.0	0.0	0.0	0.0	0.0	0.0	0.0	0.0
n144	1.8415246589165705e-15	3.8248287511408456e-07	0.9999977772938422	4.6665837145149e-07	4.0771322287529196e-07	5.420720635674344e-07	6.77977103765415e-08	7.346164680069811e-08	2.806787410075351e-07	1.8415246589165706e-09
n149	1.1915545490621668e-15	2.474847173910211e-07	0.9999985618027862	3.019502903035287e-07	2.638099593603437e-07	3.507465567381007e-07	4.386836191631317e-08	4.7533199733784106e-08	1.816125725241901e-07	1.191554549062167e-09
KY765324	0.0	0.0	1.0	0.0	0.0	0.0	0.0	0.0	0.0	0.0
MF434518	0.0	0.0	1.0	0.0	0.0	0.0	0.0	0.0	0.0	0.0
n158	5.918513180231084e-16	1.229269413588638e-07	0.9999992856399925	1.4998027361337357e-07	1.3103577362692438e-07	1.7421763196733123e-07	2.1789642648017865e-08	2.3609986579664377e-08	9.020790571661973e-08	5.918513180231084e-10
MF801403	0.0	0.0	1.0	0.0	0.0	0.0	0.0	0.0	0.0	0.0
n161	4.1747541522195185e-14	8.670923646359519e-06	0.9999496110371587	1.0579190262004348e-05	9.242898062059238e-06	1.228882593139837e-05	1.5369806292573021e-06	1.6653826139397482e-06	6.363014113263851e-06	4.174754152219519e-08
MF801411	0.0	0.0	1.0	0.0	0.0	0.0	0.0	0.0	0.0	0.0
n357	1.5640295490570924e-28	3.248474115131812e-20	3.741802289687114e-20	3.9633869616190534e-20	3.462758562752139e-20	4.60388472689049e-20	5.758142953660526e-21	6.239188042493249e-21	1.0	1.5640295490570926e-22
n361	1.2711627386503983e-77	2.6401926070484675e-69	3.0411443625950167e-69	3.2212369820635966e-69	2.814351979837465e-69	3.7418006081745894e-69	4.679922301294335e-70	5.0708909968049634e-70	1.0	1.2711627386503988e-71
n411	3.912349321019192e-27	8.125911371908766e-19	9.3599495330961e-19	9.91423358821758e-19	8.661934245426583e-19	1.1516409837755015e-18	1.4403734692011796e-19	1.5607047268688452e-19	1.0	3.912349321019193e-21
n416	2.9519110452905403e-36	6.13109044300286e-28	7.062185950949466e-28	7.480399430955204e-28	6.53552565853045e-28	8.689259218117479e-28	1.0867777910922282e-28	1.177569062386569e-28	1.0	2.9519110452905407e-30
n406	3.1679486110834456e-19	6.57979835954921e-11	7.579036709190999e-11	8.02785741984021e-11	7.013832434304929e-11	9.32518841151934e-11	1.1663143438348757e-11	1.2637502344774067e-11	0.9999999995901254	3.1679486110834464e-13
KY241684	0.0	0.0	0.0	0.0	0.0	0.0	0.0	0.0	1.0	0.0
KY785429	0.0	0.0	0.0	0.0	0.0	0.0	0.0	1.0	0.0	0.0
n276	1.394822882882466e-15	2.89703352022272e-07	3.3369903145526026e-07	3.53460254706637e-07	3.088135313131206e-07	4.1058071895709035e-07	5.135190418567311e-08	0.9999980384023628	2.1259402028658237e-07	1.394822882882466e-09
KY558999	0.0	0.0	0.0	0.0	0.0	0.0	0.0	1.0	0.0	0.0
n281	1.5209057694761804e-19	9.179207298995372e-10	3.9446233571570624e-11	3.854107552013422e-11	3.367282593585148e-11	4.874485428164125e-11	5.5993781223446865e-12	0.9999999988927419	2.3181113242264254e-11	1.5209057694761807e-13
KY558996	0.0	0.0	0.0	0.0	0.0	0.0	0.0	1.0	0.0	0.0
n305	1.1279730068098103e-17	2.3427889309368233e-09	2.698575600525395e-09	2.858381742815173e-09	2.497330175276227e-09	3.3203066409628705e-09	4.1527539073650164e-10	0.9999999841368447	1.719216964643451e-09	1.1279730068098104e-11
KY559015	0.0	0.0	0.0	0.0	0.0	0.0	0.0	1.0	0.0	0.0
KU497555	0.0	0.0	0.0	0.0	0.0	0.0	0.0	1.0	0.0	0.0
n307	4.0310315494110873e-16	8.372413202446214e-08	9.643886261919216e-08	1.0214984681358955e-07	2.7173099580912874e-06	1.1865763402702804e-07	1.4840676076879823e-08	0.9999968050362154	6.143957154046539e-08	4.031031549411088e-10
KY014317	0.0	0.0	0.0	0.0	0.0	0.0	0.0	1.0	0.0	0.0
n314	2.164143349365149e-21	4.4949046238196884e-13	5.177521450760044e-13	5.484127546771378e-13	4.791409419697422e-13	6.370382528226861e-13	7.967526435399424e-14	0.9999999999969565	3.2985115226043754e-13	2.1641433493651487e-15
n313	0.0	0.0	0.0	0.0	0.0	0.0	0.0	1.0	0.0	0.0
KY785427	0.0	0.0	0.0	0.0	0.0	0.0	0.0	1.0	0.0	0.0
KX879604	0.0	0.0	0.0	0.0	0.0	0.0	0.0	1.0	0.0	0.0
MF794971	0.0	0.0	0.0	0.0	0.0	0.0	0.0	1.0	0.0	0.0
KX879603	0.0	0.0	0.0	0.0	0.0	0.0	0.0	1.0	0.0	0.0
KX811222	0.0	0.0	0.0	0.0	0.0	0.0	0.0	1.0	0.0	0.0
n187	1.6631504556793928e-20	3.454347271188924e-12	3.97894028722609e-12	4.214567963389465e-12	3.68221206883267e-12	4.8956574931972775e-12	6.123067229146072e-13	0.9999999999766104	2.5349156946985468e-12	1.6631504556793932e-14
n191	7.747385985214386e-16	1.5521427288749433e-05	1.8534935376407548e-07	1.9632556704979084e-07	3.430114247226893e-06	2.2805241775743424e-07	2.852283452505417e-08	0.9999802913506068	1.180829446893609e-07	7.747385985214389e-10
n269	1.5615387247060567e-17	3.243676835083683e-09	3.735843212848998e-09	5.768799022655885e-08	3.4573236762581696e-09	4.596552724631317e-09	5.748972715991829e-10	0.9999999243080581	2.380042651955954e-09	1.5615387247060573e-11
n45	1.2545171838873776e-17	2.6056199521953158e-09	3.00132134584771e-09	3.179055697984632e-09	2.7774987520459903e-09	3.692802674989573e-09	4.6186399016579335e-10	0.9999999823572013	1.9120911688089433e-09	1.2545171838873779e-11
KU940228	0.0	0.0	0.0	0.0	0.0	0.0	0.0	1.0	0.0	0.0
n57	3.793697897743466e-17	7.879473523297075e-09	9.076086502787368e-09	9.613560557920894e-09	8.399240211174835e-09	1.1167146950891877e-08	1.3966906719491195e-09	0.999999946647643	5.78222151164694e-09	3.7936978977434676e-11
KY559013	0.0	0.0	0.0	0.0	0.0	0.0	0.0	1.0	0.0	0.0
KY785450	0.0	0.0	0.0	0.0	0.0	0.0	0.0	1.0	0.0	0.0
KY014297	0.0	0.0	0.0	0.0	0.0	0.0	0.0	1.0	0.0	0.0
n83	1.7487021739166382e-12	0.01849822395653895	0.0004183615202338647	0.9653399747457161	0.0003871623416631548	0.0005147487932839012	6.438035078595164e-05	0.014508868525023668	0.00026653106283183265	1.7487021739166381e-06
KU820898	0.0	0.0	0.0	1.0	0.0	0.0	0.0	0.0	0.0	0.0
n71	8.630167119948845e-17	1.792477291539555e-08	2.0646911120876943e-08	2.1869594414342464e-08	1.9107174228646207e-08	2.5403800470393066e-08	3.177288819166179e-09	0.9999998786303578	1.3153798566764712e-08	8.630167119948844e-11
MF073357	0.0	0.0	0.0	0.0	0.0	0.0	0.0	1.0	0.0	0.0
n73	4.062178071013998e-18	9.144951139768531e-10	9.71840155858981e-10	1.02939128215009e-09	8.993654824045923e-10	1.1957926022954544e-09	1.4955345345121564e-10	0.9999999942163567	6.191429591778719e-10	4.062178071014e-12
KU365778	0.0	0.0	0.0	0.0	0.0	0.0	0.0	1.0	0.0	0.0
n76	1.315442179391054e-13	0.5859855401640426	3.1470790061248244e-05	3.333444937625386e-05	2.912386580699717e-05	0.000435713710986017	4.842941823429671e-06	0.4134597930244153	2.0049509138634685e-05	1.315442179391054e-07
KU365779	0.0	0.0	0.0	0.0	0.0	0.0	0.0	1.0	0.0	0.0
KU707826	0.0	0.0	0.0	0.0	0.0	0.0	0.0	1.0	0.0	0.0
KU365777	0.0	0.0	0.0	0.0	0.0	0.0	0.0	1.0	0.0	0.0
KU365780	0.0	0.0	0.0	0.0	0.0	0.0	0.0	1.0	0.0	0.0
MF801377	0.0	0.0	1.0	0.0	0.0	0.0	0.0	0.0	0.0	0.0
KY765323	0.0	0.0	1.0	0.0	0.0	0.0	0.0	0.0	0.0	0.0
MF801397	0.0	0.0	1.0	0.0	0.0	0.0	0.0	0.0	0.0	0.0
n170	5.546206004672e-16	1.151941576438077e-07	0.9999993305771835	1.4054568584476212e-07	1.2279289956537928e-07	1.6325838046021258e-07	2.0418953749694158e-08	2.2124787991643398e-08	8.45333300980953e-08	5.546206004672001e-10
n176	1.0363307026723825e-14	2.1524487592815346e-06	0.9999874915677992	2.6261521704455337e-06	2.29443428142721e-06	3.0505479240577368e-06	3.815362911047669e-07	4.134104839694515e-07	1.5795389732368307e-06	1.0363307026723827e-08
MF801408	0.0	0.0	1.0	0.0	0.0	0.0	0.0	0.0	0.0	0.0
n104	1.0973630561385673e-14	2.279212362015258e-06	0.9999146908719158	2.7808134644796737e-06	2.4295598004414506e-06	7.52942430984149e-05	4.04006008270181e-07	4.3775735965226786e-07	1.6725623495390198e-06	1.0973630561385675e-08
n107	3.083510573485875e-15	6.40442137921428e-07	0.9999962781329794	7.813884085717033e-07	6.826886773406611e-07	9.077569979874589e-07	1.1352275723920668e-07	1.23006642109754e-07	4.6997788569316563e-07	3.0835105734858753e-09
MF801389	0.0	0.0	1.0	0.0	0.0	0.0	0.0	0.0	0.0	0.0
KY765319	0.0	0.0	1.0	0.0	0.0	0.0	0.0	0.0	0.0	0.0
n113	1.991617617913508e-15	4.136570362710163e-07	0.9999975961327705	5.046932332018909e-07	4.409437765620035e-07	5.862535175121882e-07	7.33235440461375e-08	7.94491180450917e-08	3.035553843157714e-07	1.991617617913508e-09
KX906952	0.0	0.0	1.0	0.0	0.0	0.0	0.0	0.0	0.0	0.0
KX262887	0.0	0.0	1.0	0.0	0.0	0.0	0.0	0.0	0.0	0.0
n165	8.338049100469058e-13	0.9794517828496577	0.009935341203929771	0.00021129341904097364	0.00018460425467475012	0.006109896005644677	3.069742429360508e-05	3.32619395053828e-05	0.00404228909750911	8.338049100469058e-07
MF988734	0.0	0.0	0.0	0.0	0.0	0.0	0.0	0.0	1.0	0.0
n155	0.0	0.0	0.0	0.0	0.0	1.0	0.0	0.0	0.0	0.0
MF801426	0.0	0.0	1.0	0.0	0.0	0.0	0.0	0.0	0.0	0.0
MF801419	0.0	0.0	1.0	0.0	0.0	0.0	0.0	0.0	0.0	0.0
n121	2.5711160956555626e-14	5.340183047546105e-06	0.9999689668256665	6.51543189607485e-06	5.692446336086583e-06	7.568349415769611e-06	9.465840359709098e-07	1.0256632817165874e-06	3.9188051336623835e-06	2.5711160956555633e-08
n123	5.321163783036598e-16	1.1052005265496598e-07	0.9999993577376632	1.3484292014202166e-07	1.1781052343209156e-07	1.5663591670998385e-07	1.9590436613577887e-08	2.122705512008084e-08	8.110331534720267e-08	5.321163783036598e-10
n125	4.9770614070139175e-17	1.0337307987469516e-08	0.9999999391850843	1.2612306653431565e-08	1.1040024710352742e-08	1.537184725701649e-08	1.8323586717405933e-09	1.985437042165648e-09	7.58586274082114e-09	4.9770614070139163e-11
KY606271	0.0	0.0	1.0	0.0	0.0	0.0	0.0	0.0	0.0	0.0
n141	3.2302556377107057e-15	6.709209446003113e-07	0.9999961011061883	8.185748846572277e-07	7.151780077367838e-07	9.508595667757012e-07	1.1892533456301803e-07	1.2886055996289458e-07	4.92344254601811e-07	3.2302556377107065e-09
MF801402	0.0	0.0	1.0	0.0	0.0	0.0	0.0	0.0	0.0	0.0
n145	2.1864133313109128e-17	4.5411591590609706e-09	0.9999999736101587	5.540561618705983e-09	4.840715119018461e-09	6.435936551685078e-09	8.049515768463149e-10	8.72198605255694e-10	3.3324546493745334e-09	2.1864133313109133e-11
KY014310	0.0	0.0	1.0	0.0	0.0	0.0	0.0	0.0	0.0	0.0
n150	2.1236675755837627e-15	4.410836836546723e-07	0.9999974367495031	5.381558414261508e-07	4.701796130530339e-07	6.251237850408248e-07	7.818510522155485e-08	8.471682233753738e-08	3.236819765335433e-07	2.123667575583763e-09
MF801385	0.0	0.0	1.0	0.0	0.0	0.0	0.0	0.0	0.0	0.0
KU501216	0.0	0.0	1.0	0.0	0.0	0.0	0.0	0.0	0.0	0.0
KU501217	0.0	0.0	1.0	0.0	0.0	0.0	0.0	0.0	0.0	0.0
MG494697	0.0	0.0	1.0	0.0	0.0	0.0	0.0	0.0	0.0	0.0
KY606273	0.0	0.0	1.0	0.0	0.0	0.0	0.0	0.0	0.0	0.0
KY241695	0.0	0.0	0.0	0.0	0.0	0.0	0.0	0.0	1.0	0.0
KY241752	0.0	0.0	0.0	0.0	0.0	0.0	0.0	0.0	1.0	0.0
KY241772	0.0	0.0	0.0	0.0	0.0	0.0	0.0	0.0	1.0	0.0
KY241725	0.0	0.0	0.0	0.0	0.0	0.0	0.0	0.0	1.0	0.0
KY241737	0.0	0.0	0.0	0.0	0.0	0.0	0.0	0.0	1.0	0.0
KY241760	0.0	0.0	0.0	0.0	0.0	0.0	0.0	0.0	1.0	0.0
KY241785	0.0	0.0	0.0	0.0	0.0	0.0	0.0	0.0	1.0	0.0
KY241702	0.0	0.0	0.0	0.0	0.0	0.0	0.0	0.0	1.0	0.0
KY241709	0.0	0.0	0.0	0.0	0.0	0.0	0.0	0.0	1.0	0.0
KY241763	0.0	0.0	0.0	0.0	0.0	0.0	0.0	0.0	1.0	0.0
KY241762	0.0	0.0	0.0	0.0	0.0	0.0	0.0	0.0	1.0	0.0
KY241742	0.0	0.0	0.0	0.0	0.0	0.0	0.0	0.0	1.0	0.0
KY241757	0.0	0.0	0.0	0.0	0.0	0.0	0.0	0.0	1.0	0.0
KY241703	0.0	0.0	0.0	0.0	0.0	0.0	0.0	0.0	1.0	0.0
KY241784	0.0	0.0	0.0	0.0	0.0	0.0	0.0	0.0	1.0	0.0
KY241761	0.0	0.0	0.0	0.0	0.0	0.0	0.0	0.0	1.0	0.0
KY241746	0.0	0.0	0.0	0.0	0.0	0.0	0.0	0.0	1.0	0.0
KY241754	0.0	0.0	0.0	0.0	0.0	0.0	0.0	0.0	1.0	0.0
KY241753	0.0	0.0	0.0	0.0	0.0	0.0	0.0	0.0	1.0	0.0
KY241765	0.0	0.0	0.0	0.0	0.0	0.0	0.0	0.0	1.0	0.0
KY241733	0.0	0.0	0.0	0.0	0.0	0.0	0.0	0.0	1.0	0.0
KY241726	0.0	0.0	0.0	0.0	0.0	0.0	0.0	0.0	1.0	0.0
KY241720	0.0	0.0	0.0	0.0	0.0	0.0	0.0	0.0	1.0	0.0
KY241739	0.0	0.0	0.0	0.0	0.0	0.0	0.0	0.0	1.0	0.0
KY241705	0.0	0.0	0.0	0.0	0.0	0.0	0.0	0.0	1.0	0.0
KY241696	0.0	0.0	0.0	0.0	0.0	0.0	0.0	0.0	1.0	0.0
KY241764	0.0	0.0	0.0	0.0	0.0	0.0	0.0	0.0	1.0	0.0
KY241731	0.0	0.0	0.0	0.0	0.0	0.0	0.0	0.0	1.0	0.0
KY241750	0.0	0.0	0.0	0.0	0.0	0.0	0.0	0.0	1.0	0.0
KY241718	0.0	0.0	0.0	0.0	0.0	0.0	0.0	0.0	1.0	0.0
KY241710	0.0	0.0	0.0	0.0	0.0	0.0	0.0	0.0	1.0	0.0
n415	0.0	0.0	0.0	0.0	0.0	0.0	0.0	0.0	1.0	0.0
KY241728	0.0	0.0	0.0	0.0	0.0	0.0	0.0	0.0	1.0	0.0
KY241747	0.0	0.0	0.0	0.0	0.0	0.0	0.0	0.0	1.0	0.0
KY241715	0.0	0.0	0.0	0.0	0.0	0.0	0.0	0.0	1.0	0.0
KY241768	0.0	0.0	0.0	0.0	0.0	0.0	0.0	0.0	1.0	0.0
KY241723	0.0	0.0	0.0	0.0	0.0	0.0	0.0	0.0	1.0	0.0
n422	3.6021617342184967e-36	7.481654780232005e-28	8.617853181257293e-28	9.128191254220039e-28	7.975179495235911e-28	1.0603340200289607e-27	1.3261745738973037e-28	1.436965460966645e-28	1.0	3.602161734218497e-30
KY241689	0.0	0.0	0.0	0.0	0.0	0.0	0.0	0.0	1.0	0.0
KY241736	0.0	0.0	0.0	0.0	0.0	0.0	0.0	0.0	1.0	0.0
n407	2.0077629163420506e-20	4.1701039900369735e-12	4.803395103402439e-12	5.087845923019612e-12	4.445183426829142e-12	5.910060351057252e-12	7.391795056765819e-13	8.009318230179695e-13	0.9999999999740232	2.0077629163420503e-14
KY241767	0.0	0.0	0.0	0.0	0.0	0.0	0.0	0.0	1.0	0.0
KY014307	0.0	0.0	0.0	0.0	0.0	0.0	0.0	1.0	0.0	0.0
KY785433	0.0	0.0	0.0	0.0	0.0	0.0	0.0	1.0	0.0	0.0
n290	5.28898014112347e-15	5.490279423228891e-05	1.361586847876002e-06	1.340273586533477e-06	1.170979236481981e-06	1.5568669235900506e-06	1.947194907540002e-07	0.9999386613628617	8.061278354522677e-07	5.28898014112347e-09
n283	2.122358769709847e-16	6.701087838139365e-06	1.4802978152115701e-07	5.378241786299401e-08	4.698898436717832e-08	1.9691169091973045e-07	7.813692012604217e-09	0.99999281282511	3.2348249292460257e-08	2.1223587697098462e-10
KX548902	0.0	0.0	0.0	0.0	0.0	0.0	0.0	1.0	0.0	0.0
KY785455	0.0	0.0	0.0	0.0	0.0	0.0	0.0	1.0	0.0	0.0
KY785480	0.0	0.0	0.0	0.0	0.0	0.0	0.0	1.0	0.0	0.0
KU991811	0.0	0.0	0.0	0.0	1.0	0.0	0.0	0.0	0.0	0.0
KY559001	0.0	0.0	0.0	0.0	0.0	0.0	0.0	1.0	0.0	0.0
KY558995	0.0	0.0	0.0	0.0	0.0	0.0	0.0	1.0	0.0	0.0
KY014309	0.0	0.0	0.0	0.0	0.0	0.0	0.0	1.0	0.0	0.0
KY559031	0.0	0.0	0.0	0.0	0.0	0.0	0.0	1.0	0.0	0.0
KY014301	0.0	0.0	0.0	0.0	0.0	0.0	0.0	1.0	0.0	0.0
KY785479	0.0	0.0	0.0	0.0	0.0	0.0	0.0	1.0	0.0	0.0
KY014296	0.0	0.0	0.0	0.0	0.0	0.0	0.0	1.0	0.0	0.0
KY014320	0.0	0.0	0.0	0.0	0.0	0.0	0.0	1.0	0.0	0.0
KX280026	0.0	0.0	0.0	0.0	0.0	0.0	0.0	1.0	0.0	0.0
MH513599	0.0	0.0	0.0	0.0	0.0	0.0	0.0	1.0	0.0	0.0
KY558989	0.0	0.0	0.0	0.0	0.0	0.0	0.0	1.0	0.0	0.0
n193	1.6088003196731971e-13	0.008110449284562293	3.8489123964644394e-05	4.0768399923884644e-05	3.690566620337383e-05	4.7356721775654895e-05	5.9229713595614844e-06	0.9916954261808149	2.4520771202925853e-05	1.6088003196731973e-07
MF098767	0.0	0.0	0.0	0.0	1.0	0.0	0.0	0.0	0.0	0.0
n270	2.8573420887469946e-13	5.934671658157215e-05	6.835938091155965e-05	0.002488608933656769	6.326150164850778e-05	8.410885593443134e-05	1.0519612129090004e-05	0.9971819586569329	4.3550607710525424e-05	2.857342088746995e-07
n271	9.60300772655519e-17	1.9945471443993322e-08	2.2974346182122932e-08	4.12025176456695e-08	2.1261066603059538e-08	2.8267458649456085e-08	3.5354505487410646e-09	0.9999998480810905	1.4636568158478592e-08	9.603007726555193e-11
KX520666	0.0	0.0	0.0	0.0	0.0	0.0	0.0	1.0	0.0	0.0
KU940224	0.0	0.0	0.0	0.0	0.0	0.0	0.0	1.0	0.0	0.0
KY559019	0.0	0.0	0.0	0.0	0.0	0.0	0.0	1.0	0.0	0.0
n58	0.0	0.0	0.0	0.0	0.0	0.0	0.0	1.0	0.0	0.0
KX766028	0.0	1.0	0.0	0.0	0.0	0.0	0.0	0.0	0.0	0.0
n84	0.0	0.0	0.0	1.0	0.0	0.0	0.0	0.0	0.0	0.0
KY441403	0.0	0.0	0.0	0.0	0.0	0.0	0.0	1.0	0.0	0.0
KY441402	0.0	0.0	0.0	0.0	0.0	0.0	0.0	1.0	0.0	0.0
KU758877	0.0	0.0	0.0	0.0	0.0	0.0	0.0	1.0	0.0	0.0
KY348640	0.0	0.0	0.0	0.0	0.0	0.0	0.0	1.0	0.0	0.0
KU937936	0.0	0.0	0.0	0.0	0.0	0.0	0.0	1.0	0.0	0.0
KY785456	0.0	0.0	0.0	0.0	0.0	0.0	0.0	1.0	0.0	0.0
n78	1.4959894820040813e-13	0.9724723972309817	3.579022450365722e-05	3.7909675116240485e-05	3.312117978665934e-05	0.01419893489177441	5.50764613094763e-06	0.013193388204696377	2.2801347912248792e-05	1.4959894820040817e-07
KY785481	0.0	1.0	0.0	0.0	0.0	0.0	0.0	0.0	0.0	0.0
n171	4.963397875196406e-15	1.0308928965182357e-06	0.999994009216783	1.2577682074958711e-06	1.0988953823183005e-06	1.4610281298632491e-06	1.8273282955878828e-07	1.9799864198046167e-07	7.56503726400938e-07	4.963397875196407e-09
n173	6.103986942542658e-15	1.267792133077441e-06	0.9999926325345154	1.5468034012881304e-06	1.3514215933426252e-06	1.796772463464838e-06	2.2472484246622666e-07	2.434987393071106e-07	9.303483186411813e-07	6.103986942542657e-09
MF801384	0.0	0.0	1.0	0.0	0.0	0.0	0.0	0.0	0.0	0.0
MF801386	0.0	0.0	1.0	0.0	0.0	0.0	0.0	0.0	0.0	0.0
n105	6.133446740561974e-13	0.00012739109043858512	0.9940435348555975	0.00015542687704323444	0.00013579439872392007	0.005396707247228387	2.2580943660630195e-05	2.446739422925479e-05	9.348384779113066e-05	6.133446740561975e-07
MF801387	0.0	0.0	1.0	0.0	0.0	0.0	0.0	0.0	0.0	0.0
n108	7.989526849385059e-16	1.6594169322456063e-07	0.9999990356684106	2.0246156195353445e-07	1.7688797840632318e-07	2.351819060932657e-07	2.9414302152157642e-08	3.1871623150543435e-08	1.2177357096323802e-07	7.989526849385062e-10
MF434517	0.0	0.0	1.0	0.0	0.0	0.0	0.0	0.0	0.0	0.0
KX421195	0.0	0.0	1.0	0.0	0.0	0.0	0.0	0.0	0.0	0.0
KX421194	0.0	0.0	1.0	0.0	0.0	0.0	0.0	0.0	0.0	0.0
n166	1.945703597127589e-13	0.9970479700555988	0.0013990309005198684	4.9305822084242975e-05	4.3077842075253894e-05	0.0008719496367909911	7.163317000287183e-06	7.76175272695658e-06	0.0005735461026494495	1.9457035971275896e-07
n167	1.0257422896076394e-12	0.9783727140907037	0.00911774060799208	0.00025993202104545346	0.00022709915542562314	0.008218520462665968	3.776380529854197e-05	4.0918658038512654e-05	0.0037242854555145704	1.0257422896076398e-06
KY325479	0.0	0.0	0.0	0.0	0.0	1.0	0.0	0.0	0.0	0.0
KY325465	0.0	0.0	0.0	0.0	0.0	1.0	0.0	0.0	0.0	0.0
MF801391	0.0	0.0	1.0	0.0	0.0	0.0	0.0	0.0	0.0	0.0
MF801412	0.0	0.0	1.0	0.0	0.0	0.0	0.0	0.0	0.0	0.0
MF801414	0.0	0.0	1.0	0.0	0.0	0.0	0.0	0.0	0.0	0.0
n124	1.282203823681141e-14	2.6631248329434065e-06	0.9999845238980442	3.2492160522028758e-06	2.8387969224093175e-06	3.7743012151017146e-06	4.7205712430031823e-07	5.114935820473091e-07	1.9542901758242203e-06	1.2822038236811413e-08
n126	1.690509613481548e-16	3.5111719750352564e-08	0.9999987797137586	4.283898449747163e-08	3.742790213788237e-08	1.0660048961766496e-06	6.22379291032744e-09	6.743739191188991e-09	2.5766155651279398e-08	1.6905096134815482e-10
n129	4.748169486760695e-19	9.861901702112774e-11	0.9999999967683035	1.2032274611902366e-10	2.763666448918769e-09	1.398212328552425e-10	1.7480896501897848e-11	1.894128042746283e-11	7.236993689883373e-11	4.748169486760693e-13
MF801396	0.0	0.0	1.0	0.0	0.0	0.0	0.0	0.0	0.0	0.0
MF801418	0.0	0.0	1.0	0.0	0.0	0.0	0.0	0.0	0.0	0.0
KY785442	0.0	0.0	1.0	0.0	0.0	0.0	0.0	0.0	0.0	0.0
KY014319	0.0	0.0	1.0	0.0	0.0	0.0	0.0	0.0	0.0	0.0
n147	5.4553283521678755e-15	1.1330663766708113e-06	0.9999934154604653	1.382427670587677e-06	1.207808700000735e-06	1.60583301612555e-06	2.0084377900582284e-07	2.1762261105130662e-07	8.314820473650581e-07	5.455328352167876e-09
n151	2.6868395621697956e-15	5.580539558528551e-07	0.999996757005229	6.808685229179957e-07	5.948657879420311e-07	7.908993555355849e-07	9.891888744590206e-08	1.0718274011187277e-07	4.095186789639513e-07	2.6868395621697964e-09
KY328289	0.0	0.0	1.0	0.0	0.0	0.0	0.0	0.0	0.0	0.0
KY241713	0.0	0.0	0.0	0.0	0.0	0.0	0.0	0.0	1.0	0.0
KX813683	0.0	0.0	0.0	0.0	0.0	0.0	0.0	0.0	1.0	0.0
KY241759	0.0	0.0	0.0	0.0	0.0	0.0	0.0	0.0	1.0	0.0
KY241692	0.0	0.0	0.0	0.0	0.0	0.0	0.0	0.0	1.0	0.0
KY241693	0.0	0.0	0.0	0.0	0.0	0.0	0.0	0.0	1.0	0.0
KY241775	0.0	0.0	0.0	0.0	0.0	0.0	0.0	0.0	1.0	0.0
n427	1.8150549762308683e-20	3.769851478433885e-12	4.34235841008445e-12	4.599507235494441e-12	4.0185283996702115e-12	5.342804353391947e-12	6.68232005475284e-13	7.24057247575322e-13	0.9999999999765166	1.815054976230869e-14
KY241774	0.0	0.0	0.0	0.0	0.0	0.0	0.0	0.0	1.0	0.0
n408	1.3070095536505428e-21	2.714646092091695e-13	3.126904695273127e-13	3.3120759302617277e-13	2.893716762724065e-13	3.847319461182404e-13	4.811896205066609e-14	5.213890225716721e-14	0.9999999999983088	1.307009553650543e-15
KY241677	0.0	0.0	0.0	0.0	0.0	0.0	0.0	0.0	1.0	0.0
n291	7.80653784707935e-18	7.363731496784575e-08	1.0800126711567449e-07	1.9782446141860286e-09	1.728366052400964e-09	2.297936475346364e-09	2.8740608464682725e-10	0.9999998108718131	1.1898451665779048e-09	7.806537847079353e-12
KY014303	0.0	1.0	0.0	0.0	0.0	0.0	0.0	0.0	0.0	0.0
n286	2.113819180903559e-12	0.8919893338707692	0.013531808323039683	0.0005356601725245032	0.00046799918027100643	0.01862864572596006	7.78225259821353e-05	0.07444443546146147	0.00032218091869736366	2.1138191809035594e-06
KY317937	0.0	0.0	0.0	0.0	0.0	0.0	0.0	1.0	0.0	0.0
n285	2.9802876223980588e-16	6.618174913897676e-08	7.136329323826786e-08	7.55230814635711e-08	6.598351348377483e-08	8.781435037878712e-08	1.0972249330672098e-08	0.9999995764392333	4.5424500489022485e-08	2.980287622398059e-10
n194	0.0	1.0	0.0	0.0	0.0	0.0	0.0	0.0	0.0	0.0
KY559026	0.0	0.0	0.0	0.0	0.0	0.0	0.0	1.0	0.0	0.0
KU729217	0.0	0.0	0.0	0.0	0.0	0.0	0.0	1.0	0.0	0.0
KY120352	0.0	0.0	0.0	1.0	0.0	0.0	0.0	0.0	0.0	0.0
KY785426	0.0	0.0	0.0	0.0	0.0	0.0	0.0	1.0	0.0	0.0
MF073358	0.0	0.0	0.0	0.0	0.0	0.0	0.0	1.0	0.0	0.0
n59	0.0	0.0	0.0	0.0	0.0	0.0	0.0	1.0	0.0	0.0
KY559018	0.0	0.0	0.0	0.0	0.0	0.0	0.0	1.0	0.0	0.0
KX056898	0.0	0.0	0.0	1.0	0.0	0.0	0.0	0.0	0.0	0.0
n85	0.0	0.0	0.0	1.0	0.0	0.0	0.0	0.0	0.0	0.0
n80	1.2313321375738124e-13	0.98338300490181	2.94585317426815e-05	3.1203027733235134e-05	2.7261671018595122e-05	0.014300755280118066	4.5332816607338815e-06	0.0022048926392500873	1.87675333296741e-05	1.2313321375738123e-07
KX377337	0.0	1.0	0.0	0.0	0.0	0.0	0.0	0.0	0.0	0.0
KY075933	0.0	0.0	0.0	0.0	0.0	1.0	0.0	0.0	0.0	0.0
n172	1.0535660165476658e-14	2.1882463380573215e-06	0.9999872835388807	2.6698279554291947e-06	2.3325932348429805e-06	3.1012818749357223e-06	3.8788165722684054e-07	4.202859528059652e-07	1.6058084352066224e-06	1.053566016547666e-08
KY014306	0.0	0.0	1.0	0.0	0.0	0.0	0.0	0.0	0.0	0.0
MF801410	0.0	0.0	1.0	0.0	0.0	0.0	0.0	0.0	0.0	0.0
n174	8.297716921975452e-15	1.7234277096605243e-06	0.9999899847192336	2.1027136654540792e-06	1.8371130098012595e-06	2.4425198506111513e-06	3.054893704185288e-07	3.310104737522022e-07	1.2647089614684888e-06	8.297716921975453e-09
KY785431	0.0	0.0	1.0	0.0	0.0	0.0	0.0	0.0	0.0	0.0
KU870645	0.0	0.0	0.0	0.0	0.0	1.0	0.0	0.0	0.0	0.0
n109	1.3229490706413052e-16	2.7477523133797844e-08	0.9999998403210433	3.352468053194301e-08	2.929006824206068e-08	3.8942408346662246e-08	4.870579250729295e-09	5.277475753158856e-09	2.016392654677521e-08	1.3229490706413052e-10
MF434516	0.0	0.0	1.0	0.0	0.0	0.0	0.0	0.0	0.0	0.0
MH063262	0.0	1.0	0.0	0.0	0.0	0.0	0.0	0.0	0.0	0.0
MH063263	0.0	1.0	0.0	0.0	0.0	0.0	0.0	0.0	0.0	0.0
MH063265	0.0	1.0	0.0	0.0	0.0	0.0	0.0	0.0	0.0	0.0
MF159531	0.0	0.0	0.0	0.0	0.0	1.0	0.0	0.0	0.0	0.0
MF801401	0.0	0.0	1.0	0.0	0.0	0.0	0.0	0.0	0.0	0.0
MF801417	0.0	0.0	1.0	0.0	0.0	0.0	0.0	0.0	0.0	0.0
n128	1.961482068817207e-13	4.073979121231615e-05	0.9984314570821351	4.9705662285514156e-05	4.342717719449251e-05	0.0013895318128696941	7.221407140357668e-06	7.824695816461525e-06	2.989622294324168e-05	1.961482068817207e-07
MF801413	0.0	0.0	1.0	0.0	0.0	0.0	0.0	0.0	0.0	0.0
KY631493	0.0	0.0	1.0	0.0	0.0	0.0	0.0	0.0	0.0	0.0
n134	1.8445454831127402e-15	3.8311029735259267e-07	0.9999977736182424	4.674238745866232e-07	4.0841152053845127e-07	5.429612753944703e-07	6.790892526739768e-08	7.358215277332874e-08	2.8113916445507393e-07	1.8445454831127412e-09
MF801393	0.0	0.0	1.0	0.0	0.0	0.0	0.0	0.0	0.0	0.0
MF801398	0.0	0.0	1.0	0.0	0.0	0.0	0.0	0.0	0.0	0.0
MF098771	0.0	0.0	0.0	0.0	1.0	0.0	0.0	0.0	0.0	0.0
n133	1.4915385773684315e-17	3.0979110741372635e-09	0.9999999819972224	3.779688532008726e-09	3.3022848716362657e-09	4.390499962565342e-09	5.49125964695784e-10	5.950008848902386e-10	2.2733508782132886e-09	1.4915385773684316e-11
MF434521	0.0	0.0	1.0	0.0	0.0	0.0	0.0	0.0	0.0	0.0
n148	2.7043561958082797e-16	5.616921435708024e-08	0.9999996735862786	6.85307390292086e-08	5.987439674277589e-08	7.960555600410158e-08	9.956378114767448e-09	1.0788150933402622e-08	4.121885029342872e-08	2.7043561958082806e-10
KY014312	0.0	0.0	1.0	0.0	0.0	0.0	0.0	0.0	0.0	0.0
KY785452	0.0	0.0	1.0	0.0	0.0	0.0	0.0	0.0	0.0	0.0
n428	0.0	0.0	0.0	0.0	0.0	0.0	0.0	0.0	1.0	0.0
KY241690	0.0	0.0	0.0	0.0	0.0	0.0	0.0	0.0	1.0	0.0
KY241675	0.0	0.0	0.0	0.0	0.0	0.0	0.0	0.0	1.0	0.0
KY241681	0.0	0.0	0.0	0.0	0.0	0.0	0.0	0.0	1.0	0.0
n292	1.5423420010805887e-15	3.900022414489401e-07	2.2046971364183118e-05	3.908428828039427e-07	3.414742371174422e-07	4.540045161971885e-07	5.678297913879555e-08	0.999976083301068	2.3507836779173662e-07	1.5423420010805887e-09
n294	5.283010545640351e-22	2.931091474883428e-13	2.37220307241142e-12	1.3387608390973306e-13	1.16965756913319e-13	1.5551094740084145e-13	1.944997136776142e-14	0.999999999996828	8.052179706093437e-14	5.283010545640355e-16
n287	1.835213437522347e-12	0.929507166469505	0.04545279294791997	0.0004650590530370242	0.00040631591961222716	0.005064138992110105	6.75653559749124e-05	0.01875540923982859	0.0002797168067393333	1.8352134375223474e-06
n289	2.7824034928227274e-12	0.9030601783871808	0.009225942956550425	0.0007050852544355836	0.0006160236247206387	0.03688570367574735	0.00010243717630588571	0.048977762320096326	0.0004240841986877964	2.7824034928227284e-06
KY693678	0.0	0.0	0.0	0.0	0.0	0.0	0.0	1.0	0.0	0.0
KY693679	0.0	0.0	0.0	0.0	0.0	0.0	0.0	1.0	0.0	0.0
KY014302	0.0	1.0	0.0	0.0	0.0	0.0	0.0	0.0	0.0	0.0
KY785476	0.0	1.0	0.0	0.0	0.0	0.0	0.0	0.0	0.0	0.0
n197	4.885732642531286e-15	0.9999327196235129	1.1688682991727353e-06	3.5326586950205304e-05	2.8222428740755987e-05	1.4381665554963896e-06	1.798735005104037e-07	1.9490043970382438e-07	7.44666263557878e-07	4.885732642531286e-09
n267	1.6028043705369101e-12	0.033848462605369826	0.0003834567618758332	0.00040616457329989577	0.9553810166606852	0.009612055120034583	5.900896628115117e-05	6.393867602526203e-05	0.00024429383045478727	1.6028043705369104e-06
MH063264	0.0	1.0	0.0	0.0	0.0	0.0	0.0	0.0	0.0	0.0
n258	1.0498025192416364e-15	0.9999926868664032	2.511559626597736e-07	2.660290925798394e-07	6.245343079711449e-06	3.090203626588453e-07	3.864960852274561e-08	4.187846277572222e-08	1.6000722443794894e-07	1.0498025192416368e-09
n207	7.143362547716131e-16	0.9999669218320777	1.7089862754334503e-07	1.8101902231197866e-07	4.165961643239065e-06	2.8395902478689333e-05	2.6299057293624492e-08	2.8496125420247856e-08	1.088766309343337e-07	7.143362547716131e-10
MF098766	0.0	0.0	0.0	0.0	1.0	0.0	0.0	0.0	0.0	0.0
MH063261	0.0	1.0	0.0	0.0	0.0	0.0	0.0	0.0	0.0	0.0
MF384325	0.0	1.0	0.0	0.0	0.0	0.0	0.0	0.0	0.0	0.0
MF783072	0.0	1.0	0.0	0.0	0.0	0.0	0.0	0.0	0.0	0.0
n253	0.0	1.0	0.0	0.0	0.0	0.0	0.0	0.0	0.0	0.0
KY415990	0.0	1.0	0.0	0.0	0.0	0.0	0.0	0.0	0.0	0.0
KY415986	0.0	1.0	0.0	0.0	0.0	0.0	0.0	0.0	0.0	0.0
KY415987	0.0	1.0	0.0	0.0	0.0	0.0	0.0	0.0	0.0	0.0
n257	0.0	1.0	0.0	0.0	0.0	0.0	0.0	0.0	0.0	0.0
KY559024	0.0	0.0	0.0	0.0	0.0	0.0	0.0	1.0	0.0	0.0
KY559023	0.0	0.0	0.0	0.0	0.0	0.0	0.0	1.0	0.0	0.0
KY379148	0.0	0.0	0.0	1.0	0.0	0.0	0.0	0.0	0.0	0.0
KU955590	0.0	0.0	0.0	1.0	0.0	0.0	0.0	0.0	0.0	0.0
MF167360	0.0	0.0	0.0	1.0	0.0	0.0	0.0	0.0	0.0	0.0
n81	2.2612521799029327e-14	0.9982524032947712	5.4098457343224455e-06	5.730209772675469e-06	5.006408193004666e-06	0.001496475368539423	8.325043036435802e-07	0.00023067323473928645	3.4465214021576323e-06	2.261252179902933e-08
KY075934	0.0	0.0	0.0	0.0	0.0	1.0	0.0	0.0	0.0	0.0
KY693677	0.0	0.0	1.0	0.0	0.0	0.0	0.0	0.0	0.0	0.0
KY765325	0.0	0.0	1.0	0.0	0.0	0.0	0.0	0.0	0.0	0.0
KY785418	0.0	0.0	1.0	0.0	0.0	0.0	0.0	0.0	0.0	0.0
KY014315	0.0	0.0	1.0	0.0	0.0	0.0	0.0	0.0	0.0	0.0
n111	9.293790443399697e-15	1.9303112083172837e-06	0.9999887824661229	2.3551273624975176e-06	2.057643505374178e-06	2.7357245203511315e-06	3.421608881157144e-07	3.70745592619112e-07	1.416527000173864e-06	9.293790443399697e-09
KY785448	0.0	0.0	1.0	0.0	0.0	0.0	0.0	0.0	0.0	0.0
MF434522	0.0	0.0	1.0	0.0	0.0	0.0	0.0	0.0	0.0	0.0
KX827268	0.0	0.0	0.0	0.0	0.0	1.0	0.0	0.0	0.0	0.0
KY606272	0.0	0.0	1.0	0.0	0.0	0.0	0.0	0.0	0.0	0.0
n135	6.082832047463944e-16	1.26339828200775e-07	0.9999992658065037	1.5414425668090163e-07	1.346741178965101e-07	1.790545298679361e-07	2.2394600225757228e-08	2.4265483345830567e-08	9.271239636003246e-08	6.082832047463945e-10
MF801395	0.0	0.0	1.0	0.0	0.0	0.0	0.0	0.0	0.0	0.0
KX856011	0.0	0.0	1.0	0.0	0.0	0.0	0.0	0.0	0.0	0.0
KY648934	0.0	0.0	1.0	0.0	0.0	0.0	0.0	0.0	0.0	0.0
KY765317	0.0	0.0	1.0	0.0	0.0	0.0	0.0	0.0	0.0	0.0
KY765318	0.0	0.0	1.0	0.0	0.0	0.0	0.0	0.0	0.0	0.0
KY241694	0.0	0.0	0.0	0.0	0.0	0.0	0.0	0.0	1.0	0.0
KY241686	0.0	0.0	0.0	0.0	0.0	0.0	0.0	0.0	1.0	0.0
n293	5.573595679249186e-17	1.1625673349955936e-08	2.8698123589705605e-08	1.4123976402997064e-08	1.2339930645986745e-08	1.6406462420981456e-08	2.0519791781664047e-09	0.9999999062030389	8.495079392838981e-09	5.573595679249189e-11
KX198135	0.0	0.0	1.0	0.0	0.0	0.0	0.0	0.0	0.0	0.0
n297	2.7836382025148276e-17	5.781597591610588e-09	7.483129985657809e-07	7.0539814061462064e-09	6.162969892207793e-09	8.193930487741163e-09	1.0248263347079452e-09	0.9999992191991356	4.242723888161285e-09	2.7836382025148284e-11
n296	5.668800843454944e-17	1.1774046839275699e-08	1.356213854331962e-08	1.4365234572779976e-08	1.255071470551456e-08	1.6686708789293777e-08	2.087029983041158e-09	0.9999999202772506	8.640187770819695e-09	5.668800843454945e-11
KY785469	0.0	0.0	0.0	0.0	0.0	0.0	0.0	1.0	0.0	0.0
KU647676	0.0	1.0	0.0	0.0	0.0	0.0	0.0	0.0	0.0	0.0
n288	1.8628312264845657e-15	4.284169384898887e-05	0.999954236428148	4.7205764105907226e-07	4.124304930402585e-07	7.550566936963236e-07	6.858213457097125e-08	9.279619944135278e-07	2.839262134381759e-07	1.8628312264845657e-09
KY075932	0.0	0.0	0.0	0.0	0.0	1.0	0.0	0.0	0.0	0.0
KY785451	0.0	1.0	0.0	0.0	0.0	0.0	0.0	0.0	0.0	0.0
n198	1.3908301563001107e-16	0.9999996571884737	3.327438069534625e-08	1.3019747315288419e-07	1.0639274521358288e-07	4.0940541808491464e-08	5.120490766345305e-09	5.548265303272672e-09	2.1198546288014394e-08	1.3908301563001112e-10
n201	5.413491013033905e-13	0.9907181536100472	0.00012951298189975218	0.004931438294285539	0.003936965739867214	0.0001593517757326971	1.9930349238093513e-05	2.1595364625321977e-05	8.251053466142049e-05	5.413491013033906e-07
KX269878	0.0	0.0	0.0	0.0	1.0	0.0	0.0	0.0	0.0	0.0
n268	1.7032604874188459e-12	0.019066886707639057	0.0004074899988686071	0.0004316210273742305	0.9618042819561711	0.01789775863481848	6.27073662373703e-05	6.794604662528e-05	0.00025960500007524514	1.7032604874188457e-06
n259	1.1506928506522285e-13	0.9990934701942003	2.7529308163601252e-05	2.915955803937834e-05	0.0007894888488939354	3.3871848800130884e-05	4.236399455371674e-06	4.590315495445782e-06	1.7538457551660247e-05	1.150692850652228e-07
n263	3.5981402937615537e-16	0.9999994954572885	8.608232240835353e-08	9.118000574201505e-08	1.385633946105108e-07	1.0591502669271747e-07	1.324694037353434e-08	1.4353612378733102e-08	5.4841594584763534e-08	3.598140293761554e-10
n208	3.0801018060112795e-16	0.9999720524888893	7.368871001926137e-08	7.805245972343701e-08	7.946833497440587e-07	2.6930205955450134e-05	1.1339725979942787e-08	1.2287066039969007e-08	4.694583332893876e-08	3.08010180601128e-10
n223	6.722350860009467e-13	0.9843540923727124	0.00016082629548289543	0.00017035021982834403	0.007742082724876576	0.00741795073965509	2.474905749698486e-05	2.6816635995464967e-05	0.00010245971819396958	6.722350860009467e-07
KY415988	0.0	1.0	0.0	0.0	0.0	0.0	0.0	0.0	0.0	0.0
KX673530	0.0	0.0	0.0	0.0	1.0	0.0	0.0	0.0	0.0	0.0
KY415991	0.0	1.0	0.0	0.0	0.0	0.0	0.0	0.0	0.0	0.0
KY415989	0.0	1.0	0.0	0.0	0.0	0.0	0.0	0.0	0.0	0.0
KY785464	0.0	1.0	0.0	0.0	0.0	0.0	0.0	0.0	0.0	0.0
KY785462	0.0	1.0	0.0	0.0	0.0	0.0	0.0	0.0	0.0	0.0
KY785414	0.0	0.0	1.0	0.0	0.0	0.0	0.0	0.0	0.0	0.0
KY693676	0.0	0.0	1.0	0.0	0.0	0.0	0.0	0.0	0.0	0.0
n136	3.2508071712542606e-15	6.751894780677735e-07	0.9999960763006173	8.237828220735577e-07	7.197281409011723e-07	9.56909125843244e-07	1.196819613680044e-07	1.2968039666238116e-07	4.954766473899548e-07	3.250807171254261e-09
KY120349	0.0	0.0	1.0	0.0	0.0	0.0	0.0	0.0	0.0	0.0
KY317936	0.0	0.0	0.0	0.0	0.0	0.0	0.0	1.0	0.0	0.0
KY317939	0.0	0.0	0.0	0.0	0.0	0.0	0.0	1.0	0.0	0.0
KY785466	0.0	0.0	0.0	0.0	0.0	0.0	0.0	1.0	0.0	0.0
n299	1.908269088791668e-20	3.963456282439312e-12	4.709052794942644e-12	4.8357199071700434e-12	4.224904274495494e-12	5.617189852954941e-12	7.025497832786044e-13	0.9999999999730195	2.9085169332500753e-12	1.908269088791668e-14
n302	1.8064371384553166e-14	3.751952313451365e-06	0.9994966585713333	4.577668884743611e-06	3.999448522587524e-06	5.317436845637632e-06	6.650592558368261e-07	0.0004822584902152327	2.7533082398646465e-06	1.8064371384553168e-08
KY317940	0.0	0.0	0.0	0.0	0.0	0.0	0.0	1.0	0.0	0.0
KY317938	0.0	0.0	0.0	0.0	0.0	0.0	0.0	1.0	0.0	0.0
KU922960	0.0	0.0	1.0	0.0	0.0	0.0	0.0	0.0	0.0	0.0
KU922923	0.0	0.0	1.0	0.0	0.0	0.0	0.0	0.0	0.0	0.0
KY785423	0.0	1.0	0.0	0.0	0.0	0.0	0.0	0.0	0.0	0.0
n199	7.167889105549658e-17	0.9999998977279915	1.7148540373510543e-08	2.5677332424460554e-08	2.1851647191690017e-08	2.1099432038850947e-08	2.638935445345233e-09	2.8593966158903158e-09	1.0925045614164932e-08	7.167889105549661e-11
LC190723	0.0	0.0	0.0	1.0	0.0	0.0	0.0	0.0	0.0	0.0
n202	1.2016347517444198e-12	0.9758738971450291	0.000287480480669662	0.0022694468549661322	0.020938936359617067	0.0003537137699343451	4.4239475416574585e-05	4.7935316689176274e-05	0.00018314896172444127	1.20163475174442e-06
KU853012	0.0	0.0	0.0	0.0	1.0	0.0	0.0	0.0	0.0	0.0
KX922707	0.0	0.0	0.0	0.0	0.0	1.0	0.0	0.0	0.0	0.0
n260	1.0639496070790306e-14	0.9999806967226456	2.545405282323536e-06	2.696140877299253e-06	8.481477250352167e-06	3.131847060795833e-06	3.917044877282157e-07	4.244281490912267e-07	1.621634740346603e-06	1.0639496070790308e-08
n261	0.0	0.0	0.0	0.0	1.0	0.0	0.0	0.0	0.0	0.0
n264	1.2000204331008538e-16	0.999999851093345	2.870942692198578e-08	3.040956189795592e-08	2.6848418721220534e-08	3.532385783401756e-08	4.41800425399514e-09	4.787091868861558e-09	1.829029129288049e-08	1.200020433100854e-10
n266	6.675494726335629e-15	0.9999917315816301	1.5970530394937642e-06	1.691628446320971e-06	1.478541382781068e-06	1.9650017631407773e-06	2.457655160276283e-07	2.662971866445194e-07	1.0174555340967662e-06	6.67549472633563e-09
n221	5.0078953516827295e-15	0.9999910118323265	1.19809464627678e-06	1.2690442552046353e-06	1.1821633884300251e-06	4.186426830853355e-06	1.8437105200055648e-07	1.9977372432070243e-07	7.632858759734242e-07	5.007895351682731e-09
KY785424	0.0	1.0	0.0	0.0	0.0	0.0	0.0	0.0	0.0	0.0
n210	6.786019287916981e-14	0.0006850248501990686	1.623495062781693e-05	1.7196363318864498e-05	1.5024721737225694e-05	0.9992509028328307	2.4983459660132814e-06	2.7070620515338255e-06	1.0343013008068974e-05	6.786019287916978e-08
n224	6.637886960991072e-13	0.9798541188099814	0.0001588055714439317	0.0001682098311362069	0.003538624682471825	0.016127487177322392	2.443809457095532e-05	2.6479694695925177e-05	0.00010117234901744067	6.637886960991072e-07
MF098765	0.0	0.0	0.0	0.0	1.0	0.0	0.0	0.0	0.0	0.0
KX446950	0.0	0.0	1.0	0.0	0.0	0.0	0.0	0.0	0.0	0.0
KX446951	0.0	0.0	1.0	0.0	0.0	0.0	0.0	0.0	0.0	0.0
KU820897	0.0	0.0	0.0	0.0	0.0	0.0	0.0	1.0	0.0	0.0
KX247646	0.0	0.0	0.0	0.0	0.0	0.0	0.0	1.0	0.0	0.0
n301	0.0	0.0	0.0	0.0	0.0	0.0	0.0	1.0	0.0	0.0
n303	6.280560079867517e-16	1.3044662014408216e-07	0.9999857950671802	1.5915485706276372e-07	1.3905148536708767e-07	1.8487486151046297e-07	2.3122557237318934e-08	1.3471928283925145e-05	9.572609780183579e-08	6.280560079867519e-10
KX156775	0.0	0.0	1.0	0.0	0.0	0.0	0.0	0.0	0.0	0.0
n200	2.035832845434094e-15	0.9999974746174719	4.870549924749185e-07	5.180876103628025e-07	4.524765470700558e-07	5.992687126177753e-07	7.495137518875018e-08	8.121294097931229e-08	3.1029451448910353e-07	2.035832845434094e-09
KY785419	0.0	1.0	0.0	0.0	0.0	0.0	0.0	0.0	0.0	0.0
MF098764	0.0	0.0	0.0	0.0	1.0	0.0	0.0	0.0	0.0	0.0
KY785413	0.0	1.0	0.0	0.0	0.0	0.0	0.0	0.0	0.0	0.0
KY785484	0.0	1.0	0.0	0.0	0.0	0.0	0.0	0.0	0.0	0.0
KY785435	0.0	1.0	0.0	0.0	0.0	0.0	0.0	0.0	0.0	0.0
MF664436	0.0	0.0	0.0	0.0	1.0	0.0	0.0	0.0	0.0	0.0
MF098768	0.0	0.0	0.0	0.0	1.0	0.0	0.0	0.0	0.0	0.0
MF098769	0.0	0.0	0.0	0.0	1.0	0.0	0.0	0.0	0.0	0.0
KY785415	0.0	1.0	0.0	0.0	0.0	0.0	0.0	0.0	0.0	0.0
KY785470	0.0	1.0	0.0	0.0	0.0	0.0	0.0	0.0	0.0	0.0
KY014314	0.0	1.0	0.0	0.0	0.0	0.0	0.0	0.0	0.0	0.0
KY785420	0.0	1.0	0.0	0.0	0.0	0.0	0.0	0.0	0.0	0.0
KY014318	0.0	1.0	0.0	0.0	0.0	0.0	0.0	0.0	0.0	0.0
KY785430	0.0	1.0	0.0	0.0	0.0	0.0	0.0	0.0	0.0	0.0
n222	3.2095742947150447e-15	0.9999960131326739	7.678622473677615e-07	8.133340523962776e-07	7.109074823081082e-07	9.561624162090453e-07	1.1816392868347758e-07	1.2803554493681003e-07	4.891920767114631e-07	3.2095742947150445e-09
n211	1.1262382774099407e-15	9.237040642475227e-06	2.6944254139484644e-07	2.853985787579209e-07	2.4935548961650594e-07	0.9999896995879208	4.1463673145564675e-08	4.492761915943695e-08	1.716572950828123e-07	1.1262382774099402e-09
n220	1.902713677142706e-16	2.9576697097363624e-07	4.5520740947917196e-08	4.821642010681965e-08	4.2126232199255293e-08	0.999999524583565	7.0050449874670805e-09	7.59025840008844e-09	2.9000495693195453e-08	1.9027136771427064e-10
n225	4.957866506876812e-32	1.1744504752200404e-21	1.1861256878796682e-23	1.2563665106359235e-23	1.5006867741557537e-23	1.0	1.8252918628662138e-24	1.9777798600181322e-24	7.556606546079672e-24	4.957866506876814e-26
KY785425	0.0	1.0	0.0	0.0	0.0	0.0	0.0	0.0	0.0	0.0
KX702400	0.0	0.0	0.0	0.0	0.0	0.0	0.0	1.0	0.0	0.0
KX893855	0.0	0.0	0.0	0.0	0.0	0.0	0.0	1.0	0.0	0.0
KX156774	0.0	0.0	1.0	0.0	0.0	0.0	0.0	0.0	0.0	0.0
KX156776	0.0	0.0	1.0	0.0	0.0	0.0	0.0	0.0	0.0	0.0
KY785465	0.0	1.0	0.0	0.0	0.0	0.0	0.0	0.0	0.0	0.0
KY785441	0.0	1.0	0.0	0.0	0.0	0.0	0.0	0.0	0.0	0.0
KY785453	0.0	1.0	0.0	0.0	0.0	0.0	0.0	0.0	0.0	0.0
KY014300	0.0	1.0	0.0	0.0	0.0	0.0	0.0	0.0	0.0	0.0
n212	8.016001777554449e-24	4.845793825091467e-15	1.9177574888832434e-15	2.0313245966885966e-15	1.7747436392613259e-15	0.9999999999999877	2.951177244687115e-16	3.197723628001397e-16	1.2217709254905381e-15	8.016001777554449e-18
n219	0.0	0.0	0.0	0.0	0.0	1.0	0.0	0.0	0.0	0.0
KY325464	0.0	0.0	0.0	0.0	0.0	1.0	0.0	0.0	0.0	0.0
KY325476	0.0	0.0	0.0	0.0	0.0	1.0	0.0	0.0	0.0	0.0
KY785443	0.0	0.0	0.0	0.0	0.0	1.0	0.0	0.0	0.0	0.0
n227	1.9670952935490174e-19	4.085637734238449e-11	4.7061014146899445e-11	4.984790628421679e-11	4.3551453843009495e-11	0.9999999997734155	7.242072830757364e-12	7.847087953903976e-12	2.998177774931438e-11	1.9670952935490184e-13
n238	1.2429417027141305e-16	2.5815777907258415e-08	2.973628031495434e-08	3.1497224215230886e-08	2.75187065785927e-08	0.9999998568288982	4.576023523090695e-09	4.958312337363083e-09	1.8944482256828108e-08	1.2429417027141306e-10
KY325472	0.0	0.0	0.0	0.0	0.0	1.0	0.0	0.0	0.0	0.0
KX842449	0.0	0.0	0.0	0.0	0.0	1.0	0.0	0.0	0.0	0.0
KY075936	0.0	0.0	0.0	0.0	0.0	1.0	0.0	0.0	0.0	0.0
n244	0.0	0.0	0.0	0.0	0.0	1.0	0.0	0.0	0.0	0.0
n245	6.502696626880005e-16	1.3506037455436562e-07	1.555712623349681e-07	1.647839904423674e-07	1.4396958445755194e-07	0.999999250971919	2.3940376819884726e-08	2.5940396754556405e-08	9.911182527745416e-08	6.502696626880006e-10
KX922704	0.0	0.0	0.0	0.0	0.0	1.0	0.0	0.0	0.0	0.0
KX922706	0.0	0.0	0.0	0.0	0.0	1.0	0.0	0.0	0.0	0.0
KX922705	0.0	0.0	0.0	0.0	0.0	1.0	0.0	0.0	0.0	0.0
KY014298	0.0	0.0	0.0	0.0	0.0	1.0	0.0	0.0	0.0	0.0
KY325473	0.0	0.0	0.0	0.0	0.0	1.0	0.0	0.0	0.0	0.0
n216	4.229848893864886e-17	8.785354955502401e-09	1.0119539164484409e-08	1.0718805131060156e-08	9.364877719355486e-09	0.9999999512775116	1.5572643507880291e-09	1.6873608721820729e-09	6.446987589515074e-09	4.229848893864885e-11
KX838906	0.0	0.0	0.0	0.0	0.0	1.0	0.0	0.0	0.0	0.0
KY075937	0.0	0.0	0.0	0.0	0.0	1.0	0.0	0.0	0.0	0.0
KY785422	0.0	0.0	0.0	0.0	0.0	1.0	0.0	0.0	0.0	0.0
KY014326	0.0	0.0	0.0	0.0	0.0	1.0	0.0	0.0	0.0	0.0
n229	2.472930816356368e-18	5.136253180311366e-10	5.916268139856166e-10	6.266621855348983e-10	5.475064307189163e-10	0.9999999971514977	9.104360696814817e-11	9.864954526354991e-11	3.7691545685953644e-10	2.4729308163563682e-12
n236	1.3874112251052536e-16	2.8816395793256283e-08	3.31925857920408e-08	3.5158207613795873e-08	3.0717259163600876e-08	0.999999840187844	5.107903603538447e-09	5.53462658740447e-09	2.1146436135770848e-08	1.387411225105254e-10
KY325467	0.0	0.0	0.0	0.0	0.0	1.0	0.0	0.0	0.0	0.0
KX832731	0.0	0.0	0.0	0.0	0.0	1.0	0.0	0.0	0.0	0.0
KX838904	0.0	0.0	0.0	0.0	0.0	1.0	0.0	0.0	0.0	0.0
KY014324	0.0	0.0	0.0	0.0	0.0	1.0	0.0	0.0	0.0	0.0
n246	1.2841105803681712e-16	2.6670851479805535e-08	3.0721209281050976e-08	3.2540479395523904e-08	2.843018477733498e-08	0.9999998520867667	4.727591172766267e-09	5.122542207148354e-09	1.9571963876076575e-08	1.2841105803681717e-10
KY325477	0.0	0.0	0.0	0.0	0.0	1.0	0.0	0.0	0.0	0.0
n217	4.7963399862891764e-17	9.961951359743266e-09	1.1474818972336166e-08	1.2154342848964109e-08	1.061908796250438e-08	0.9999999447522535	1.7658241375338043e-09	1.9133440994275803e-09	7.310413478730043e-09	4.7963399862891776e-11
n218	3.868517361998197e-17	8.034872820691206e-09	9.255085449981363e-09	9.803159590292948e-09	8.564890368273717e-09	0.9999999554395924	1.4242362621941867e-09	1.5432193900497476e-09	5.896258719501821e-09	3.868517361998197e-11
n230	1.310381209836079e-18	2.721648989096065e-10	3.134971084327402e-10	3.3206200003995795e-10	2.9011816033558547e-10	0.999999998490607	4.824309319843511e-11	5.2273403532855247e-11	1.997237161261299e-10	1.3103812098360792e-12
n234	1.8673480634502808e-17	3.878463710431038e-09	4.467464993659144e-09	4.732022468466334e-09	4.134305199188438e-09	0.9999999784905215	6.874842678049276e-10	7.449178767546817e-10	2.846146539142427e-09	1.8673480634502803e-11
KY785412	0.0	0.0	0.0	0.0	0.0	1.0	0.0	0.0	0.0	0.0
KY075935	0.0	0.0	0.0	0.0	0.0	1.0	0.0	0.0	0.0	0.0
KY785472	0.0	0.0	0.0	0.0	0.0	1.0	0.0	0.0	0.0	0.0
KY075938	0.0	0.0	0.0	0.0	0.0	1.0	0.0	0.0	0.0	0.0
KY014299	0.0	0.0	0.0	0.0	0.0	1.0	0.0	0.0	0.0	0.0
KX922708	0.0	0.0	0.0	0.0	0.0	1.0	0.0	0.0	0.0	0.0
KY785459	0.0	0.0	0.0	0.0	0.0	1.0	0.0	0.0	0.0	0.0
MF988743	0.0	0.0	0.0	0.0	0.0	1.0	0.0	0.0	0.0	0.0
n231	1.0244387688749837e-16	2.127749328798907e-08	2.4508790983722873e-08	2.5960169755002314e-08	2.2681055617368117e-08	0.9999998819976619	3.7715814781187505e-09	4.0866658311440794e-09	1.561413704100535e-08	1.0244387688749838e-10
n233	1.2974718187252409e-17	2.6948363096994696e-09	3.1040865084917844e-09	3.2879064800943e-09	2.872600235033293e-09	0.9999999850547723	4.776782008415326e-10	5.175842529153515e-10	1.9775611193108444e-09	1.2974718187252413e-11
KX838905	0.0	0.0	0.0	0.0	0.0	1.0	0.0	0.0	0.0	0.0
n235	9.857512287062438e-17	2.0473956852938723e-08	2.3583225821139947e-08	2.4979793825568397e-08	2.1824514185194505e-08	0.9999998864539756	3.629149139195622e-09	3.932334451561259e-09	1.502447509894757e-08	9.85751228706244e-11
n232	0.0	0.0	0.0	0.0	0.0	1.0	0.0	0.0	0.0	0.0
KY325468	0.0	0.0	0.0	0.0	0.0	1.0	0.0	0.0	0.0	0.0
KX922703	0.0	0.0	0.0	0.0	0.0	1.0	0.0	0.0	0.0	0.0
KY785445	0.0	0.0	0.0	0.0	0.0	1.0	0.0	0.0	0.0	0.0
KY785474	0.0	0.0	0.0	0.0	0.0	1.0	0.0	0.0	0.0	0.0
KY325469	0.0	0.0	0.0	0.0	0.0	1.0	0.0	0.0	0.0	0.0
KY785468	0.0	0.0	0.0	0.0	0.0	1.0	0.0	0.0	0.0	0.0
KY075939	0.0	0.0	0.0	0.0	0.0	1.0	0.0	0.0	0.0	0.0
