node	Africa	Caribbean	Central America	Eastern Asia	Europe	Northern America	Oceania	South America	South-eastern Asia	Southern Asia
root	1.0421592553959885e-08	0.09380953605677851	0.05892669935388503	0.1242790293034537	0.10430715960241566	0.12890175295623238	0.05499930336810953	0.11695985979380415	0.3073950555710056	0.010421593572722838
n0	6.583279622888466e-15	5.92591203271089e-08	3.722376756596422e-08	7.84441643326094e-08	6.589042843274845e-08	8.142673733734334e-08	3.474284648695802e-08	7.388309010256542e-08	0.9999995625465591	6.583279764534928e-09
n1	2.1901567286501665e-09	0.01971460556939892	0.012383785102037161	0.043046005962946506	0.021920740641775894	0.027089539540939834	0.011558490319038259	0.02457977728289206	0.8375167603271146	0.0021902930637000533
HQ234499	0.0	0.0	0.0	0.0	0.0	0.0	0.0	0.0	1.0	0.0
KX377336	0.0	0.0	0.0	0.0	0.0	0.0	0.0	0.0	1.0	0.0
n2	9.993483390274846e-11	0.0008995592905583228	0.0005650700731294626	0.0016204266693478945	0.001000223201565687	0.0012362566522431092	0.000527535247624931	0.001121552593930699	0.9929291957848625	0.00010018038680243763
n467	2.7311913073614326e-09	0.024584706041739245	0.015442947524904627	0.09785970486720526	0.02733582282426043	0.03378137270593316	0.014413715615818043	0.03065172148355315	0.7531987707712477	0.0027312354341468966
n3	3.177729423198598e-11	0.00028604200496301836	0.00017967904478011505	0.0004246311512963171	0.00031805113124761707	0.0003930648709430908	0.00016771719341411928	0.0003566314705507578	0.9978423794933265	3.180360770110669e-05
n5	2.7765423377323747e-12	2.499293147338678e-05	1.5740255571086638e-05	3.7170684614352206e-05	2.778973014586633e-05	3.515369271757446e-05	1.5229050260932836e-05	3.116068881519907e-05	0.9998089418839469	3.821079678209777e-06
KU681082	0.0	0.0	0.0	0.0	0.0	0.0	0.0	0.0	1.0	0.0
n468	2.277687669765541e-12	2.050251173001028e-05	1.2878705124316001e-05	0.9998212742708116	2.279681632769415e-05	2.8172081134614232e-05	1.2020355527918981e-05	2.5562122979815696e-05	5.451544401232866e-05	2.2776900741241102e-06
n4	2.1556635421342562e-13	1.9404116571923387e-06	1.2188746647667892e-06	2.574021620727409e-06	2.157550681187109e-06	2.6662823634565654e-06	1.137639834257256e-06	2.4192665789341155e-06	0.999985670382613	2.155697708126896e-07
MG645981	0.0	0.0	0.0	0.0	0.0	0.0	0.0	0.0	1.0	0.0
n6	3.874890585562765e-12	3.487966797975635e-05	2.191103830360816e-05	9.034630753172806e-05	3.878282792744739e-05	8.392904154785365e-05	2.046761100028776e-05	4.348727483416612e-05	0.9996622884812997	3.9077457007101686e-06
n11	8.89584927173288e-13	8.007562075483387e-06	5.3043612131948474e-06	1.2082040682903344e-05	8.903636991959552e-06	1.1041760061453937e-05	8.56086251687033e-06	9.983668793243607e-06	0.9999282158126184	7.900294156992358e-06
KY120353	0.0	0.0	0.0	1.0	0.0	0.0	0.0	0.0	0.0	0.0
KY553111	0.0	0.0	0.0	1.0	0.0	0.0	0.0	0.0	0.0	0.0
KU955593	0.0	0.0	0.0	0.0	0.0	0.0	0.0	0.0	1.0	0.0
J860885	2.383379513299443e-12	2.1453892505603314e-05	1.347631742438245e-05	2.839915874339863e-05	2.3854660024334865e-05	2.947935465744411e-05	1.2578138178788645e-05	2.67482855684094e-05	0.9998416268075849	2.383382929359677e-06
n7	1.5263007289733563e-11	0.00013738933135867875	8.63018204741773e-05	0.000798272703171143	0.00015276369030356554	0.00019890759221091232	8.055466114736425e-05	0.00017129427996690803	0.9983592436598753	1.5272246228786674e-05
n9	2.7465863427875327e-11	0.0002472328381892853	0.00015530009668407669	0.0003326592641693248	0.0002748990795174557	0.002405288286350075	0.00014495161455933803	0.000308244974940942	0.9961039538956998	2.7469922423952848e-05
KU179098	0.0	0.0	0.0	0.0	0.0	0.0	0.0	0.0	1.0	0.0
n12	8.904482424773223e-13	8.015333172628365e-06	5.638628380364391e-06	1.3524071622083005e-05	8.91227770274717e-06	1.1031324273311431e-05	1.3206426504960273e-05	9.993357642274591e-06	0.9999133615838466	1.6316995964648815e-05
n8	1.6553652755039714e-10	0.0014900702334646907	0.0009359916397446516	0.012835148305872394	0.0016568144369324969	0.002053704376376061	0.0008736118045219892	0.0018577898677962622	0.9781313269571127	0.0001655422126421854
KX051561	0.0	0.0	0.0	0.0	0.0	0.0	0.0	0.0	1.0	0.0
n10	3.691564668133498e-12	3.322946728613125e-05	2.087317612867815e-05	4.4029414812165284e-05	3.694796385753247e-05	0.029279624731678004	1.94820228763358e-05	4.142983750027703e-05	0.9705206917789544	3.691603214922614e-06
KY272987	0.0	0.0	0.0	0.0	0.0	0.0	0.0	0.0	1.0	0.0
n13	8.193649611555713e-12	7.375479944087667e-05	5.7022756162848405e-05	0.00014743726449004875	8.200822603010612e-05	0.00010135410588131414	0.00019391155492020823	9.195601390144346e-05	0.998971141859379	0.00028141341160064
KX051560	0.0	0.0	0.0	0.0	0.0	0.0	0.0	0.0	1.0	0.0
KY328290	0.0	0.0	0.0	1.0	0.0	0.0	0.0	0.0	0.0	0.0
KX051562	0.0	0.0	0.0	0.0	0.0	0.0	0.0	0.0	1.0	0.0
KF993678	0.0	0.0	0.0	0.0	0.0	1.0	0.0	0.0	0.0	0.0
KX694532	0.0	0.0	0.0	0.0	0.0	0.0	0.0	0.0	1.0	0.0
n14	6.0859294201598594e-12	5.4782242965597814e-05	5.24469710284396e-05	0.0001564676347589832	6.09125724375441e-05	7.52791837894199e-05	0.00028623438012692024	6.830140863897236e-05	0.9991191645831609	0.00012641101700712994
n464	2.6174170148618356e-12	2.3560571434738136e-05	1.4800566604517808e-05	3.118561461650361e-05	2.6197083881535398e-05	3.23740969476443e-05	1.3826408492699056e-05	2.937485086805055e-05	0.00010377642504479349	0.9997249043794922
KU681081	0.0	0.0	0.0	0.0	0.0	0.0	0.0	0.0	1.0	0.0
n15	3.011200325244829e-11	0.00027105195681240146	0.0004181837833407829	0.0015124138933587529	0.000301383642945064	0.0003724483645972584	0.0036521045440947772	0.000337942177290238	0.9930610505057266	7.342110172216239e-05
MK238035	0.0	0.0	0.0	0.0	0.0	0.0	0.0	0.0	0.0	1.0
n465	1.0817611188725856e-14	9.737428148362968e-08	6.116865548411751e-08	1.2888292587809002e-07	1.0827081282798426e-07	1.3379999782176954e-07	5.7128045119176144e-08	1.21404313341392e-07	3.2557129735440374e-07	0.99999896639966
n16	1.227305501407523e-09	0.011047539912047767	0.024340604002556252	0.08613673879866005	0.012283799251736706	0.015180197991396624	0.25165605581429495	0.013773852568650474	0.5843287553305316	0.0012524551028200788
n345	3.493248378542389e-12	3.1444331375019966e-05	3.337239444342011e-05	0.0002735228435477287	3.496306483533084e-05	4.3207088095156625e-05	0.00021034752173915998	3.9204165626683226e-05	0.9993280659831487	5.872603695579634e-06
n466	5.203405936397562e-16	4.683824418208217e-09	2.9421570601548687e-09	6.198816427358373e-09	5.2079611697902e-09	6.435946704169246e-09	2.7460763023809932e-09	5.839698929124433e-09	3.3690661949074736e-09	0.9999999625764523
MK238036	0.0	0.0	0.0	0.0	0.0	0.0	0.0	0.0	0.0	1.0
LC219720	0.0	0.0	0.0	1.0	0.0	0.0	0.0	0.0	0.0	0.0
n17	5.99682519515445e-11	0.0005398017495486175	0.0657599665227929	0.0016626650553828737	0.0006002075013967873	0.0007417304816826999	0.9220894359435707	0.0006730140622960241	0.007872883513370562	6.029510999062201e-05
n346	1.3712265922606305e-17	1.2343039682530108e-10	7.93432108585864e-11	5.659052638446066e-10	1.3724270093025235e-10	1.6960317771345732e-10	9.786962258270897e-11	1.5389055861275283e-10	0.9999999986586866	1.4028468307585275e-11
n462	2.4453828785488787e-11	0.00022012013243666374	0.00014316497016126031	0.0018754560698375424	0.0002447523647476444	0.0003024625708510083	0.00019803690239525722	0.00027444139380460654	0.9967162564765828	2.530909472936742e-05
MK238038	0.0	0.0	0.0	0.0	0.0	0.0	0.0	0.0	0.0	1.0
MK238037	0.0	0.0	0.0	0.0	0.0	0.0	0.0	0.0	0.0	1.0
KX447517	0.0	0.0	0.0	0.0	0.0	0.0	1.0	0.0	0.0	0.0
n18	9.529886084550698e-12	8.578287700625564e-05	0.08724908869898781	0.0002460469196463557	9.538228861541576e-05	0.00011787248652043483	0.9111355477617641	0.0001069523812730155	0.0009537577188739346	9.568857782877382e-06
n460	6.581430521007734e-12	5.924247571270326e-05	3.7213312709075774e-05	0.0006157315153810397	6.587192122629263e-05	8.140386620533313e-05	3.473309501378395e-05	7.386233792907607e-05	0.999025360038632	6.58143060933771e-06
MG807646	0.0	0.0	0.0	0.0	0.0	0.0	0.0	0.0	1.0	0.0
n353	9.410999188977164e-13	8.471272151329825e-06	5.321251217179248e-06	1.1211317113696662e-05	9.419237888453567e-06	1.1640200658392273e-05	4.96659611247461e-06	1.0561813273386303e-05	0.9999374672107232	9.410999208652358e-07
n350	9.37840726849733e-13	8.441934668372378e-06	5.302822801800011e-06	1.117249024650917e-05	9.386617435930239e-06	1.1599888627054304e-05	4.949395921281673e-06	1.0525235884374066e-05	0.9999376837727482	9.378407287052912e-07
KY241769	0.0	0.0	0.0	0.0	0.0	0.0	0.0	0.0	1.0	0.0
KY241730	0.0	0.0	0.0	0.0	0.0	0.0	0.0	0.0	1.0	0.0
MG807647	0.0	0.0	0.0	0.0	0.0	0.0	0.0	0.0	1.0	0.0
n463	1.6496677953265312e-10	0.0014849416701537476	0.0009339389927255463	0.0434068344731665	0.0016511119689927574	0.0020404277841376372	0.0008870742854552717	0.0018513956772799752	0.9475791039759824	0.00016517100713931836
n19	9.475107201149104e-14	8.528978714393326e-07	0.00016197408011277525	7.108046329981387e-05	9.483402022896447e-07	1.1719494082823176e-06	0.9997605601486664	1.0633760666042962e-06	2.2539210511414057e-06	9.482322650639902e-08
n32	1.6122519565374257e-34	1.441253140734698e-25	0.9999999999999964	1.1530963273127188e-25	7.010700605133366e-27	8.832337233476945e-26	1.1936301482068e-16	3.4798536282418228e-15	1.046208578988047e-25	1.6128268496865865e-28
n461	8.105633762132272e-11	0.0007296252839810605	0.00045831598303564664	0.021993581328447677	0.000811272970160597	0.0010025630813481437	0.0004277697537577879	0.000909682261564421	0.9735861329189992	8.10563376491209e-05
MH013290	0.0	0.0	0.0	0.0	0.0	0.0	0.0	0.0	1.0	0.0
n354	6.37728428425007e-14	5.740486177233702e-07	3.605901032267e-07	7.597252906493657e-07	6.38286716951427e-07	7.887883872227809e-07	3.365571892705927e-07	7.157123749457131e-07	0.9999957625184134	6.37728428465107e-08
n372	8.579450197885551e-14	7.722756752566266e-07	4.851069349551207e-07	1.0220691130569837e-06	8.586960931914297e-07	1.0611681059227102e-06	4.5277511793274403e-07	9.62857919321878e-07	0.9999942992564526	8.57945019838703e-08
n351	2.7607327008030416e-13	2.485062167784566e-06	1.5609981385349443e-06	3.288858363389139e-06	2.7631495373790382e-06	3.4146727628211732e-06	1.4569594173341444e-06	3.0983259798561576e-06	0.9999816559000867	2.760732701246056e-07
KY241787	0.0	0.0	0.0	0.0	0.0	0.0	0.0	0.0	1.0	0.0
KY126351	0.0	0.0	0.0	1.0	0.0	0.0	0.0	0.0	0.0	0.0
KY241691	0.0	0.0	0.0	0.0	0.0	0.0	0.0	0.0	1.0	0.0
n20	1.0913758388777707e-14	9.823974654411077e-08	1.4242653487266193e-06	7.204148660904535e-07	1.0923312653284343e-07	1.3498921320765065e-07	0.9999972964158411	1.224833579288152e-07	8.304412172173434e-08	1.0914367379997751e-08
n23	1.2839523422696265e-13	1.155744411650037e-06	0.00014976922219561115	9.907362334025183e-05	1.2850763565509553e-06	1.5880846040600402e-06	0.9997432189479313	1.4409590967627656e-06	2.3398800869602345e-06	1.2846184876377435e-07
KX447513	0.0	0.0	0.0	0.0	0.0	0.0	1.0	0.0	0.0	0.0
n34	4.45138189781567e-12	4.0068930778430963e-05	0.0037638612213982937	5.302927127989042e-05	4.455278784530288e-05	5.5057892852013553e-05	0.9959608446171551	4.995714426194004e-05	2.8176748079998432e-05	4.45138189781567e-06
KX447511	0.0	0.0	0.0	0.0	0.0	0.0	1.0	0.0	0.0	0.0
KX447510	0.0	0.0	0.0	0.0	0.0	0.0	1.0	0.0	0.0	0.0
n339	2.7274818451932317e-10	0.05113348283179829	0.7933775878562752	0.04899278858099836	0.00272986957287216	0.04916101348385387	0.0014394114827055188	0.05116663232171338	0.0017264654125158452	0.0002727481845193231
n192	1.3171346078274592e-12	1.18561332015543e-05	0.0016856100048152141	1.5691012374345695e-05	1.3182876755955436e-05	1.6291268144175328e-05	6.9510955026770786e-06	0.9982407631589629	8.33731431814765e-06	1.317134607827459e-06
n40	4.523422676832863e-11	0.00040717402883033054	0.6701178502466641	0.0005388749241243176	0.0027132370412451053	0.0005594894502034146	0.00023872080225356102	0.32509309165337663	0.0002863275813001242	4.523422676832863e-05
n50	3.183016558788784e-10	0.0028651792429513247	0.7789427976930209	0.003791924675508562	0.003185803076599453	0.003936983810038283	0.0016798170783196324	0.15376546609460823	0.051513726354773276	0.00031830165587887844
n64	6.781031370858613e-12	6.103917522858897e-05	0.008340381031500036	8.078237992674634e-05	6.786967709655666e-05	8.387267307410106e-05	3.578646888888221e-05	0.9912805643882171	4.2923167916239204e-05	6.78103137085861e-06
n95	3.571941432260835e-12	3.2152683656304805e-05	0.0022247690945489352	4.255250516703339e-05	3.575068427749494e-05	4.418034065951279e-05	1.88506974747006e-05	0.9975755620606277	2.2609988584154062e-05	3.571941432260834e-06
KY785410	0.0	0.0	0.0	0.0	0.0	0.0	0.0	1.0	0.0	0.0
n190	3.47136277869902e-13	3.1247329049607563e-06	0.9999766994879358	4.1354312599616766e-06	3.474401724312869e-06	4.293631153369829e-06	1.831989992200555e-06	3.89585470546661e-06	2.1973336989504914e-06	3.47136277869902e-07
n181	3.8809331624267666e-14	3.4934059986473597e-07	0.9999973950365969	4.6233520783835994e-07	3.884330659480076e-07	4.800217261241316e-07	2.0481382002461433e-07	4.3555089704961896e-07	2.4565871574998006e-07	3.8809331624267666e-08
n104	2.6952117266708555e-15	2.426083732833249e-08	0.9999998189629705	3.2108032312506184e-08	2.6975712040223487e-08	3.346510570700143e-08	1.4223811295199892e-08	3.024792842887365e-08	1.7060387894808077e-08	2.6952117266708544e-09
n173	2.6594099531736796e-13	5.844689264315236e-05	0.9999159937036926	3.1681526116752785e-06	2.6617380884703463e-06	3.618008009275459e-06	1.4034869675243871e-06	2.9846130879091894e-06	1.1457463638059542e-05	2.65940995317368e-07
n164	4.4110599721116546e-20	3.970597462526873e-13	0.9999999999970393	5.254891655280333e-13	4.414921559680931e-13	5.455916227441744e-13	2.327909308007827e-13	4.950461777380901e-13	2.7921514813398694e-13	4.411059972111655e-14
n160	1.3021473071503563e-12	1.1721225343332358e-05	0.9995621007293184	0.00021001911729012177	1.3032872499048074e-05	0.00017209566945493047	6.872000960880573e-06	1.4613790137803644e-05	8.242446386060058e-06	1.3021473071503564e-06
n143	7.772157552849783e-15	6.996075603780811e-08	0.9999994783165507	9.258964087138124e-08	7.778961556237241e-08	9.613163453438006e-08	4.101707531717859e-08	8.722567621645308e-08	4.919688546879512e-08	7.772157552849781e-09
MF801378	0.0	0.0	1.0	0.0	0.0	0.0	0.0	0.0	0.0	0.0
MF801419	0.0	0.0	1.0	0.0	0.0	0.0	0.0	0.0	0.0	0.0
MF801391	0.0	0.0	1.0	0.0	0.0	0.0	0.0	0.0	0.0	0.0
MF801412	0.0	0.0	1.0	0.0	0.0	0.0	0.0	0.0	0.0	0.0
MF801415	0.0	0.0	1.0	0.0	0.0	0.0	0.0	0.0	0.0	0.0
n127	4.983268915056335e-14	4.485668985302765e-07	0.9999966550710884	5.936563638515082e-07	4.987631825510809e-07	6.16421227091767e-07	2.6298889983033685e-07	5.592642684957502e-07	3.154353323477614e-07	4.983268915056336e-08
n142	9.58599341688385e-13	8.628792484690995e-06	0.9999356568098758	1.1419785070353617e-05	9.594385312086328e-06	1.1856646105468657e-05	5.058948062945857e-06	1.075820648604087e-05	6.0678263021333e-06	9.58599341688385e-07
MG548660	0.0	0.0	0.0	0.0	0.0	0.0	0.0	0.0	1.0	0.0
LC369584	0.0	0.0	0.0	1.0	0.0	0.0	0.0	0.0	0.0	0.0
n355	1.5924967212801393e-26	1.4334793633672297e-19	9.004437178652454e-20	1.8971398681246108e-19	1.5938908455001427e-19	1.969714481034527e-19	8.404301832116814e-20	1.787233498897877e-19	1.0	1.5924967212838177e-20
KY241707	0.0	0.0	0.0	0.0	0.0	0.0	0.0	0.0	1.0	0.0
n373	2.751455421009193e-15	2.4767112625959044e-08	1.5557524958924173e-08	3.2778062927112253e-08	2.753864135948088e-08	3.4031979559280926e-08	1.4520633874156034e-08	3.087914237712736e-08	0.9999998171754442	2.7514554210134263e-09
KY241708	0.0	0.0	0.0	0.0	0.0	0.0	0.0	0.0	1.0	0.0
KY241673	0.0	0.0	0.0	0.0	0.0	0.0	0.0	0.0	1.0	0.0
KY241766	0.0	0.0	0.0	0.0	0.0	0.0	0.0	0.0	1.0	0.0
n21	6.425448882347746e-16	5.783841341797177e-09	4.1162119643384935e-09	7.86395007485911e-09	6.431073932491695e-09	7.947457311274801e-09	0.9999999559315547	7.211178104502787e-09	4.0721868552273365e-09	6.425451041450653e-10
KX447515	0.0	0.0	0.0	0.0	0.0	0.0	1.0	0.0	0.0	0.0
n24	2.353286674560238e-11	0.00021183013057367395	0.0001502000471480223	0.13837005783395398	0.00023553468194294704	0.0002910714213078476	0.8603045313891673	0.00026410558471373966	0.00014913601325405176	2.3532874405575975e-05
KX447516	0.0	0.0	0.0	0.0	0.0	0.0	1.0	0.0	0.0	0.0
KX369547	0.0	0.0	0.0	0.0	0.0	0.0	1.0	0.0	0.0	0.0
KX447512	0.0	0.0	0.0	0.0	0.0	0.0	1.0	0.0	0.0	0.0
KX051563	0.0	0.0	0.0	0.0	0.0	1.0	0.0	0.0	0.0	0.0
KU744693	0.0	0.0	0.0	1.0	0.0	0.0	0.0	0.0	0.0	0.0
n341	5.572162954863905e-10	0.36475419236614476	0.22205071712328464	0.019283750751150804	0.005577041010328243	0.019549833220083385	0.002940674144127523	0.3617594578874132	0.0035271166447647146	0.0005572162954863905
n193	5.140138775033358e-14	4.6268791638376054e-07	4.304610496909214e-05	6.123442594950094e-07	5.144639332318735e-07	6.35769332797844e-07	2.7126760856435235e-07	0.9999540805955228	3.2536501851574935e-07	5.140138775033359e-08
n291	4.451247715179379e-14	4.006772312558331e-07	1.1104428849289375e-05	5.302767276497907e-07	4.455144487473949e-07	5.505623318466056e-07	2.3491181379950097e-07	0.9999864073570885	2.8175898718962636e-07	4.4512477151793795e-08
KU729218	0.0	0.0	0.0	0.0	0.0	0.0	0.0	1.0	0.0	0.0
n41	2.590243889553932e-10	0.002331597366667643	0.11048457730586982	0.003085755144208972	0.08212728836771416	0.0032037999391071074	0.0013669850100752484	0.7955013768923161	0.0016395953260611182	0.00025902438895539324
n51	3.6351212766611555e-12	3.2721394422979473e-05	0.0013558072109592088	4.3305166067633684e-05	3.638303581872038e-05	4.49617944155041e-05	1.918412515146261e-05	0.998355945370235	0.00010805677801773198	3.6351212766611548e-06
KY241788	0.0	0.0	0.0	0.0	0.0	0.0	0.0	0.0	1.0	0.0
n65	1.0897944089895561e-13	9.809747671349608e-07	0.00011274234125091774	1.298290194689296e-06	1.0907484510042706e-06	1.3479361058040196e-06	5.751321824019844e-07	0.9998811657698621	6.898276361360417e-07	1.0897944089895556e-07
MH513600	0.0	0.0	0.0	0.0	0.0	0.0	0.0	1.0	0.0	0.0
n96	1.6501506146811201e-12	1.4853762780068057e-05	0.00023599205645415556	1.9658228974140162e-05	1.6515952110233536e-05	2.0410249629981226e-05	8.708566647845637e-06	0.9996717657628533	1.0445268285504864e-05	1.6501506146811198e-06
n97	1.0830927011027705e-13	9.749414330953425e-07	4.4628608004591505e-05	1.290287330687853e-06	1.0840408762210857e-06	1.3396469513293523e-06	5.715953979856192e-07	0.9999493169850976	6.855855302200258e-07	1.0830927011027705e-07
n191	3.9611561694221104e-13	3.5656184079153967e-06	0.99997341189239	4.718921672242354e-06	3.964623896345007e-06	4.899442846122795e-06	2.090475390369446e-06	4.4455419629819064e-06	2.507367421027334e-06	3.961156169422109e-07
MF801406	0.0	0.0	1.0	0.0	0.0	0.0	0.0	0.0	0.0	0.0
n182	9.554483333433513e-14	8.60042881287902e-07	0.9999935868312138	1.138224713715225e-06	9.562847643668358e-07	1.1817672167977066e-06	5.042318813486952e-07	1.0722843224725368e-06	6.047880772773182e-07	9.554483333433516e-08
n188	2.1773040645266322e-13	1.9598912842756654e-06	0.9999853854803266	2.593820313490704e-06	2.1792101484074383e-06	2.693046263898093e-06	1.1490586004611373e-06	2.4435533897247718e-06	1.378209048965855e-06	2.1773040645266322e-07
n105	1.177399342015871e-14	1.0598311674168937e-07	0.9999988437690875	1.4026347445758873e-07	1.1784300762819987e-07	5.115650996498987e-07	6.21365137815387e-08	1.3213763755441747e-07	7.452805760345228e-08	1.177399342015871e-08
n115	3.3555662571543096e-13	3.0204991431162626e-06	0.9999774767370799	3.997482971200487e-06	3.3585038306691647e-06	4.150406983141631e-06	1.7708791022895297e-06	3.7658981286546762e-06	2.1240357997586364e-06	3.3555662571543103e-07
KY606274	0.0	0.0	1.0	0.0	0.0	0.0	0.0	0.0	0.0	0.0
n180	4.466108444993541e-13	4.405860503538546e-06	0.9999695673169834	5.32047084998905e-06	4.4700182238138844e-06	5.526265698362414e-06	2.356960795196935e-06	5.012241793625076e-06	2.8942538611091764e-06	4.466108444993541e-07
n175	5.686172002000781e-10	0.6630050744482382	0.18537201605828935	0.0067739314343301365	0.005691149864749988	0.010890485727902409	0.00300084170559829	0.006381499532571727	0.11831638345950259	0.0005686172002000781
MF801380	0.0	0.0	1.0	0.0	0.0	0.0	0.0	0.0	0.0	0.0
n165	5.605903138960299e-13	5.046130617007119e-06	0.999962372007178	6.678307212207319e-06	5.610810731696023e-06	6.933784192165118e-06	2.958480315230903e-06	6.291415076492415e-06	3.5484738028176642e-06	5.6059031389603e-07
MF801381	0.0	0.0	1.0	0.0	0.0	0.0	0.0	0.0	0.0	0.0
n169	3.0658313644302346e-13	2.759695472994094e-06	0.9999794214994955	3.652322062111684e-06	3.068515294451869e-06	3.792040733417482e-06	1.6179733250201248e-06	3.4407333109464008e-06	1.940636862761618e-06	3.065831364430234e-07
MF801400	0.0	0.0	1.0	0.0	0.0	0.0	0.0	0.0	0.0	0.0
MF801411	0.0	0.0	1.0	0.0	0.0	0.0	0.0	0.0	0.0	0.0
MF801399	0.0	0.0	1.0	0.0	0.0	0.0	0.0	0.0	0.0	0.0
n161	4.108084708901274e-11	0.0003697875527455186	0.9869777681900856	0.0005835109308516285	0.00041116810619197595	0.010678801826965414	0.00021680160080041056	0.0004610437503547224	0.00026003715383487	4.1080847089012744e-05
MF593625	0.0	0.0	0.0	1.0	0.0	0.0	0.0	0.0	0.0	0.0
MF801382	0.0	0.0	1.0	0.0	0.0	0.0	0.0	0.0	0.0	0.0
n144	8.919473068533021e-17	8.028826938854762e-10	0.9999999940130633	1.0625759997294681e-09	8.927281469811562e-10	1.10322458008982e-09	4.707196118337264e-10	1.0010181401062748e-09	5.645926398310404e-10	8.919473068533022e-11
n149	5.93159360411897e-14	5.339299547537245e-07	0.9999960185904746	7.066301961403025e-07	5.936786317043413e-07	7.33662158390695e-07	3.1303614209414335e-07	6.656932255791736e-07	3.7546322138346244e-07	5.931593604118972e-08
n128	1.2911829345081473e-13	1.1622529994671039e-06	0.9999913333077323	1.538185032823101e-06	1.292313280631867e-06	1.5970306272686737e-06	6.814137170077721e-07	1.4490738743271067e-06	8.173043137161923e-07	1.291182934508147e-07
n130	8.912058759929194e-15	8.022152979508286e-08	0.9999993963732919	1.0616927338328753e-07	8.920249947388724e-08	1.1565756838064531e-07	4.703283263349755e-08	1.0001860441564626e-07	5.64123322413409e-08	8.912058759929195e-09
MF801407	0.0	0.0	1.0	0.0	0.0	0.0	0.0	0.0	0.0	0.0
MF801422	0.0	0.0	1.0	0.0	0.0	0.0	0.0	0.0	0.0	0.0
KY241782	0.0	0.0	0.0	0.0	0.0	0.0	0.0	0.0	1.0	0.0
n370	1.4746033586963884e-17	1.3273581386993844e-10	8.337833999499167e-11	1.75669361410937e-10	1.4758942751735067e-10	1.823895491019653e-10	7.782126985315248e-11	1.6549236711338252e-10	0.9999999990201777	1.4746033586963884e-11
KY241734	0.0	0.0	0.0	0.0	0.0	0.0	0.0	0.0	1.0	0.0
n359	1.2042040895268781e-17	1.0839593504667219e-10	6.808918303881613e-11	1.434567215435053e-10	1.2052582895541707e-10	1.4894462271516585e-10	6.355111756437809e-11	1.3514589132605558e-10	0.9999999991998488	1.2042040895268784e-11
KY241688	0.0	0.0	0.0	0.0	0.0	0.0	0.0	0.0	1.0	0.0
n362	3.8582939569544185e-23	3.4730274111036727e-16	2.1815910254535291e-16	4.596382013893212e-16	3.861671634899626e-16	4.772215463647563e-16	2.0361905011689205e-16	4.330101353628564e-16	0.9999999999999974	3.858293956954418e-17
n374	8.673230973816554e-22	7.807173131690483e-15	4.904095713095968e-15	1.033241201817767e-14	8.680823806633541e-15	1.072767586783522e-14	4.5772433931593e-15	9.733827852168478e-15	0.9999999999999424	8.673230973816774e-16
KY241758	0.0	0.0	0.0	0.0	0.0	0.0	0.0	0.0	1.0	0.0
KX447509	0.0	0.0	0.0	0.0	0.0	0.0	1.0	0.0	0.0	0.0
n22	1.0687317672153604e-15	9.62014497616483e-09	6.081979517371916e-09	1.2748716842580783e-08	1.0696673702978988e-08	1.3218843154249097e-08	0.9999999278053516	1.1994205012668381e-08	6.765352434361321e-09	1.0687317846735485e-09
n25	2.9024693411601973e-12	2.6126458207177167e-05	1.6428473631376045e-05	0.9989664674509794	2.9050102586718364e-05	3.5899828336515166e-05	0.0008721787863789743	3.257394735403686e-05	1.837248027437301e-05	2.902469348790613e-06
n31	2.36206061209028e-11	0.00021261991294601562	0.00015064516039174096	0.13838381875088482	0.00023641284379541746	0.00029215664500581	0.8602859449087741	0.00026509026963405304	0.00014969087118916048	2.3620613758086286e-05
n342	1.011520353449129e-12	0.00024137126735960393	0.0001470528512675708	2.0214923669469293e-05	1.0124058717707217e-05	2.0683742559869667e-05	5.338235392147141e-06	0.9995478005892985	6.402810370171324e-06	1.011520353449129e-06
KU509998	0.0	1.0	0.0	0.0	0.0	0.0	0.0	0.0	0.0	0.0
n194	1.0214900026206937e-12	9.194900312892316e-06	1.879511450460263e-05	1.2169000932127864e-05	1.0223842508645699e-05	1.2634523032339955e-05	5.390849592023051e-06	0.9999241043609622	6.465917131083255e-06	1.0214900026206941e-06
n195	3.3820438454792126e-15	3.048528669164364e-08	4.87597447794313e-08	4.0290614627876886e-08	3.3856785957897315e-08	4.183155072733263e-08	1.784852483903921e-08	0.999999762137487	2.1407958161563037e-08	3.382043845479212e-09
n292	1.3132443846771611e-23	1.1821466314006414e-16	3.1138110479280617e-16	1.5644668179597397e-16	1.9896654129489335e-16	1.6243151957487946e-16	6.930565093344574e-17	0.9999999999999989	8.31268964199153e-17	1.313244384677161e-17
n329	1.2320050129455637e-13	1.1089842371635023e-06	7.396698255882321e-07	1.467686429729544e-06	1.2330835508205165e-06	1.5238324087444835e-06	6.501829390761182e-07	0.9999923735146311	7.798453531946285e-07	1.232005012945564e-07
n42	1.897109418582946e-12	1.7076752279918007e-05	7.427499520124906e-05	2.2600246915466105e-05	0.999355368261642	2.3464813735289815e-05	1.0011876287533805e-05	0.00048329745281126157	1.200848981163231e-05	1.897109418582946e-06
n43	5.377496878116129e-12	4.8405316622282397e-05	0.0016248740186575877	6.406207045419239e-05	0.001217055298556019	6.651274901231032e-05	2.837940339809888e-05	0.9969112946890255	3.4038952018475096e-05	5.3774968781161296e-06
n52	1.2829103679996746e-18	1.1548064828033549e-11	3.707636022362857e-10	1.5283299320110586e-11	1.2840334701023174e-11	1.586795813109727e-11	6.770479217799368e-12	0.9999999995343694	3.1273859057538164e-11	1.282910367999674e-12
n62	8.945109879546179e-13	8.051903808677366e-06	5.294188689441611e-05	1.065630110648675e-05	8.9529407241357e-06	1.1063955252619745e-05	4.720725784984401e-06	0.9998940057196568	8.712054889245973e-06	8.945109879546177e-07
n66	8.986945473507618e-14	8.089571772670321e-07	7.760166865521276e-05	1.0706369199369582e-06	8.994812942357659e-07	1.111570052603586e-06	4.7428042580053146e-07	0.999917374672363	5.688635673788515e-07	8.986945473507613e-08
n93	2.4077042827119878e-12	2.1672850956386907e-05	1.922170001234628e-05	2.8682959754649934e-05	2.40981206655247e-05	2.9780218246827057e-05	1.2706508743962449e-05	0.9998461894369042	1.5240498025657899e-05	2.4077042827119883e-06
KY559025	0.0	0.0	0.0	0.0	0.0	0.0	0.0	1.0	0.0	0.0
KY272991	0.0	0.0	0.0	0.0	0.0	0.0	0.0	1.0	0.0	0.0
n98	2.2164290174141384e-14	1.995109449442041e-07	2.7798367038494617e-06	2.6404298335928225e-07	2.218369352570754e-07	2.7414388195891116e-07	1.1697065496109275e-07	0.9999959811961129	1.4029747052600054e-07	2.2164290174141383e-08
KU926309	0.0	0.0	0.0	0.0	0.0	0.0	0.0	1.0	0.0	0.0
MF801377	0.0	0.0	1.0	0.0	0.0	0.0	0.0	0.0	0.0	0.0
KY765323	0.0	0.0	1.0	0.0	0.0	0.0	0.0	0.0	0.0	0.0
MF801397	0.0	0.0	1.0	0.0	0.0	0.0	0.0	0.0	0.0	0.0
n183	6.720756275234101e-15	6.049661074984496e-08	0.9999995488888007	8.006430719869302e-08	6.726639847221936e-08	8.31271473400011e-08	3.546837084208399e-08	7.542596849663195e-08	4.254163332228692e-08	6.7207562752341e-09
n189	6.655602353895255e-14	5.991013041093028e-07	0.9999955326206789	7.928812913782576e-07	6.661428887988724e-07	8.232127678063097e-07	3.5124525097762346e-07	7.469475649948727e-07	4.212921630884451e-07	6.655602353895254e-08
MF801408	0.0	0.0	1.0	0.0	0.0	0.0	0.0	0.0	0.0	0.0
n106	2.660592588370711e-13	2.3949214581059747e-06	0.9999037980127572	3.1695614838890803e-06	2.6629217589852826e-06	8.163434631803287e-05	1.4041110958267179e-06	2.985940339665582e-06	1.6841252632765418e-06	2.660592588370711e-07
n108	4.0420938935868146e-14	3.638474166899157e-07	0.9999972733709344	4.815342708002355e-07	4.0456324760663106e-07	5.13446458149394e-07	2.1331897680111373e-07	4.536377071157618e-07	2.558600092505744e-07	4.042093893586815e-08
KY765319	0.0	0.0	1.0	0.0	0.0	0.0	0.0	0.0	0.0	0.0
n116	2.0319988132288204e-14	1.8290953609051825e-07	0.9999986360799505	2.4207183023322043e-07	2.0337776920941182e-07	2.5133222974057695e-07	1.0723746630101376e-07	2.2804796394205123e-07	1.2862324548540723e-07	2.0319988132288208e-08
KX906952	0.0	0.0	1.0	0.0	0.0	0.0	0.0	0.0	0.0	0.0
KX262887	0.0	0.0	1.0	0.0	0.0	0.0	0.0	0.0	0.0	0.0
n176	2.2155435223923487e-11	0.9850855460620532	0.00486628444069707	0.0002639374944194307	0.00022174830823573803	0.006048765323177518	0.00011692392351521733	0.0002486468919259585	0.003125992098596491	2.2155435223923484e-05
MF988734	0.0	0.0	0.0	0.0	0.0	0.0	0.0	0.0	1.0	0.0
n166	1.6192552024241272e-14	1.4575658999373796e-07	0.9999989131220853	1.929017221435416e-07	1.6206727519021894e-07	2.0028112950470758e-07	8.545518042246248e-08	1.8172641126135017e-07	1.024970379160688e-07	1.6192552024241273e-08
MF801403	0.0	0.0	1.0	0.0	0.0	0.0	0.0	0.0	0.0	0.0
n170	3.732890603622714e-13	3.3601460992014772e-06	0.9999749440585474	4.446989115330674e-06	3.7361584993311274e-06	4.6171075769392085e-06	1.970009665878106e-06	4.189363183839188e-06	2.3628778784422777e-06	3.7328906036227145e-07
MG494697	0.0	0.0	1.0	0.0	0.0	0.0	0.0	0.0	0.0	0.0
n162	5.943545136025819e-13	5.350057669748837e-06	0.00014858631589875497	7.094391345170817e-06	5.948748311715976e-06	0.999818856920232	3.1366687671453376e-06	6.670345268138463e-06	3.762197399465508e-06	5.943545136025819e-07
MF801426	0.0	0.0	1.0	0.0	0.0	0.0	0.0	0.0	0.0	0.0
MF801383	0.0	0.0	1.0	0.0	0.0	0.0	0.0	0.0	0.0	0.0
n147	1.349337981787012e-13	1.2146010257053531e-06	0.9999909429616184	1.6074650867308345e-06	1.3505192368164524e-06	1.668958263474026e-06	7.12104679434516e-07	1.514340350067682e-06	8.541158062902412e-07	1.349337981787012e-07
KY606271	0.0	0.0	1.0	0.0	0.0	0.0	0.0	0.0	0.0	0.0
MF801404	0.0	0.0	1.0	0.0	0.0	0.0	0.0	0.0	0.0	0.0
n150	1.55507884572343e-14	1.3997978168278634e-07	0.9999989561985966	1.852563987195813e-07	1.556440213099493e-07	1.9234333613633032e-07	8.206831334153282e-08	1.7452400179952714e-07	9.84347465266578e-08	1.5550788457234298e-08
n159	5.615155902860803e-13	5.054459454315381e-06	0.9999623099006939	6.689330021263748e-06	5.620071595771606e-06	6.945228676038069e-06	2.9633634035009944e-06	6.301799304842407e-06	3.5543306985739264e-06	5.615155902860804e-07
MF801414	0.0	0.0	1.0	0.0	0.0	0.0	0.0	0.0	0.0	0.0
n129	8.14622093628915e-14	7.332787217428982e-07	0.9999945320863391	9.704585449035064e-07	8.153352407195587e-07	1.0075832061328895e-06	4.299117142434807e-07	9.142372949475027e-07	5.156466472545585e-07	8.146220936289152e-08
n131	4.795411882179818e-15	4.3165702510363505e-08	0.9999983095960502	5.712769729411653e-08	4.7996107747166525e-08	1.4278389825082084e-06	2.5307486242947445e-08	5.3818137534093144e-08	3.035441928950555e-08	4.795411882179818e-09
n134	1.9668438710923973e-18	1.770446408146981e-11	0.9999999993095746	2.3430992801702672e-11	5.780840417481899e-10	2.4335688924729307e-11	1.0379895498584379e-11	2.2073572940813265e-11	1.2449901073564163e-11	1.966843871092397e-12
KY241773	0.0	0.0	0.0	0.0	0.0	0.0	0.0	0.0	1.0	0.0
KY241777	0.0	0.0	0.0	0.0	0.0	0.0	0.0	0.0	1.0	0.0
KY241751	0.0	0.0	0.0	0.0	0.0	0.0	0.0	0.0	1.0	0.0
KY241744	0.0	0.0	0.0	0.0	0.0	0.0	0.0	0.0	1.0	0.0
KY241714	0.0	0.0	0.0	0.0	0.0	0.0	0.0	0.0	1.0	0.0
KY241738	0.0	0.0	0.0	0.0	0.0	0.0	0.0	0.0	1.0	0.0
n363	1.1171521287421962e-20	1.0055998865770984e-13	6.316701333078529e-14	1.3308622952581854e-13	1.1181301206082367e-13	1.3817741010689108e-13	5.895700478719052e-14	1.2537618955021379e-13	0.9999999999992576	1.1171521287421962e-14
KY241749	0.0	0.0	0.0	0.0	0.0	0.0	0.0	0.0	1.0	0.0
KY241697	0.0	0.0	0.0	0.0	0.0	0.0	0.0	0.0	1.0	0.0
KY241706	0.0	0.0	0.0	0.0	0.0	0.0	0.0	0.0	1.0	0.0
KY241671	0.0	0.0	0.0	0.0	0.0	0.0	0.0	0.0	1.0	0.0
KY241745	0.0	0.0	0.0	0.0	0.0	0.0	0.0	0.0	1.0	0.0
n376	2.103824021138444e-18	1.893748525920958e-11	1.189562966133378e-11	2.5062836059257462e-11	2.1056657781626822e-11	2.602160861375937e-11	1.1102799671994278e-11	2.3610879169296762e-11	0.9999999998602083	2.103824021138444e-12
n456	1.5810258130648475e-24	1.4231538725916615e-17	8.939577344996443e-18	1.8834745853341953e-17	1.582409895272987e-17	1.955526436738828e-17	8.34376483124856e-18	1.7743598828010904e-17	0.9999999999999999	1.5810258130648474e-18
KX447514	0.0	0.0	0.0	0.0	0.0	0.0	1.0	0.0	0.0	0.0
KJ776791	0.0	0.0	0.0	0.0	0.0	0.0	1.0	0.0	0.0	0.0
n26	9.685596311099973e-21	8.718449619605339e-14	5.47984383685888e-14	0.9999999999977404	9.694075401965308e-14	1.1979842128712473e-13	1.721181100889494e-12	1.0869989214222357e-13	6.1309079114174e-14	9.685596325972042e-15
KU761561	0.0	0.0	0.0	1.0	0.0	0.0	0.0	0.0	0.0	0.0
LC191864	0.0	0.0	0.0	1.0	0.0	0.0	0.0	0.0	0.0	0.0
KX806557	0.0	0.0	0.0	0.0	0.0	0.0	1.0	0.0	0.0	0.0
MF352141	0.0	0.0	0.0	0.0	0.0	0.0	0.0	1.0	0.0	0.0
n343	3.239718618932414e-17	5.933595409134351e-09	3.61631166614659e-09	5.842757992863205e-10	3.242554775599047e-10	5.992305674222646e-10	1.7097412358744815e-10	0.9999999885338893	2.0507055442835232e-10	3.239718618932413e-11
KX197205	0.0	0.0	0.0	0.0	0.0	0.0	0.0	1.0	0.0	0.0
KY559021	0.0	0.0	0.0	0.0	0.0	0.0	0.0	1.0	0.0	0.0
n196	6.977920047719907e-13	6.2811513024144344e-06	3.949273467950462e-06	8.312789728937026e-06	6.984029603464697e-06	8.630793383641267e-06	3.6825536565127282e-06	0.9999570446710391	4.416945115480996e-06	6.977920047719907e-07
n201	6.650170937199939e-15	6.021675915101367e-08	4.4479611641642364e-08	7.922645515791129e-08	6.6617035995645e-08	8.225409711253912e-08	3.5095861135901795e-08	0.9999995833651661	4.209483605043161e-08	6.650170937199937e-09
KY559003	0.0	0.0	0.0	0.0	0.0	0.0	0.0	1.0	0.0	0.0
KY785429	0.0	0.0	0.0	0.0	0.0	0.0	0.0	1.0	0.0	0.0
n295	1.316525957822964e-12	1.1850654175033062e-05	7.444018642469023e-06	1.5683761530025104e-05	1.3176784881235111e-05	1.628373992316416e-05	6.947883390350767e-06	0.9999189631685516	8.33346163189443e-06	1.3165259578229641e-06
n326	1.1357002771712095e-13	1.0222959259763447e-06	6.421577930649533e-07	1.3529586872856699e-06	5.911400092808671e-06	1.4047157850729048e-06	5.99358717181913e-07	0.9999882346573217	7.1888553574656e-07	1.1357002771712096e-07
n298	6.115815531550482e-15	5.570959454853238e-08	3.4582091018352336e-08	7.285765372759928e-08	6.121169518450662e-08	7.564647623582081e-08	3.22758339078817e-08	0.9999996228884074	3.87124262739174e-08	6.115815531550481e-09
n325	3.879513253581578e-14	3.49212787354968e-07	2.1935890296508797e-07	4.621660542292724e-07	3.882909507599934e-07	4.798461015858361e-07	2.0473888522317862e-07	0.9999976120223092	2.455688371128605e-07	3.879513253581578e-08
KY559014	0.0	0.0	0.0	0.0	0.0	0.0	0.0	1.0	0.0	0.0
KY559015	0.0	0.0	0.0	0.0	0.0	0.0	0.0	1.0	0.0	0.0
KY014313	0.0	0.0	0.0	0.0	0.0	0.0	0.0	1.0	0.0	0.0
n330	6.100192340898756e-19	5.491063005913666e-12	3.4893235930915834e-12	7.267153480220855e-12	6.1055326507262606e-12	7.545156627578699e-12	3.219338349648767e-12	0.999999999962411	3.861353322962132e-12	6.100192340898754e-13
KY003154	0.0	0.0	0.0	0.0	1.0	0.0	0.0	0.0	0.0	0.0
KY003153	0.0	0.0	0.0	0.0	1.0	0.0	0.0	0.0	0.0	0.0
KX101060	0.0	0.0	0.0	0.0	0.0	0.0	0.0	1.0	0.0	0.0
n44	3.578187403304244e-17	3.2208906507349163e-10	6.5916364173529194e-09	4.262691336216708e-10	5.019413138560416e-09	4.425759532162875e-10	1.888366019618057e-10	0.9999999867469025	2.2649524880217868e-10	3.5781874033042454e-11
n57	1.7081113958986458e-13	1.5375494364502197e-06	9.658203312561054e-07	2.034871522342981e-06	1.7096067330228388e-06	2.1127150258853234e-06	9.014451045126257e-07	0.9999894859648818	1.0812156542574118e-06	1.7081113958986457e-07
KY559017	0.0	0.0	0.0	0.0	0.0	0.0	0.0	1.0	0.0	0.0
KY559006	0.0	0.0	0.0	0.0	0.0	0.0	0.0	1.0	0.0	0.0
KY559011	0.0	0.0	0.0	0.0	0.0	0.0	0.0	1.0	0.0	0.0
KY559010	0.0	0.0	0.0	0.0	0.0	0.0	0.0	1.0	0.0	0.0
KY559012	0.0	0.0	0.0	0.0	0.0	0.0	0.0	1.0	0.0	0.0
KY559007	0.0	0.0	0.0	0.0	0.0	0.0	0.0	1.0	0.0	0.0
KY559005	0.0	0.0	0.0	0.0	0.0	0.0	0.0	1.0	0.0	0.0
KY441401	0.0	0.0	0.0	0.0	0.0	0.0	0.0	1.0	0.0	0.0
n67	1.0280905599058102e-13	9.255352724624536e-07	1.4162932413650405e-06	1.2271862130702198e-06	1.0289905843333453e-06	1.2716163671652788e-06	5.425683620213543e-07	0.999992834231009	6.507697918281402e-07	1.0280905599058102e-07
KY693680	0.0	0.0	0.0	0.0	0.0	0.0	0.0	1.0	0.0	0.0
KY631492	0.0	0.0	0.0	0.0	0.0	0.0	0.0	1.0	0.0	0.0
KY785437	0.0	0.0	0.0	0.0	0.0	0.0	0.0	1.0	0.0	0.0
KY014308	0.0	0.0	0.0	0.0	0.0	0.0	0.0	1.0	0.0	0.0
KY559032	0.0	0.0	0.0	0.0	0.0	0.0	0.0	1.0	0.0	0.0
n184	2.7340072303965922e-14	2.461005345693824e-07	0.9999981648772395	3.257020278871756e-07	2.7364006706132205e-07	3.3816167788630224e-07	1.4428552139285476e-07	3.068332413561206e-07	1.7305959081511506e-07	2.734007230396592e-08
n186	3.567225203664338e-14	3.211023071887856e-07	0.9999976056039316	4.24963207794875e-07	3.5703480704107367e-07	4.4122006952207444e-07	1.882580787329446e-07	4.0034395656254454e-07	2.2580135386180553e-07	3.5672252036643384e-08
MF801384	0.0	0.0	1.0	0.0	0.0	0.0	0.0	0.0	0.0	0.0
MF801386	0.0	0.0	1.0	0.0	0.0	0.0	0.0	0.0	0.0	0.0
n107	9.38231284810381e-12	8.445450259766111e-05	0.9952457111167033	0.00011177140597598331	9.390526434610084e-05	0.0042405756405729704	4.951456916824494e-05	0.00010529619053652872	5.9388987868796166e-05	9.382312848103811e-06
MF801387	0.0	0.0	1.0	0.0	0.0	0.0	0.0	0.0	0.0	0.0
n109	2.973381452002459e-14	2.676477065169811e-07	0.9999980040977625	3.5421865671468426e-07	2.975984448317713e-07	3.6787570258440086e-07	1.5691834620341725e-07	3.336978258736136e-07	1.8821171052505042e-07	2.9733814520024592e-08
MF801389	0.0	0.0	1.0	0.0	0.0	0.0	0.0	0.0	0.0	0.0
KX421195	0.0	0.0	1.0	0.0	0.0	0.0	0.0	0.0	0.0	0.0
KX421194	0.0	0.0	1.0	0.0	0.0	0.0	0.0	0.0	0.0	0.0
n177	1.0868611525368615e-12	0.9994934208382069	0.00015968968852466848	1.294776683387552e-05	1.0878126266820108e-05	0.00020046579814013687	5.735841746573301e-06	1.219766819301946e-05	0.00010357740984871046	1.0868611525368616e-06
n179	3.387287898560658e-11	0.9798577580819845	0.003528542374602789	0.00040352729331987174	0.0003390253242247967	0.012962395616241606	0.0001787620000114764	0.00038014988174371844	0.0023159665150128024	3.387287898560658e-05
KU501216	0.0	0.0	1.0	0.0	0.0	0.0	0.0	0.0	0.0	0.0
KU501217	0.0	0.0	1.0	0.0	0.0	0.0	0.0	0.0	0.0	0.0
KY606273	0.0	0.0	1.0	0.0	0.0	0.0	0.0	0.0	0.0	0.0
MF801423	0.0	0.0	1.0	0.0	0.0	0.0	0.0	0.0	0.0	0.0
KY325479	0.0	0.0	0.0	0.0	0.0	1.0	0.0	0.0	0.0	0.0
KY325465	0.0	0.0	0.0	0.0	0.0	1.0	0.0	0.0	0.0	0.0
n148	2.0045112295726679e-13	1.8043525257122466e-06	0.9999865453019275	2.387972369406384e-06	2.00626604489949e-06	2.479323657954994e-06	1.0578682626774562e-06	2.2496307656629923e-06	1.2688331227413329e-06	2.0045112295726679e-07
MF801402	0.0	0.0	1.0	0.0	0.0	0.0	0.0	0.0	0.0	0.0
n151	1.9208633252540087e-14	1.729057209227497e-07	0.9999987106764135	2.288322698541587e-07	1.9225449124430238e-07	2.3758619137372676e-07	1.0137236044122824e-07	2.155754065816015e-07	1.2158849376268803e-07	1.920863325254009e-08
n156	2.5727227246496748e-14	2.3158257622575457e-07	0.9999982731347685	3.064882196702412e-07	2.574974971083755e-07	3.182128502189632e-07	1.3577383248963736e-07	2.887325402575109e-07	1.6285046252201588e-07	2.5727227246496748e-08
KY765324	0.0	0.0	1.0	0.0	0.0	0.0	0.0	0.0	0.0	0.0
MF434518	0.0	0.0	1.0	0.0	0.0	0.0	0.0	0.0	0.0	0.0
MF801401	0.0	0.0	1.0	0.0	0.0	0.0	0.0	0.0	0.0	0.0
MF801417	0.0	0.0	1.0	0.0	0.0	0.0	0.0	0.0	0.0	0.0
n132	6.151947590951525e-15	5.537650281035928e-08	0.999999405382842	7.328809461626337e-08	6.157333319305154e-08	2.5777729687300357e-07	3.246651859121814e-08	6.904231996894968e-08	3.894113815681703e-08	6.151947590951527e-09
n133	3.3368923093088233e-12	3.0036898658905095e-05	0.99857411016569	3.975236714444787e-05	3.3398135356911566e-05	0.0012431837365012633	1.7610240431243846e-05	3.744940656843162e-05	2.112215400247206e-05	3.336892309308823e-06
n139	7.740297347429664e-15	6.967396771120064e-08	0.9999994804525427	9.221009053958754e-08	7.747326608661998e-08	9.573756463697743e-08	4.084893507569897e-08	8.68681142378513e-08	4.899521394240009e-08	7.740297347429662e-09
n137	2.745017087733243e-13	2.4709158234202828e-06	0.9999012061723697	3.2701363117096628e-06	8.311611972030528e-05	3.3952345703683902e-06	1.4486655972684966e-06	3.080688599660183e-06	1.7375650243423217e-06	2.745017087733243e-07
MF801393	0.0	0.0	1.0	0.0	0.0	0.0	0.0	0.0	0.0	0.0
MF801398	0.0	0.0	1.0	0.0	0.0	0.0	0.0	0.0	0.0	0.0
KY241721	0.0	0.0	0.0	0.0	0.0	0.0	0.0	0.0	1.0	0.0
n365	6.381680465259483e-16	5.7444433814592486e-09	3.608386759963677e-09	7.602490021803925e-09	6.387267199085716e-09	7.893321385084052e-09	3.367891946500055e-09	7.162057512812653e-09	0.999999957595973	6.381680465259484e-10
KY241716	0.0	0.0	0.0	0.0	0.0	0.0	0.0	0.0	1.0	0.0
KY241783	0.0	0.0	0.0	0.0	0.0	0.0	0.0	0.0	1.0	0.0
n377	1.8591403275889805e-91	1.6734975071473205e-84	1.0512117269904455e-84	2.214792148646666e-84	1.8607678804275152e-84	2.2995184709602325e-84	9.811496784876725e-85	2.086483336648888e-84	1.0	1.8591403275889808e-85
n455	4.2122309115231087e-16	3.7916223027147634e-09	2.3817172191230516e-09	5.0180267797357344e-09	4.215918437566667e-09	5.2099901450464655e-09	2.2229785149765315e-09	4.727319114425312e-09	0.9999999720112039	4.2122309115231086e-10
KY241727	0.0	0.0	0.0	0.0	0.0	0.0	0.0	0.0	1.0	0.0
KY241780	0.0	0.0	0.0	0.0	0.0	0.0	0.0	0.0	1.0	0.0
KY241682	0.0	0.0	0.0	0.0	0.0	0.0	0.0	0.0	1.0	0.0
KY241778	0.0	0.0	0.0	0.0	0.0	0.0	0.0	0.0	1.0	0.0
KY241776	0.0	0.0	0.0	0.0	0.0	0.0	0.0	0.0	1.0	0.0
n30	1.3584731054354248e-15	1.2228239696253134e-08	7.681199950637695e-09	0.999999917318721	1.3596623576537833e-08	1.680257241422222e-08	7.169261064481284e-09	1.5245925526517433e-08	8.598982370866443e-09	1.3584731054354248e-09
KU963796	0.0	0.0	0.0	1.0	0.0	0.0	0.0	0.0	0.0	0.0
KU820899	0.0	0.0	0.0	1.0	0.0	0.0	0.0	0.0	0.0	0.0
MF099651	0.0	0.0	0.0	1.0	0.0	0.0	0.0	0.0	0.0	0.0
MF036115	0.0	0.0	0.0	1.0	0.0	0.0	0.0	0.0	0.0	0.0
n344	0.0	0.0	0.0	0.0	0.0	0.0	0.0	1.0	0.0	0.0
KR872956	0.0	0.0	0.0	0.0	0.0	0.0	0.0	1.0	0.0	0.0
n197	2.5607151609120157e-16	2.305017214828818e-09	1.4479106313387223e-09	3.0505775972528766e-09	2.5629568973923605e-09	3.167276683746326e-09	1.3514014082442008e-09	0.9999999842378837	1.6209039720689077e-09	2.560715160912016e-10
n199	5.855178632137098e-14	5.270514962100996e-07	3.310713385892348e-07	6.975268876439082e-07	5.860304454783183e-07	7.242106050613073e-07	3.090033897473106e-07	0.9999963959277531	3.706262393754035e-07	5.855178632137099e-08
n202	3.9187691974736995e-15	8.67085351306797e-08	2.2185868367323496e-08	4.712268210268578e-08	4.7484077674293394e-08	4.8470155906450737e-08	2.0681059310649013e-08	0.9999996986234788	2.4805369432592873e-08	3.9187691974737e-09
KU527068	0.0	0.0	0.0	0.0	0.0	0.0	0.0	1.0	0.0	0.0
KY014307	0.0	0.0	0.0	0.0	0.0	0.0	0.0	1.0	0.0	0.0
KY785433	0.0	0.0	0.0	0.0	0.0	0.0	0.0	1.0	0.0	0.0
KU497555	0.0	0.0	0.0	0.0	0.0	0.0	0.0	1.0	0.0	0.0
n327	1.1786307172877022e-12	1.0609395847951805e-05	6.6643190587526025e-06	1.4041016807956116e-05	0.00040079781054855703	1.4578152410684356e-05	6.220149884125285e-06	0.9995384499233183	7.460600227686569e-06	1.1786307172877028e-06
KY558999	0.0	0.0	0.0	0.0	0.0	0.0	0.0	1.0	0.0	0.0
n300	8.916091271502966e-16	1.1406328803742717e-06	7.6231924768103e-09	1.0621731265628043e-08	8.923896712244718e-09	1.3903053951919615e-08	4.7054113961083926e-09	0.9999988070544381	5.6437857587256416e-09	8.916091271502966e-10
KY558996	0.0	0.0	0.0	0.0	0.0	0.0	0.0	1.0	0.0	0.0
KY785455	0.0	0.0	0.0	0.0	0.0	0.0	0.0	1.0	0.0	0.0
KY785480	0.0	0.0	0.0	0.0	0.0	0.0	0.0	1.0	0.0	0.0
KY014317	0.0	0.0	0.0	0.0	0.0	0.0	0.0	1.0	0.0	0.0
n336	3.717460307230866e-17	3.346256581469488e-10	2.101959780667946e-10	4.428607017544501e-10	3.7207146947482517e-10	4.5980222765781195e-10	1.9618664234777512e-10	0.9999999977117716	2.3531106739153825e-10	3.7174603072308646e-11
n333	0.0	0.0	0.0	0.0	0.0	0.0	0.0	1.0	0.0	0.0
n334	1.890462537084437e-13	1.7016920649927577e-06	1.0689222232623103e-06	2.252106267779764e-06	1.89211751041954e-06	2.338260032432084e-06	9.97679778620482e-07	0.9999883635341	1.1966415797359798e-06	1.890462537084437e-07
n45	1.8371814423268004e-14	1.6537313070382366e-07	1.038984905333896e-07	2.188632548991926e-07	1.8389279232830945e-07	2.2723581423326652e-07	9.695610141489907e-08	0.9999988691170585	1.1629152444343709e-07	1.8371814423268006e-08
KU940227	0.0	0.0	0.0	0.0	0.0	0.0	0.0	1.0	0.0	0.0
KX101066	0.0	0.0	0.0	0.0	0.0	0.0	0.0	1.0	0.0	0.0
KX101061	0.0	0.0	0.0	0.0	0.0	0.0	0.0	1.0	0.0	0.0
n58	8.575384312294725e-14	7.719096862401106e-07	4.848771272781313e-07	1.0215847380992886e-06	8.582891486912954e-07	1.0606652079500192e-06	4.5256054295952594e-07	0.9999947215474067	5.428122132291832e-07	8.575384312294724e-08
KY559009	0.0	0.0	0.0	0.0	0.0	0.0	0.0	1.0	0.0	0.0
n68	9.569568696317999e-15	8.803714431955055e-08	5.836128852062669e-08	1.5828736561204528e-07	9.577946212777687e-08	1.1836367300121042e-07	5.050280019386392e-08	0.9999993605243914	6.057429638259201e-08	9.569568696318e-09
n90	5.802547797611228e-14	5.223140541382601e-07	3.2893350595548136e-07	6.912594205543748e-07	5.807627539575076e-07	7.177008449337458e-07	3.0622583037713853e-07	0.9999964274832877	3.672947665884849e-07	5.8025477976112306e-08
n185	4.0452613582899316e-14	3.6413253472032915e-07	0.9999972847360795	4.819116105766621e-07	4.048802713672631e-07	5.00347019275992e-07	2.134861377694907e-07	4.5399318659326026e-07	2.560605062131824e-07	4.045261358289931e-08
KY014306	0.0	0.0	1.0	0.0	0.0	0.0	0.0	0.0	0.0	0.0
MF801410	0.0	0.0	1.0	0.0	0.0	0.0	0.0	0.0	0.0	0.0
n187	3.100200628233565e-14	2.7906328242224196e-07	0.9999979190805817	3.6932661342168284e-07	3.102914646243735e-07	3.834551110808714e-07	1.636111489003813e-07	3.4793053838310433e-07	1.9623922212123649e-07	3.100200628233565e-08
KY785431	0.0	0.0	1.0	0.0	0.0	0.0	0.0	0.0	0.0	0.0
KU870645	0.0	0.0	0.0	0.0	0.0	1.0	0.0	0.0	0.0	0.0
n110	6.39716457657554e-15	5.758381340473574e-08	0.9999995706080783	7.620936229259415e-08	6.402764865704162e-08	7.912560550798384e-08	3.3760635893900345e-08	7.179435082307727e-08	4.0493334168634166e-08	6.397164576575541e-09
MF434517	0.0	0.0	1.0	0.0	0.0	0.0	0.0	0.0	0.0	0.0
n178	3.9424300862492143e-13	0.9999434770690235	1.3248203034298127e-05	4.6966133067194484e-06	3.945881419740497e-06	1.829788737382152e-05	2.0805928171112804e-06	4.424525980526634e-06	9.43498364138011e-06	3.942430086249215e-07
MH063262	0.0	1.0	0.0	0.0	0.0	0.0	0.0	0.0	0.0	0.0
MH063265	0.0	1.0	0.0	0.0	0.0	0.0	0.0	0.0	0.0	0.0
MF159531	0.0	0.0	0.0	0.0	0.0	1.0	0.0	0.0	0.0	0.0
MF801396	0.0	0.0	1.0	0.0	0.0	0.0	0.0	0.0	0.0	0.0
MF801418	0.0	0.0	1.0	0.0	0.0	0.0	0.0	0.0	0.0	0.0
n152	6.037584929435173e-17	5.434707202389171e-10	0.9999999959474468	7.192569328987597e-10	6.042870430666025e-10	7.467719278206465e-10	3.1862976798742053e-10	6.775884618244891e-10	3.8217235338034927e-10	6.037584929435172e-11
KY014310	0.0	0.0	1.0	0.0	0.0	0.0	0.0	0.0	0.0	0.0
n157	1.0795335201062226e-14	9.717376509833522e-08	0.9999992753945521	1.2860472816663843e-07	1.080478579399956e-07	1.3352447002880516e-07	5.6971706247827164e-08	1.211543135087928e-07	6.833326085742767e-08	1.0795335201062225e-08
MF801385	0.0	0.0	1.0	0.0	0.0	0.0	0.0	0.0	0.0	0.0
MF801413	0.0	0.0	1.0	0.0	0.0	0.0	0.0	0.0	0.0	0.0
KY631493	0.0	0.0	1.0	0.0	0.0	0.0	0.0	0.0	0.0	0.0
KX827268	0.0	0.0	0.0	0.0	0.0	1.0	0.0	0.0	0.0	0.0
KY606272	0.0	0.0	1.0	0.0	0.0	0.0	0.0	0.0	0.0	0.0
n140	1.9755436572904887e-15	1.7782774848544086e-08	0.9999998673973723	2.353463327402477e-08	1.9772741896862163e-08	2.4434944811557284e-08	1.0425808076050966e-08	2.2171209244352883e-08	1.2504969744300714e-08	1.975543657290488e-09
MF801395	0.0	0.0	1.0	0.0	0.0	0.0	0.0	0.0	0.0	0.0
MF098771	0.0	0.0	0.0	0.0	1.0	0.0	0.0	0.0	0.0	0.0
n138	4.7902093195532366e-17	4.311887185719999e-10	0.9999999965146609	5.706571921377905e-10	7.49490861165354e-10	5.9248754099532e-10	2.5280030044119233e-10	5.375975000913254e-10	3.032148765167608e-10	4.790209319553237e-11
KY241698	0.0	0.0	0.0	0.0	0.0	0.0	0.0	0.0	1.0	0.0
KY241740	0.0	0.0	0.0	0.0	0.0	0.0	0.0	0.0	1.0	0.0
KY241701	0.0	0.0	0.0	0.0	0.0	0.0	0.0	0.0	1.0	0.0
KY241687	0.0	0.0	0.0	0.0	0.0	0.0	0.0	0.0	1.0	0.0
n380	1.1726382439864207e-17	1.0555454846390361e-10	6.630435881053797e-11	1.3969628529074198e-10	1.1736648102301047e-10	1.4504033190964648e-10	6.188524981122274e-11	1.316033071676661e-10	0.9999999992208232	1.1726382439864206e-11
KY241741	0.0	0.0	0.0	0.0	0.0	0.0	0.0	0.0	1.0	0.0
KY241735	0.0	0.0	0.0	0.0	0.0	0.0	0.0	0.0	1.0	0.0
KY241755	0.0	0.0	0.0	0.0	0.0	0.0	0.0	0.0	1.0	0.0
KY241771	0.0	0.0	0.0	0.0	0.0	0.0	0.0	0.0	1.0	0.0
KY241704	0.0	0.0	0.0	0.0	0.0	0.0	0.0	0.0	1.0	0.0
KY241719	0.0	0.0	0.0	0.0	0.0	0.0	0.0	0.0	1.0	0.0
KY241683	0.0	0.0	0.0	0.0	0.0	0.0	0.0	0.0	1.0	0.0
KY241786	0.0	0.0	0.0	0.0	0.0	0.0	0.0	0.0	1.0	0.0
KY241748	0.0	0.0	0.0	0.0	0.0	0.0	0.0	0.0	1.0	0.0
KY241722	0.0	0.0	0.0	0.0	0.0	0.0	0.0	0.0	1.0	0.0
KY241770	0.0	0.0	0.0	0.0	0.0	0.0	0.0	0.0	1.0	0.0
KY241711	0.0	0.0	0.0	0.0	0.0	0.0	0.0	0.0	1.0	0.0
KY241743	0.0	0.0	0.0	0.0	0.0	0.0	0.0	0.0	1.0	0.0
KY241699	0.0	0.0	0.0	0.0	0.0	0.0	0.0	0.0	1.0	0.0
KY241732	0.0	0.0	0.0	0.0	0.0	0.0	0.0	0.0	1.0	0.0
KY241724	0.0	0.0	0.0	0.0	0.0	0.0	0.0	0.0	1.0	0.0
n434	7.46858129032406e-18	6.722812681651237e-11	4.222951930988289e-11	8.897313967036963e-11	7.475119533026083e-11	9.237678498018709e-11	3.941497058085725e-11	8.381868855955403e-11	0.999999999503739	7.46858129032406e-12
KY241674	0.0	0.0	0.0	0.0	0.0	0.0	0.0	0.0	1.0	0.0
KY241685	0.0	0.0	0.0	0.0	0.0	0.0	0.0	0.0	1.0	0.0
KY241676	0.0	0.0	0.0	0.0	0.0	0.0	0.0	0.0	1.0	0.0
KY241678	0.0	0.0	0.0	0.0	0.0	0.0	0.0	0.0	1.0	0.0
n429	6.009453382690783e-17	5.409384706475166e-10	3.3979187987812633e-10	7.159056243431779e-10	6.014714256636606e-10	7.432924157905192e-10	3.17145143204986e-10	6.744313035053832e-10	0.9999999960069292	6.009453382690783e-11
KY241756	0.0	0.0	0.0	0.0	0.0	0.0	0.0	0.0	1.0	0.0
KY241680	0.0	0.0	0.0	0.0	0.0	0.0	0.0	0.0	1.0	0.0
KY241679	0.0	0.0	0.0	0.0	0.0	0.0	0.0	0.0	1.0	0.0
KX827309	0.0	0.0	0.0	0.0	0.0	0.0	0.0	0.0	1.0	0.0
KY241781	0.0	0.0	0.0	0.0	0.0	0.0	0.0	0.0	1.0	0.0
KY241779	0.0	0.0	0.0	0.0	0.0	0.0	0.0	0.0	1.0	0.0
KU997667	0.0	0.0	0.0	1.0	0.0	0.0	0.0	0.0	0.0	0.0
KX013000	0.0	0.0	0.0	1.0	0.0	0.0	0.0	0.0	0.0	0.0
KU321639	0.0	0.0	0.0	0.0	0.0	0.0	0.0	1.0	0.0	0.0
MF783073	0.0	1.0	0.0	0.0	0.0	0.0	0.0	0.0	0.0	0.0
KX879604	0.0	0.0	0.0	0.0	0.0	0.0	0.0	1.0	0.0	0.0
MF794971	0.0	0.0	0.0	0.0	0.0	0.0	0.0	1.0	0.0	0.0
KX879603	0.0	0.0	0.0	0.0	0.0	0.0	0.0	1.0	0.0	0.0
KX811222	0.0	0.0	0.0	0.0	0.0	0.0	0.0	1.0	0.0	0.0
n200	8.255081072866148e-18	7.430777229857947e-11	4.6676679755648123e-11	9.834270428891138e-11	8.26230784488684e-11	1.0210477996003444e-10	4.356567398565369e-11	0.9999999994918705	5.225373717861683e-11	8.255081072866146e-12
MF073359	0.0	0.0	0.0	0.0	0.0	0.0	0.0	1.0	0.0	0.0
n203	8.028723695867235e-16	4.204455669288441e-07	4.540387042435594e-09	1.3086873577130565e-08	7.441307843186575e-08	9.930502911969775e-09	4.237108708777378e-09	0.9999994674615171	5.08209203738225e-09	8.028723695867232e-10
KU991811	0.0	0.0	0.0	0.0	1.0	0.0	0.0	0.0	0.0	0.0
n328	3.512996948167596e-13	3.1622097310958606e-06	1.9863501070875765e-06	4.185030007450531e-06	0.00010436728933995672	4.345127288597146e-06	1.8539621647026246e-06	0.9998775250436539	2.2236876611933565e-06	3.5129969481675976e-07
n309	7.580671457420766e-13	0.000426382745472229	8.20290740957666e-06	9.03084687918041e-06	7.5873078275567004e-06	9.376544998340482e-06	4.0006519426183985e-06	0.9995298624475704	4.798479996465685e-06	7.580671457420766e-07
n302	1.391147283889026e-13	0.00024243999365895758	3.4304135586362476e-06	1.6572724695635352e-06	1.392365140162226e-06	5.388135757200244e-06	7.341692770909946e-07	0.9997439379546452	8.805806255255238e-07	1.3911472838890264e-07
KX548902	0.0	0.0	0.0	0.0	0.0	0.0	0.0	1.0	0.0	0.0
KY014309	0.0	0.0	0.0	0.0	0.0	0.0	0.0	1.0	0.0	0.0
KY559031	0.0	0.0	0.0	0.0	0.0	0.0	0.0	1.0	0.0	0.0
KY014301	0.0	0.0	0.0	0.0	0.0	0.0	0.0	1.0	0.0	0.0
KY785479	0.0	0.0	0.0	0.0	0.0	0.0	0.0	1.0	0.0	0.0
KY014296	0.0	0.0	0.0	0.0	0.0	0.0	0.0	1.0	0.0	0.0
KY014320	0.0	0.0	0.0	0.0	0.0	0.0	0.0	1.0	0.0	0.0
n335	2.4206494426897898e-15	2.178937623967512e-08	1.3687052254027564e-08	2.88371743689083e-08	2.422768559150814e-08	2.994033329589186e-08	1.2774826015992491e-08	0.999999851000461	1.5322439436195773e-08	2.42064944268979e-09
KY785427	0.0	0.0	0.0	0.0	0.0	0.0	0.0	1.0	0.0	0.0
n46	6.197709604962291e-15	5.578842769431019e-08	3.5043736074810964e-08	7.383325706491371e-08	6.203142065207302e-08	7.665772993446257e-08	3.270802475762914e-08	0.9999996185088813	3.9230806572157316e-08	6.197709604962291e-09
KU940228	0.0	0.0	0.0	0.0	0.0	0.0	0.0	1.0	0.0	0.0
n59	2.564536707853956e-14	2.30845715296119e-07	1.450063251247098e-07	3.0551302024829335e-07	2.5667817879786004e-07	3.1720034478588716e-07	1.353418205738058e-07	0.9999984214369055	1.623322968632714e-07	2.564536707853956e-08
KY559013	0.0	0.0	0.0	0.0	0.0	0.0	0.0	1.0	0.0	0.0
n69	4.906159922680483e-16	1.5986437375974535e-08	2.809828763700808e-09	2.759393941917153e-07	4.910454937096539e-09	6.070515776667168e-09	2.5891952099117023e-09	0.999999688098013	3.1055441962727995e-09	4.906159922680482e-10
KU312312	0.0	0.0	0.0	0.0	0.0	0.0	0.0	1.0	0.0	0.0
n91	1.6773396964952728e-17	1.5098504433549352e-10	9.486203977872351e-11	1.9982138173441603e-10	1.6788080950576117e-10	2.074654374894232e-10	8.852055326373318e-11	0.9999999989675177	1.0617372123456804e-10	1.677339696495273e-11
n92	5.100289412354355e-17	4.5910045100745293e-10	2.8839010263550233e-10	6.075970193075104e-10	5.104754374136552e-10	6.308404770157211e-10	2.691645833757566e-10	0.9999999968605864	3.2284259855913817e-10	5.100289412354355e-11
KY693677	0.0	0.0	1.0	0.0	0.0	0.0	0.0	0.0	0.0	0.0
KY765325	0.0	0.0	1.0	0.0	0.0	0.0	0.0	0.0	0.0	0.0
KY785418	0.0	0.0	1.0	0.0	0.0	0.0	0.0	0.0	0.0	0.0
KY014315	0.0	0.0	1.0	0.0	0.0	0.0	0.0	0.0	0.0	0.0
n111	2.7862759323697993e-16	2.508054802453995e-09	0.9999999812979329	3.3192879350740935e-09	2.7887151303342425e-09	3.446267500289577e-09	1.4704396944408316e-09	3.1269927384850336e-09	1.7636814101767188e-09	2.7862759323697995e-10
MF434516	0.0	0.0	1.0	0.0	0.0	0.0	0.0	0.0	0.0	0.0
MH063263	0.0	1.0	0.0	0.0	0.0	0.0	0.0	0.0	0.0	0.0
MH063259	0.0	1.0	0.0	0.0	0.0	0.0	0.0	0.0	0.0	0.0
KY785442	0.0	0.0	1.0	0.0	0.0	0.0	0.0	0.0	0.0	0.0
KY014319	0.0	0.0	1.0	0.0	0.0	0.0	0.0	0.0	0.0	0.0
n154	2.1842751620280006e-14	1.9661662889740734e-07	0.9999985338688864	2.6021249754811754e-07	2.1861873486377712e-07	2.7016686186657134e-07	1.1527375535614649e-07	2.4513769405119577e-07	1.3826216754860275e-07	2.1842751620280013e-08
n158	1.161097013553482e-14	1.0451566936089456e-07	0.9999992206474315	1.3832137957925416e-07	1.1621134762229103e-07	1.4361282952242384e-07	6.12761685944587e-08	1.3030805340842027e-07	7.349613849889843e-08	1.1610970135534818e-08
KY328289	0.0	0.0	1.0	0.0	0.0	0.0	0.0	0.0	0.0	0.0
n141	1.006263933772298e-14	9.057843346790616e-08	0.9999993245746286	1.198761291395056e-07	1.007144854446041e-07	1.2446196061872406e-07	5.310494966105121e-08	1.129313854866167e-07	6.369537823255165e-08	1.0062639337722981e-08
KY120349	0.0	0.0	1.0	0.0	0.0	0.0	0.0	0.0	0.0	0.0
KX856011	0.0	0.0	1.0	0.0	0.0	0.0	0.0	0.0	0.0	0.0
KY648934	0.0	0.0	1.0	0.0	0.0	0.0	0.0	0.0	0.0	0.0
n381	5.428872099094867e-28	4.886776855751936e-21	3.0696413445566675e-21	6.467410298541213e-21	5.4336247130120666e-21	6.7148194695657306e-21	2.8650532913162743e-21	6.0927359831138824e-21	1.0	5.428872099094868e-22
n385	2.498900048141586e-79	2.249374584111437e-72	1.4129503815293358e-72	2.9769373106193727e-72	2.5010876677667504e-72	3.090819306381792e-72	1.318778869148919e-72	2.804475398132086e-72	1.0	2.4989000481415853e-73
n435	1.4665882861841055e-26	1.3201434041955582e-19	8.292514460717942e-20	1.7471452656562656e-19	1.4678721860020588e-19	1.813981872873366e-19	7.739827941494924e-20	1.6459284839547062e-19	1.0	1.4665882861841052e-20
n440	4.4238618071017806e-36	3.9821209815560524e-29	2.5013794500608844e-29	5.270142469435479e-29	4.427734601820172e-29	5.471750457695979e-29	2.3346653963128914e-29	4.9648290702862664e-29	1.0	4.42386180710178e-30
n430	3.1517218038961986e-18	2.8370093982535626e-11	1.7820746886620345e-11	3.75464326301841e-11	3.154480925244965e-11	3.8982762063938614e-11	1.6633014671816597e-11	3.5371267719798614e-11	0.9999999997905792	3.1517218038961972e-12
KY241684	0.0	0.0	0.0	0.0	0.0	0.0	0.0	0.0	1.0	0.0
KX280026	0.0	0.0	0.0	0.0	0.0	0.0	0.0	1.0	0.0	0.0
MH513599	0.0	0.0	0.0	0.0	0.0	0.0	0.0	1.0	0.0	0.0
n204	3.686846471830357e-13	0.0005289006033128717	2.084649915230043e-06	4.393408439851616e-06	8.811687895431838e-05	4.56015688313485e-06	1.9457101633424884e-06	0.9993672961748559	2.3337324595171537e-06	3.686846471830356e-07
n288	1.8498301020534605e-14	1.760777707468482e-07	1.0459476215061039e-07	3.725894670403578e-06	1.8668159627896728e-07	2.2880029144043178e-07	9.762362651991395e-08	0.9999953447367924	1.1709217041551738e-07	1.8498301020534608e-08
KY559001	0.0	0.0	0.0	0.0	0.0	0.0	0.0	1.0	0.0	0.0
KY558995	0.0	0.0	0.0	0.0	0.0	0.0	0.0	1.0	0.0	0.0
n310	5.826121832070645e-15	2.8881850479400213e-06	4.486274391229861e-06	6.940653537144797e-08	5.8312222115227633e-08	7.206318801034904e-08	3.074699352995739e-08	0.9999923523067966	3.68786976525624e-08	5.826121832070649e-09
KY014303	0.0	1.0	0.0	0.0	0.0	0.0	0.0	0.0	0.0	0.0
n305	2.982247294686701e-11	0.917876723098622	0.010264501743493363	0.00035527484373170526	0.00029848580524534244	0.014374731452807108	0.00015738623550526712	0.056454301409404224	0.0001887729084217156	2.9822472946867006e-05
KY317937	0.0	0.0	0.0	0.0	0.0	0.0	0.0	1.0	0.0	0.0
n304	1.4370548646550527e-13	2.0809465783259985e-06	8.211834712908694e-07	1.7119621279691573e-06	1.4383129099404956e-06	1.7894257097433883e-06	7.583967156766267e-07	0.9999903464272476	9.096396091827394e-07	1.4370548646550526e-07
MH763833	0.0	0.0	0.0	0.0	0.0	0.0	0.0	1.0	0.0	0.0
MH763832	0.0	0.0	0.0	0.0	0.0	0.0	0.0	1.0	0.0	0.0
KX520666	0.0	0.0	0.0	0.0	0.0	0.0	0.0	1.0	0.0	0.0
KU940224	0.0	0.0	0.0	0.0	0.0	0.0	0.0	1.0	0.0	0.0
KY559019	0.0	0.0	0.0	0.0	0.0	0.0	0.0	1.0	0.0	0.0
n60	0.0	0.0	0.0	0.0	0.0	0.0	0.0	1.0	0.0	0.0
n89	1.965708110618e-14	1.7694420104294903e-07	1.1114682900300082e-07	2.3421653311895737e-07	1.9674289564130648e-07	2.4313291730704497e-07	1.0373901593725465e-07	0.9999987899933889	1.2442711837165006e-07	1.9657081106179995e-08
n71	7.674771084729926e-16	3.17835275585547e-08	4.352550423669116e-09	1.0747252454273118e-07	7.68148983278713e-09	9.502266560785042e-09	4.050312432313614e-09	0.9999998295318068	4.858044004991061e-09	7.674771084729926e-10
n84	2.679151536990823e-11	0.01226302309317168	0.00015148697935122627	0.9711551438744913	0.0002681496954721904	0.00033137673122446355	0.00014139054648700203	0.015493050250683808	0.00016958728695683133	2.6791515369908233e-05
KU365779	0.0	0.0	0.0	0.0	0.0	0.0	0.0	1.0	0.0	0.0
KU707826	0.0	0.0	0.0	0.0	0.0	0.0	0.0	1.0	0.0	0.0
KU365777	0.0	0.0	0.0	0.0	0.0	0.0	0.0	1.0	0.0	0.0
KU365780	0.0	0.0	0.0	0.0	0.0	0.0	0.0	1.0	0.0	0.0
n113	3.0383081973794457e-14	2.7349206075550617e-07	0.9999979606240742	3.619533738720824e-07	3.040968032711726e-07	3.757998100906453e-07	1.6034481457735077e-07	3.409844502516459e-07	1.92321500675923e-07	3.038308197379445e-08
KY785448	0.0	0.0	1.0	0.0	0.0	0.0	0.0	0.0	0.0	0.0
MF434522	0.0	0.0	1.0	0.0	0.0	0.0	0.0	0.0	0.0	0.0
MF434521	0.0	0.0	1.0	0.0	0.0	0.0	0.0	0.0	0.0	0.0
n155	9.961944169718765e-16	8.967203006125547e-09	0.9999999331333498	1.1867654853661691e-08	9.970665184625574e-09	1.2321649035848001e-08	5.257353721064883e-09	1.1180129978515534e-08	6.305798911455212e-09	9.96194416971877e-10
KY014312	0.0	0.0	1.0	0.0	0.0	0.0	0.0	0.0	0.0	0.0
KY785452	0.0	0.0	1.0	0.0	0.0	0.0	0.0	0.0	0.0	0.0
KX446950	0.0	0.0	1.0	0.0	0.0	0.0	0.0	0.0	0.0	0.0
KX446951	0.0	0.0	1.0	0.0	0.0	0.0	0.0	0.0	0.0	0.0
KY241695	0.0	0.0	0.0	0.0	0.0	0.0	0.0	0.0	1.0	0.0
KY241752	0.0	0.0	0.0	0.0	0.0	0.0	0.0	0.0	1.0	0.0
KY241772	0.0	0.0	0.0	0.0	0.0	0.0	0.0	0.0	1.0	0.0
KY241725	0.0	0.0	0.0	0.0	0.0	0.0	0.0	0.0	1.0	0.0
KY241737	0.0	0.0	0.0	0.0	0.0	0.0	0.0	0.0	1.0	0.0
KY241760	0.0	0.0	0.0	0.0	0.0	0.0	0.0	0.0	1.0	0.0
KY241785	0.0	0.0	0.0	0.0	0.0	0.0	0.0	0.0	1.0	0.0
KY241702	0.0	0.0	0.0	0.0	0.0	0.0	0.0	0.0	1.0	0.0
KY241709	0.0	0.0	0.0	0.0	0.0	0.0	0.0	0.0	1.0	0.0
KY241763	0.0	0.0	0.0	0.0	0.0	0.0	0.0	0.0	1.0	0.0
KY241762	0.0	0.0	0.0	0.0	0.0	0.0	0.0	0.0	1.0	0.0
KY241742	0.0	0.0	0.0	0.0	0.0	0.0	0.0	0.0	1.0	0.0
KY241757	0.0	0.0	0.0	0.0	0.0	0.0	0.0	0.0	1.0	0.0
KY241703	0.0	0.0	0.0	0.0	0.0	0.0	0.0	0.0	1.0	0.0
KY241784	0.0	0.0	0.0	0.0	0.0	0.0	0.0	0.0	1.0	0.0
KY241761	0.0	0.0	0.0	0.0	0.0	0.0	0.0	0.0	1.0	0.0
KY241746	0.0	0.0	0.0	0.0	0.0	0.0	0.0	0.0	1.0	0.0
KY241754	0.0	0.0	0.0	0.0	0.0	0.0	0.0	0.0	1.0	0.0
KY241753	0.0	0.0	0.0	0.0	0.0	0.0	0.0	0.0	1.0	0.0
KY241765	0.0	0.0	0.0	0.0	0.0	0.0	0.0	0.0	1.0	0.0
KY241733	0.0	0.0	0.0	0.0	0.0	0.0	0.0	0.0	1.0	0.0
KY241726	0.0	0.0	0.0	0.0	0.0	0.0	0.0	0.0	1.0	0.0
KY241720	0.0	0.0	0.0	0.0	0.0	0.0	0.0	0.0	1.0	0.0
KY241739	0.0	0.0	0.0	0.0	0.0	0.0	0.0	0.0	1.0	0.0
KY241705	0.0	0.0	0.0	0.0	0.0	0.0	0.0	0.0	1.0	0.0
KY241696	0.0	0.0	0.0	0.0	0.0	0.0	0.0	0.0	1.0	0.0
KY241764	0.0	0.0	0.0	0.0	0.0	0.0	0.0	0.0	1.0	0.0
KY241731	0.0	0.0	0.0	0.0	0.0	0.0	0.0	0.0	1.0	0.0
KY241750	0.0	0.0	0.0	0.0	0.0	0.0	0.0	0.0	1.0	0.0
KY241718	0.0	0.0	0.0	0.0	0.0	0.0	0.0	0.0	1.0	0.0
KY241710	0.0	0.0	0.0	0.0	0.0	0.0	0.0	0.0	1.0	0.0
n439	0.0	0.0	0.0	0.0	0.0	0.0	0.0	0.0	1.0	0.0
KY241728	0.0	0.0	0.0	0.0	0.0	0.0	0.0	0.0	1.0	0.0
KY241747	0.0	0.0	0.0	0.0	0.0	0.0	0.0	0.0	1.0	0.0
KY241715	0.0	0.0	0.0	0.0	0.0	0.0	0.0	0.0	1.0	0.0
KY241768	0.0	0.0	0.0	0.0	0.0	0.0	0.0	0.0	1.0	0.0
KY241723	0.0	0.0	0.0	0.0	0.0	0.0	0.0	0.0	1.0	0.0
n446	0.0	0.0	0.0	0.0	0.0	0.0	0.0	0.0	1.0	0.0
KY241689	0.0	0.0	0.0	0.0	0.0	0.0	0.0	0.0	1.0	0.0
KY241736	0.0	0.0	0.0	0.0	0.0	0.0	0.0	0.0	1.0	0.0
n431	1.995458983597583e-19	1.7962041837885173e-12	1.128290238858163e-12	2.3771884371686077e-12	1.9972058742893393e-12	2.4681271890739287e-12	1.053090996488215e-12	2.2394715753609053e-12	0.999999999986741	1.9954589835975832e-13
KY241767	0.0	0.0	0.0	0.0	0.0	0.0	0.0	0.0	1.0	0.0
KY558989	0.0	0.0	0.0	0.0	0.0	0.0	0.0	1.0	0.0	0.0
n206	1.2416616473688042e-11	0.05085697829177814	7.02071418155755e-05	0.00014791948050759358	0.00015372409171314868	0.00015357764287272834	6.552791674882695e-05	0.9484610530162274	7.859578944613704e-05	1.2416616473688039e-05
MF098767	0.0	0.0	0.0	0.0	1.0	0.0	0.0	0.0	0.0	0.0
n289	2.4978496270685574e-11	0.0002248467566058868	0.0001412356443132073	0.01205468966920526	0.0002500042513837528	0.0003089520070049887	0.000131822451599828	0.9867053596192039	0.00015811107943392914	2.497849627068557e-05
n290	5.90586123199809e-14	5.375818384597985e-07	3.3393449029921434e-07	2.890623989579753e-06	5.920618386962653e-07	7.304793935334385e-07	3.116781322517142e-07	0.9999941707472548	3.7383439109346516e-07	5.9058612319980925e-08
n311	1.8755676536997655e-13	4.401181219418824e-06	0.00015052402344545234	2.2343620070126603e-06	1.8772095875620696e-06	2.3198384263197355e-06	9.898190970855204e-07	0.9998362787959785	1.1872132856366404e-06	1.8755676536997662e-07
n313	2.4725741554092713e-18	1.7997721791880151e-10	1.268386554707391e-08	2.9455752990141175e-11	2.4747387284785592e-11	3.058266019043801e-11	1.3048855439346201e-11	0.9999999870201989	1.5651117043062322e-11	2.4725741554092707e-12
n306	2.4868733601996235e-11	0.9471627151724572	0.03390848706164008	0.0002962609928424062	0.00024890504512649976	0.003799482496676507	0.00013124318598175524	0.014270620992751185	0.00015741629405373846	2.4868733601996244e-05
n308	3.9056690586574246e-11	0.9263726856727275	0.006727785776332807	0.00046528199286305187	0.0003909088210331167	0.02894265924482091	0.00020611924147493255	0.0366082780508705	0.0002472244702339219	3.905669058657425e-05
KY693678	0.0	0.0	0.0	0.0	0.0	0.0	0.0	1.0	0.0	0.0
KY693679	0.0	0.0	0.0	0.0	0.0	0.0	0.0	1.0	0.0	0.0
n61	0.0	0.0	0.0	0.0	0.0	0.0	0.0	1.0	0.0	0.0
KY559018	0.0	0.0	0.0	0.0	0.0	0.0	0.0	1.0	0.0	0.0
KY785450	0.0	0.0	0.0	0.0	0.0	0.0	0.0	1.0	0.0	0.0
KY014297	0.0	0.0	0.0	0.0	0.0	0.0	0.0	1.0	0.0	0.0
n72	1.3441832076356336e-13	1.2100426273032433e-06	7.600401161395306e-07	1.601646967019108e-06	1.345359950005552e-06	1.6625824994322438e-06	7.093842796205542e-07	0.9999917256722133	8.508528920760291e-07	1.3441832076356333e-07
n74	2.8680793775395504e-14	1.8953489857847956e-05	1.6217002874835702e-07	3.456279634436521e-07	2.8705901889413514e-07	3.636271558440535e-07	1.513610950927733e-07	0.9999795264378505	1.8154620733401094e-07	2.8680793775395517e-08
n85	2.6382694681412714e-11	0.015425376240191146	0.00014917538878503686	0.9713644604012657	0.00026405790963592024	0.00032632014290812696	0.0001392330208762448	0.01213799467741564	0.00016699949785806123	2.638269468141271e-05
KU820898	0.0	0.0	0.0	1.0	0.0	0.0	0.0	0.0	0.0	0.0
KY785414	0.0	0.0	1.0	0.0	0.0	0.0	0.0	0.0	0.0	0.0
KY693676	0.0	0.0	1.0	0.0	0.0	0.0	0.0	0.0	0.0	0.0
KY765317	0.0	0.0	1.0	0.0	0.0	0.0	0.0	0.0	0.0	0.0
KY765318	0.0	0.0	1.0	0.0	0.0	0.0	0.0	0.0	0.0	0.0
KY241713	0.0	0.0	0.0	0.0	0.0	0.0	0.0	0.0	1.0	0.0
KX813683	0.0	0.0	0.0	0.0	0.0	0.0	0.0	0.0	1.0	0.0
KY241759	0.0	0.0	0.0	0.0	0.0	0.0	0.0	0.0	1.0	0.0
KY241692	0.0	0.0	0.0	0.0	0.0	0.0	0.0	0.0	1.0	0.0
KY241693	0.0	0.0	0.0	0.0	0.0	0.0	0.0	0.0	1.0	0.0
KY241775	0.0	0.0	0.0	0.0	0.0	0.0	0.0	0.0	1.0	0.0
n451	2.354755493472382e-19	2.1196234570297037e-12	1.3314468801521217e-12	2.8052180362784515e-12	2.3568169241941963e-12	2.9125309539474025e-12	1.242707482083238e-12	2.6427042790170476e-12	0.9999999999843534	2.354755493472382e-13
KY241774	0.0	0.0	0.0	0.0	0.0	0.0	0.0	0.0	1.0	0.0
n432	1.1686230647079378e-20	1.0519312375520478e-13	6.607732895803706e-14	1.3921795735554382e-13	1.1696461159310851e-13	1.445437056583585e-13	6.167335123639796e-14	1.3115269004458552e-13	0.9999999999992235	1.1686230647079379e-14
KY241677	0.0	0.0	0.0	0.0	0.0	0.0	0.0	0.0	1.0	0.0
n207	0.0	1.0	0.0	0.0	0.0	0.0	0.0	0.0	0.0	0.0
KY559026	0.0	0.0	0.0	0.0	0.0	0.0	0.0	1.0	0.0	0.0
KU729217	0.0	0.0	0.0	0.0	0.0	0.0	0.0	1.0	0.0	0.0
KY120352	0.0	0.0	0.0	1.0	0.0	0.0	0.0	0.0	0.0	0.0
KY785426	0.0	0.0	0.0	0.0	0.0	0.0	0.0	1.0	0.0	0.0
MF073358	0.0	0.0	0.0	0.0	0.0	0.0	0.0	1.0	0.0	0.0
n312	2.4525249881151886e-14	2.3023031999337304e-07	6.602611040733412e-07	2.9216907446042713e-07	2.454672009481328e-07	3.033459347579553e-07	1.2943047213078285e-07	0.9999979593285385	1.552420806310346e-07	2.4525249881151884e-08
KX198135	0.0	0.0	1.0	0.0	0.0	0.0	0.0	0.0	0.0	0.0
n316	1.2890957094951919e-14	1.1606484619238899e-07	2.0034411819177875e-05	1.5356985236002348e-07	1.2902242264500434e-07	1.5944462884831619e-07	6.803121970633016e-08	0.9999792449659287	8.159831236964108e-08	1.2890957094951924e-08
n315	2.3360882290924938e-14	2.1029319704785116e-07	1.3298708637946729e-07	2.782979741529122e-07	2.3381333178746074e-07	2.889441938828291e-07	1.2328559500752567e-07	0.9999985611459516	1.4787176439767824e-07	2.336088229092494e-08
KY785469	0.0	0.0	0.0	0.0	0.0	0.0	0.0	1.0	0.0	0.0
KU647676	0.0	1.0	0.0	0.0	0.0	0.0	0.0	0.0	0.0	0.0
n307	1.7672161568344998e-14	2.2882419274175693e-05	0.9999756709205626	2.1052829692498052e-07	1.7687632362182765e-07	3.023755610749381e-07	9.326372723811528e-08	5.340812747594563e-07	1.1186280035524074e-07	1.7672161568344992e-08
KY075932	0.0	0.0	0.0	0.0	0.0	1.0	0.0	0.0	0.0	0.0
KY785451	0.0	1.0	0.0	0.0	0.0	0.0	0.0	0.0	0.0	0.0
KY559024	0.0	0.0	0.0	0.0	0.0	0.0	0.0	1.0	0.0	0.0
KY559023	0.0	0.0	0.0	0.0	0.0	0.0	0.0	1.0	0.0	0.0
n73	3.9876556499182344e-14	3.589484557794316e-07	2.254735875818365e-07	4.7505408852644957e-07	3.9911465753614685e-07	4.932219314405665e-07	2.104460325440157e-07	0.9999975454505207	2.5241412949238096e-07	3.987655649918234e-08
MF073357	0.0	0.0	0.0	0.0	0.0	0.0	0.0	1.0	0.0	0.0
n75	8.224694732340575e-15	1.383404300637172e-07	4.650480525793715e-08	9.7994312414329e-08	8.231894901719432e-08	1.0175949282458693e-07	4.340531197427315e-08	0.9999994293906004	5.206139505167369e-08	8.224694732340576e-09
KU365778	0.0	0.0	0.0	0.0	0.0	0.0	0.0	1.0	0.0	0.0
n78	2.7976215846397937e-12	0.8986304761488465	1.5818561805209253e-05	3.332804802350811e-05	2.8000707149629095e-05	0.00046162800962377726	1.4764272914563695e-05	0.10079547799644648	1.7708630807939213e-05	2.797621584639794e-06
KX766028	0.0	1.0	0.0	0.0	0.0	0.0	0.0	0.0	0.0	0.0
n86	0.0	0.0	0.0	1.0	0.0	0.0	0.0	0.0	0.0	0.0
n452	0.0	0.0	0.0	0.0	0.0	0.0	0.0	0.0	1.0	0.0
KY241690	0.0	0.0	0.0	0.0	0.0	0.0	0.0	0.0	1.0	0.0
KY241675	0.0	0.0	0.0	0.0	0.0	0.0	0.0	0.0	1.0	0.0
KY241681	0.0	0.0	0.0	0.0	0.0	0.0	0.0	0.0	1.0	0.0
KY014302	0.0	1.0	0.0	0.0	0.0	0.0	0.0	0.0	0.0	0.0
KY785476	0.0	1.0	0.0	0.0	0.0	0.0	0.0	0.0	0.0	0.0
n210	9.913919768796165e-14	0.9999293793159243	5.605617051466031e-07	3.694927577791948e-05	2.9522118184394305e-05	1.2262249002757686e-06	5.232009143882867e-07	1.1126232964508254e-06	6.275400004384286e-07	9.913919768796163e-08
n286	2.6206053828704782e-11	0.025851949179141794	0.00014817660987755026	0.00031219247630488153	0.9651900211220319	0.007873166007606115	0.000138300809825415	0.0002941063341024178	0.00016588138107508427	2.6206053828704782e-05
n219	1.361151827480462e-12	0.9999131926520667	7.696346219962542e-06	1.621538910152818e-05	1.3623434247405598e-05	1.6835704775075902e-05	7.18339362600613e-06	1.5275988393895133e-05	8.615938380925376e-06	1.3611518274804621e-06
MF438286	0.0	1.0	0.0	0.0	0.0	0.0	0.0	0.0	0.0	0.0
n277	2.3107447010935582e-14	0.9999917986297773	1.30656190488898e-07	2.7527880201199913e-07	6.958971415036351e-06	2.858095240572315e-07	1.2194810617040568e-07	2.593311673430241e-07	1.462675475044146e-07	2.3107447010935586e-08
n222	2.5527947002012417e-15	0.9996211631173352	1.4434239770005567e-08	3.041141959652277e-08	5.723869255404727e-07	0.00037815881655905824	1.3472214346485941e-08	2.8649605007293673e-08	1.615890409286651e-08	2.5527947002012424e-09
MF098766	0.0	0.0	0.0	0.0	1.0	0.0	0.0	0.0	0.0	0.0
MH063261	0.0	1.0	0.0	0.0	0.0	0.0	0.0	0.0	0.0	0.0
MF384325	0.0	1.0	0.0	0.0	0.0	0.0	0.0	0.0	0.0	0.0
MF783072	0.0	1.0	0.0	0.0	0.0	0.0	0.0	0.0	0.0	0.0
n272	0.0	1.0	0.0	0.0	0.0	0.0	0.0	0.0	0.0	0.0
KY415990	0.0	1.0	0.0	0.0	0.0	0.0	0.0	0.0	0.0	0.0
KY415986	0.0	1.0	0.0	0.0	0.0	0.0	0.0	0.0	0.0	0.0
KY415987	0.0	1.0	0.0	0.0	0.0	0.0	0.0	0.0	0.0	0.0
n276	0.0	1.0	0.0	0.0	0.0	0.0	0.0	0.0	0.0	0.0
KY317936	0.0	0.0	0.0	0.0	0.0	0.0	0.0	1.0	0.0	0.0
KY317939	0.0	0.0	0.0	0.0	0.0	0.0	0.0	1.0	0.0	0.0
KY785466	0.0	0.0	0.0	0.0	0.0	0.0	0.0	1.0	0.0	0.0
n318	3.501148788283984e-17	3.1515457867506477e-10	2.8005919961035245e-10	4.170915305565619e-10	3.504213809554269e-10	4.330472632305835e-10	1.8477093724373127e-10	0.9999999977628246	2.216187908893606e-10	3.501148788283985e-11
n321	1.198867106326109e-13	1.0791552921138721e-06	0.9998063871056277	1.428209272295897e-06	1.19991663418206e-06	1.482845062480413e-06	6.326946161437673e-07	0.00018691131723453657	7.588694300285421e-07	1.198867106326109e-07
KY317940	0.0	0.0	0.0	0.0	0.0	0.0	0.0	1.0	0.0	0.0
KY317938	0.0	0.0	0.0	0.0	0.0	0.0	0.0	1.0	0.0	0.0
KU922960	0.0	0.0	1.0	0.0	0.0	0.0	0.0	0.0	0.0	0.0
KU922923	0.0	0.0	1.0	0.0	0.0	0.0	0.0	0.0	0.0	0.0
KY441403	0.0	0.0	0.0	0.0	0.0	0.0	0.0	1.0	0.0	0.0
KY441402	0.0	0.0	0.0	0.0	0.0	0.0	0.0	1.0	0.0	0.0
KU758877	0.0	0.0	0.0	0.0	0.0	0.0	0.0	1.0	0.0	0.0
KY348640	0.0	0.0	0.0	0.0	0.0	0.0	0.0	1.0	0.0	0.0
KU937936	0.0	0.0	0.0	0.0	0.0	0.0	0.0	1.0	0.0	0.0
KY785456	0.0	0.0	0.0	0.0	0.0	0.0	0.0	1.0	0.0	0.0
n80	5.450829663045108e-13	0.9940509319518119	3.08205678648123e-06	6.4935685117123486e-06	5.455601499338912e-06	0.0035648194644628765	2.8766412583408466e-06	0.0023623453181259497	3.450314032098012e-06	5.450829663045112e-07
KY785481	0.0	1.0	0.0	0.0	0.0	0.0	0.0	0.0	0.0	0.0
KX056898	0.0	0.0	0.0	1.0	0.0	0.0	0.0	0.0	0.0	0.0
n87	0.0	0.0	0.0	1.0	0.0	0.0	0.0	0.0	0.0	0.0
KY241694	0.0	0.0	0.0	0.0	0.0	0.0	0.0	0.0	1.0	0.0
KY241686	0.0	0.0	0.0	0.0	0.0	0.0	0.0	0.0	1.0	0.0
n211	3.780301691376709e-15	0.9999995376627474	2.1374919421443286e-08	1.6811267746499923e-07	1.3600694984311704e-07	4.675749020191648e-08	1.9950305708718182e-08	4.2425718863255675e-08	2.392888565157308e-08	3.780301691376709e-09
n214	1.0740201153752542e-11	0.9898849679523934	6.072820451215037e-05	0.005373782794775961	0.004291737742713086	0.00013284253247795966	5.6680739761925734e-05	0.00012053555294894387	6.798426852261181e-05	1.0740201153752542e-05
KX269878	0.0	0.0	0.0	0.0	1.0	0.0	0.0	0.0	0.0	0.0
n287	2.6484924890663207e-11	0.01371606997013384	0.0001497534275405243	0.000315514664680577	0.9703593410390036	0.014828180749989048	0.00013977253441080364	0.00029723605925126886	0.00016764660361495666	2.64849248906632e-05
MH063260	0.0	1.0	0.0	0.0	0.0	0.0	0.0	0.0	0.0	0.0
MH063264	0.0	1.0	0.0	0.0	0.0	0.0	0.0	0.0	0.0	0.0
n278	2.623043077298254e-12	0.9988782093089362	1.4831444417285711e-05	3.124828786160637e-05	0.0009807597242838808	3.244368333504949e-05	1.3842945762400082e-05	2.943799126337379e-05	1.6603568439788204e-05	2.6230430772982547e-06
n282	6.1803785099515355e-15	0.9999995572683161	3.494564810675834e-08	7.362679189072731e-08	1.1043643343078517e-07	7.644336648643348e-08	3.261656098781413e-08	6.936139560761364e-08	3.912110268485253e-08	6.180378509951539e-09
n240	1.9809349519702915e-11	0.9730791191236816	0.00011200779311892802	0.0002359885971756254	0.010530787914537964	0.01557003649005493	0.00010454260296484383	0.0002223171487884128	0.00012539096034856105	1.9809349519702917e-05
n238	1.8055348254821457e-13	0.9999703449951896	1.0209016252677885e-06	2.150931963684486e-06	1.833311427028419e-06	2.0347240388021206e-05	9.528597100668923e-07	2.0263227424006556e-06	1.1428832909672096e-06	1.805534825482146e-07
n225	1.8012628377464463e-15	1.0229529057151236e-05	1.0184861198114844e-08	2.14584274865551e-08	1.80339843587264e-08	0.999989677869278	9.506051952617509e-09	2.0215283591619976e-08	1.1401791706514778e-08	1.801262837746446e-09
KY785424	0.0	1.0	0.0	0.0	0.0	0.0	0.0	0.0	0.0	0.0
KY415988	0.0	1.0	0.0	0.0	0.0	0.0	0.0	0.0	0.0	0.0
KX673530	0.0	0.0	0.0	0.0	1.0	0.0	0.0	0.0	0.0	0.0
KY415991	0.0	1.0	0.0	0.0	0.0	0.0	0.0	0.0	0.0	0.0
KY415989	0.0	1.0	0.0	0.0	0.0	0.0	0.0	0.0	0.0	0.0
KU820897	0.0	0.0	0.0	0.0	0.0	0.0	0.0	1.0	0.0	0.0
KX247646	0.0	0.0	0.0	0.0	0.0	0.0	0.0	1.0	0.0	0.0
n320	0.0	0.0	0.0	0.0	0.0	0.0	0.0	1.0	0.0	0.0
n322	1.862908548213994e-15	1.6768894618293697e-08	0.9999975380219469	2.219281226383725e-08	1.8645393998773045e-08	2.30417927724865e-08	9.831383333513411e-09	2.357842863738194e-06	1.1792002138674947e-08	1.862908548213994e-09
KX156775	0.0	0.0	1.0	0.0	0.0	0.0	0.0	0.0	0.0	0.0
n82	7.527410779448613e-13	0.9957521971910708	4.256215826107063e-06	8.967397513030924e-06	7.534000523428185e-06	0.0038305321601012827	3.972543952977733e-06	0.0003870229825968724	4.764766584760262e-06	7.527410779448613e-07
KX377337	0.0	1.0	0.0	0.0	0.0	0.0	0.0	0.0	0.0	0.0
KY075933	0.0	0.0	0.0	0.0	0.0	1.0	0.0	0.0	0.0	0.0
KY379148	0.0	0.0	0.0	1.0	0.0	0.0	0.0	0.0	0.0	0.0
KU955590	0.0	0.0	0.0	1.0	0.0	0.0	0.0	0.0	0.0	0.0
MF167360	0.0	0.0	0.0	1.0	0.0	0.0	0.0	0.0	0.0	0.0
KY785423	0.0	1.0	0.0	0.0	0.0	0.0	0.0	0.0	0.0	0.0
n212	1.5491312553113391e-15	0.9999998940250402	8.759236288218108e-09	2.2448508097961908e-08	1.8690391389768536e-08	1.9160769537767683e-08	8.175443297790438e-09	1.73856513277876e-08	9.805827072527413e-09	1.5491312553113395e-09
LC190723	0.0	0.0	0.0	1.0	0.0	0.0	0.0	0.0	0.0	0.0
n215	1.9560750839642468e-11	0.9775523268090714	0.00011060214426114224	0.002325153099386478	0.019303840578646123	0.0002419414349423601	0.00010323063898130695	0.0002195271657206381	0.00012381735859030241	1.9560750839642467e-05
KU853012	0.0	0.0	0.0	0.0	1.0	0.0	0.0	0.0	0.0	0.0
KX922707	0.0	0.0	0.0	0.0	0.0	1.0	0.0	0.0	0.0	0.0
n279	1.2890404955618822e-13	0.9999858444858742	7.288607887159995e-07	1.5356327472926718e-06	7.224837733932961e-06	1.594377995772033e-06	6.802830582553746e-07	1.4466694494995115e-06	8.15948173895987e-07	1.2890404955618822e-07
n280	0.0	0.0	0.0	0.0	1.0	0.0	0.0	0.0	0.0	0.0
n283	1.204217823569445e-15	0.9999999230860299	6.8089959601316054e-09	1.43458357678723e-08	1.2167795946771862e-08	1.4894632144032906e-08	6.355184236988355e-09	1.3514743267559952e-08	7.62256374021974e-09	1.2042178235694452e-09
n285	7.454946150661338e-14	0.9999952452404094	4.21524222855222e-07	8.881070437797907e-07	7.465209459006758e-07	9.220813576612147e-07	3.934301198420003e-07	8.366566357657145e-07	4.718897287608928e-07	7.454946150661335e-08
n241	1.557261452970895e-11	0.9656704550478576	8.805206777888236e-05	0.00018551641251862217	0.004382157207938715	0.02930272127930679	8.218349907374122e-05	0.00017476895230620495	9.857290311708553e-05	1.557261452970895e-05
MF098765	0.0	0.0	0.0	0.0	1.0	0.0	0.0	0.0	0.0	0.0
KY785430	0.0	1.0	0.0	0.0	0.0	0.0	0.0	0.0	0.0	0.0
n239	5.189618578449887e-14	0.9999966270826985	2.9343604822712905e-07	6.182387801208926e-07	5.195075012115401e-07	7.050402655560004e-07	2.738788742387742e-07	5.824225598689207e-07	3.284970345681115e-07	5.1896185784498854e-08
KY325471	0.0	0.0	0.0	0.0	0.0	1.0	0.0	0.0	0.0	0.0
n237	1.9347626224802726e-13	1.7695549656131394e-06	1.0939707603092209e-06	2.304880918441188e-06	1.9364563928828538e-06	0.9999882845655745	1.02105887157979e-06	2.171353023906144e-06	1.224683036855923e-06	1.9347626224802726e-07
n228	7.567105843325513e-14	7.052495333989372e-07	4.278660563615248e-07	9.014686175685424e-07	7.573730469510369e-07	0.9999954047888847	3.9934927746360084e-07	8.492441379738429e-07	4.789893114915486e-07	7.567105843325514e-08
n236	1.5864900849773244e-13	1.4514320650141308e-06	8.970473919228199e-07	1.8899841673975996e-06	1.5878789635682461e-06	0.9999903930252517	8.372602184462498e-07	1.7804923474263333e-06	1.004230427359133e-06	1.5864900849773248e-07
KY325482	0.0	0.0	0.0	0.0	0.0	1.0	0.0	0.0	0.0	0.0
KX702400	0.0	0.0	0.0	0.0	0.0	0.0	0.0	1.0	0.0	0.0
KX893855	0.0	0.0	0.0	0.0	0.0	0.0	0.0	1.0	0.0	0.0
KX156774	0.0	0.0	1.0	0.0	0.0	0.0	0.0	0.0	0.0	0.0
KX156776	0.0	0.0	1.0	0.0	0.0	0.0	0.0	0.0	0.0	0.0
n83	9.97687496325035e-14	0.999655974892563	5.641213739735923e-07	1.1885441918386577e-06	9.985609049066887e-07	0.0003084590550358339	5.265233353955251e-07	3.155700875205915e-05	6.315249936274725e-07	9.97687496325035e-08
KY075934	0.0	0.0	0.0	0.0	0.0	1.0	0.0	0.0	0.0	0.0
n213	2.500702741691371e-14	0.9999984036420035	1.4139696766151247e-07	2.987634116483401e-07	2.509711095164325e-07	3.0930490074181783e-07	1.3197302293935095e-07	2.8064985321563956e-07	1.582916783890757e-07	2.5007027416913705e-08
KY785419	0.0	1.0	0.0	0.0	0.0	0.0	0.0	0.0	0.0	0.0
MF098764	0.0	0.0	0.0	0.0	1.0	0.0	0.0	0.0	0.0	0.0
KY785413	0.0	1.0	0.0	0.0	0.0	0.0	0.0	0.0	0.0	0.0
KY785484	0.0	1.0	0.0	0.0	0.0	0.0	0.0	0.0	0.0	0.0
KY785435	0.0	1.0	0.0	0.0	0.0	0.0	0.0	0.0	0.0	0.0
MF664436	0.0	0.0	0.0	0.0	1.0	0.0	0.0	0.0	0.0	0.0
MF098768	0.0	0.0	0.0	0.0	1.0	0.0	0.0	0.0	0.0	0.0
MF098769	0.0	0.0	0.0	0.0	1.0	0.0	0.0	0.0	0.0	0.0
KY785415	0.0	1.0	0.0	0.0	0.0	0.0	0.0	0.0	0.0	0.0
KY785470	0.0	1.0	0.0	0.0	0.0	0.0	0.0	0.0	0.0	0.0
KY014314	0.0	1.0	0.0	0.0	0.0	0.0	0.0	0.0	0.0	0.0
KY785420	0.0	1.0	0.0	0.0	0.0	0.0	0.0	0.0	0.0	0.0
KY014318	0.0	1.0	0.0	0.0	0.0	0.0	0.0	0.0	0.0	0.0
n242	1.734866072829016e-31	3.108670026695565e-22	9.809434680386907e-25	2.0667443441658545e-24	3.0902684810007195e-24	1.0	9.155647179052936e-25	1.9470123360561614e-24	1.0981507632635755e-24	1.734866072829016e-25
KY785425	0.0	1.0	0.0	0.0	0.0	0.0	0.0	0.0	0.0	0.0
KY785453	0.0	1.0	0.0	0.0	0.0	0.0	0.0	0.0	0.0	0.0
KY014300	0.0	1.0	0.0	0.0	0.0	0.0	0.0	0.0	0.0	0.0
KY325464	0.0	0.0	0.0	0.0	0.0	1.0	0.0	0.0	0.0	0.0
KY325476	0.0	0.0	0.0	0.0	0.0	1.0	0.0	0.0	0.0	0.0
n229	3.604267387458717e-14	3.246386039414099e-07	2.037957053956962e-07	4.2937603971611646e-07	3.6074226832608906e-07	0.9999978225444921	1.9021295681186132e-07	4.045011413695833e-07	2.2814608254396918e-07	3.604267387458718e-08
n230	1.3626640470749891e-14	1.2275146370646322e-07	7.704896747041976e-08	1.623340415953798e-07	1.3638569686843598e-07	0.9999991767547299	7.191374270323049e-08	1.5292959791580993e-07	8.625510561325699e-08	1.3626640470749886e-08
KY075937	0.0	0.0	0.0	0.0	0.0	1.0	0.0	0.0	0.0	0.0
KY785422	0.0	0.0	0.0	0.0	0.0	1.0	0.0	0.0	0.0	0.0
KY785464	0.0	1.0	0.0	0.0	0.0	0.0	0.0	0.0	0.0	0.0
KY785462	0.0	1.0	0.0	0.0	0.0	0.0	0.0	0.0	0.0	0.0
KY785465	0.0	1.0	0.0	0.0	0.0	0.0	0.0	0.0	0.0	0.0
KY785441	0.0	1.0	0.0	0.0	0.0	0.0	0.0	0.0	0.0	0.0
KY785443	0.0	0.0	0.0	0.0	0.0	1.0	0.0	0.0	0.0	0.0
n244	1.8945263183132425e-15	1.7053500609251133e-08	1.0712199898786805e-08	2.2569474465901063e-08	1.8961848492166352e-08	0.9999998855561004	9.998244137439954e-09	2.1261964658308763e-08	1.1992139076684019e-08	1.8945263183132425e-09
n255	2.915691717043035e-14	2.6245478878990526e-07	1.6486164490979511e-07	3.4734608393738693e-07	2.918244209859175e-07	0.9999982386988939	1.5387380652733574e-07	3.272233995539701e-07	1.8456001501550267e-07	2.9156917170430355e-08
KY325472	0.0	0.0	0.0	0.0	0.0	1.0	0.0	0.0	0.0	0.0
KX842449	0.0	0.0	0.0	0.0	0.0	1.0	0.0	0.0	0.0	0.0
KY075936	0.0	0.0	0.0	0.0	0.0	1.0	0.0	0.0	0.0	0.0
n264	4.772298464416531e-17	4.2957648032524924e-10	2.6983956165369387e-10	5.685234736258711e-10	4.776476292091416e-10	0.9999999971171663	2.518550662650499e-10	5.355873935795521e-10	3.0208113947808534e-10	4.772298464416531e-11
KY325483	0.0	0.0	0.0	0.0	0.0	1.0	0.0	0.0	0.0	0.0
n262	3.141943607678991e-14	2.8282075952099407e-07	1.7765458136331805e-07	3.742994506930223e-07	3.1446941688718764e-07	0.9999981020254237	1.6581410852931422e-07	3.5261528593779304e-07	1.98881505895e-07	3.14194360767899e-08
KX922704	0.0	0.0	0.0	0.0	0.0	1.0	0.0	0.0	0.0	0.0
KX922706	0.0	0.0	0.0	0.0	0.0	1.0	0.0	0.0	0.0	0.0
KY325478	0.0	0.0	0.0	0.0	0.0	1.0	0.0	0.0	0.0	0.0
KX922705	0.0	0.0	0.0	0.0	0.0	1.0	0.0	0.0	0.0	0.0
KY014298	0.0	0.0	0.0	0.0	0.0	1.0	0.0	0.0	0.0	0.0
n231	2.4402143450667454e-15	2.1965895682981293e-08	1.3797677872068536e-08	2.9070250869538654e-08	2.442350589311669e-08	0.9999998525919574	1.2878078564452279e-08	2.7386133759124007e-08	1.5446283073551576e-08	2.440214345066746e-09
KY325473	0.0	0.0	0.0	0.0	0.0	1.0	0.0	0.0	0.0	0.0
n245	3.5403596796005586e-16	3.1868401810744192e-09	2.0018217870550285e-09	4.217627204038612e-09	3.5434590273799924e-09	0.999999978613516	1.8684026750554988e-09	3.973288819359773e-09	2.241007963249343e-09	3.5403596796005586e-10
KY014326	0.0	0.0	0.0	0.0	0.0	1.0	0.0	0.0	0.0	0.0
KY325467	0.0	0.0	0.0	0.0	0.0	1.0	0.0	0.0	0.0	0.0
KX832731	0.0	0.0	0.0	0.0	0.0	1.0	0.0	0.0	0.0	0.0
KX838904	0.0	0.0	0.0	0.0	0.0	1.0	0.0	0.0	0.0	0.0
KY014324	0.0	0.0	0.0	0.0	0.0	1.0	0.0	0.0	0.0	0.0
n263	4.2482782486771355e-15	3.82407016475689e-08	2.4020994264157272e-08	5.0609699390678185e-08	4.251997331750057e-08	0.9999997433714569	2.242002271674272e-08	4.767774462085905e-08	2.689112476407645e-08	4.248278248677135e-09
KY325477	0.0	0.0	0.0	0.0	0.0	1.0	0.0	0.0	0.0	0.0
n232	1.8376485738296862e-15	1.6541521105593238e-08	1.0390596676487713e-08	2.1891890423182362e-08	1.8392573120774154e-08	0.9999998889919486	9.69807539877612e-09	2.062363486507032e-08	1.1632109334356561e-08	1.8376485738296864e-09
KX838906	0.0	0.0	0.0	0.0	0.0	1.0	0.0	0.0	0.0	0.0
n246	1.660817560065043e-16	1.4949780849516434e-09	9.390742966649313e-10	1.978530419560553e-09	1.662271494603528e-09	0.9999999899673903	8.764860784864597e-10	1.863908879209509e-09	1.0512788853221914e-09	1.660817560065043e-10
n253	2.7707898227476682e-15	2.4941150446726897e-08	1.566684725985926e-08	3.300839347038429e-08	2.7732154636603393e-08	0.9999998326230735	1.4622669969573217e-08	3.109612926323143e-08	1.753878876501139e-08	2.770789822747668e-09
KY785472	0.0	0.0	0.0	0.0	0.0	1.0	0.0	0.0	0.0	0.0
KY075938	0.0	0.0	0.0	0.0	0.0	1.0	0.0	0.0	0.0	0.0
n233	8.520261525983971e-16	7.669478315515464e-09	4.8176023618159e-09	1.0150179656765254e-08	8.527720444294703e-09	0.9999999485310949	4.496514723926861e-09	9.56215269716123e-09	5.3932299700270456e-09	8.52026152598397e-10
n234	6.83022328379876e-16	6.148197354141956e-09	3.862005846112659e-09	8.136838665685455e-09	6.836202686820905e-09	0.9999999587402202	3.6046076132343104e-09	7.665449915617134e-09	4.323454720705402e-09	6.830223283798759e-10
n247	3.991582264945174e-17	3.593006332460128e-10	2.2569560908826154e-10	4.755168251630929e-10	3.9950766278768745e-10	0.9999999975887787	2.106532571958645e-10	4.479688681419734e-10	2.52662679818911e-10	3.991582264945173e-11
n251	5.874475775827569e-16	5.287885169697735e-09	3.3215985548975074e-09	6.99825754551345e-09	5.879618485918878e-09	0.9999999645136671	3.1002178443471912e-09	6.59282983426389e-09	3.7184772692446495e-09	5.874475775827569e-10
KY785412	0.0	0.0	0.0	0.0	0.0	1.0	0.0	0.0	0.0	0.0
KY075935	0.0	0.0	0.0	0.0	0.0	1.0	0.0	0.0	0.0	0.0
KY014299	0.0	0.0	0.0	0.0	0.0	1.0	0.0	0.0	0.0	0.0
KX922708	0.0	0.0	0.0	0.0	0.0	1.0	0.0	0.0	0.0	0.0
KY785459	0.0	0.0	0.0	0.0	0.0	1.0	0.0	0.0	0.0	0.0
MF988743	0.0	0.0	0.0	0.0	0.0	1.0	0.0	0.0	0.0	0.0
n248	1.4584558169699024e-15	1.3128229955341148e-08	8.246531127020664e-09	1.7374570626210026e-08	1.459732597355741e-08	0.9999999118980984	7.696909343923681e-09	1.6368015443421115e-08	9.231861719331401e-09	1.4584558169699025e-09
n250	2.158347692717923e-16	1.9428277842828633e-09	1.2203922274389266e-09	2.571237605329452e-09	2.1602371815648374e-09	0.999999986961927	1.1390544938160117e-09	2.422278958033622e-09	1.366209878253792e-09	2.1583476927179237e-10
KX838905	0.0	0.0	0.0	0.0	0.0	1.0	0.0	0.0	0.0	0.0
n252	1.1305525345234997e-15	1.0176622066381432e-08	6.392471104164099e-09	1.3468261862419282e-08	1.1315422575472927e-08	0.9999999317059681	5.966420282000286e-09	1.2688009557344995e-08	7.156270723952946e-09	1.1305525345234997e-09
n249	0.0	0.0	0.0	0.0	0.0	1.0	0.0	0.0	0.0	0.0
KY325468	0.0	0.0	0.0	0.0	0.0	1.0	0.0	0.0	0.0	0.0
KX922703	0.0	0.0	0.0	0.0	0.0	1.0	0.0	0.0	0.0	0.0
KY785445	0.0	0.0	0.0	0.0	0.0	1.0	0.0	0.0	0.0	0.0
KY785474	0.0	0.0	0.0	0.0	0.0	1.0	0.0	0.0	0.0	0.0
KY325469	0.0	0.0	0.0	0.0	0.0	1.0	0.0	0.0	0.0	0.0
KY785468	0.0	0.0	0.0	0.0	0.0	1.0	0.0	0.0	0.0	0.0
KY075939	0.0	0.0	0.0	0.0	0.0	1.0	0.0	0.0	0.0	0.0
