node	human	monkey	mosquito
root	0.2312564135453135	0.1897589020506697	0.5789846844040168
n0	2.596446194200438e-07	2.3927775634547903e-07	0.9999995010776243
n1	0.956430733246701	0.020836793476300575	0.022732473276998445
HQ234499	0.0	0.0	1.0
KX377336	0.0	0.0	1.0
n2	0.9962030228561336	0.0018493645621013581	0.001947612581765079
n465	0.9692473527319239	0.015152829702268814	0.015599817565807424
n3	0.997762112600483	0.0011109238062406955	0.0011269635932764268
n5	0.9997473467041644	0.0001256260933993533	0.0001270272024362057
KU681082	1.0	0.0	0.0
n466	0.9999759670769778	1.1997542244710037e-05	1.203538077744491e-05
n4	0.9999895952337803	5.2011305256773e-06	5.203635694035103e-06
MG645981	1.0	0.0	0.0
n6	0.9997038523035391	0.0001480417507510725	0.0001481059457097889
n11	0.9999155577773188	4.2170908086993606e-05	4.227131459432757e-05
KY120353	1.0	0.0	0.0
KY553111	1.0	0.0	0.0
KU955593	1.0	0.0	0.0
J860885	0.999928676317417	3.5660588821829003e-05	3.566309376126502e-05
n7	0.9995835759379038	0.0002082066756011904	0.0002082173864950801
n9	0.9986350954316752	0.0006824481462739113	0.000682456422050829
KU179098	1.0	0.0	0.0
n12	0.9999365888265523	3.1684312570717515e-05	3.1726860876854145e-05
n8	0.9987129363249492	0.0006435301316291931	0.000643533543421641
KX051561	1.0	0.0	0.0
n10	0.9999995538739658	2.2306286508562363e-07	2.2306316920311524e-07
KY272987	1.0	0.0	0.0
n13	0.9998774465823517	6.127216350990408e-05	6.12812541383593e-05
KX051560	1.0	0.0	0.0
KY328290	1.0	0.0	0.0
KX051562	1.0	0.0	0.0
KF993678	1.0	0.0	0.0
KX694532	1.0	0.0	0.0
n14	0.9998281447607471	8.592594092642159e-05	8.592929832646445e-05
n462	0.9997840549805889	0.00010797250297955018	0.00010797251643150727
KU681081	1.0	0.0	0.0
n15	0.999918771690776	4.061410392065268e-05	4.0614205303297916e-05
MK238035	1.0	0.0	0.0
n463	0.9999806056579571	9.697170768584451e-06	9.697171274322337e-06
n16	0.9995243660825107	0.0002378169457237898	0.00023781697176542406
n344	0.999844096372734	7.79518096607103e-05	7.79518176053181e-05
n464	0.9999973392452122	1.3303773929205795e-06	1.3303773949472524e-06
MK238036	1.0	0.0	0.0
LC219720	1.0	0.0	0.0
n17	0.9999507604026757	2.4619798574054874e-05	2.4619798750188986e-05
n345	0.9999424984088493	2.8750786726473102e-05	2.8750804424274446e-05
n460	0.9994660152662329	0.0002669923657733612	0.00026699236799381795
MK238038	1.0	0.0	0.0
MK238037	1.0	0.0	0.0
KX447517	1.0	0.0	0.0
n18	0.9999994854918844	2.5725405756012717e-07	2.572540579073361e-07
n346	0.999948755668117	2.5621677996361708e-05	2.562265388666074e-05
n458	0.9999395630124615	3.0218491075477765e-05	3.021849646315152e-05
MG807647	1.0	0.0	0.0
n461	0.9996275276469209	0.00018623617649920365	0.00018623617657996056
n19	0.9999999844657075	7.767146238509147e-09	7.767146237486356e-09
n32	1.0	1.941524418663867e-17	1.941524418683619e-17
n347	0.9999987772690901	6.052560417421773e-07	6.174748681669911e-07
MG807646	1.0	0.0	0.0
n459	0.9998901215257252	5.493923701385554e-05	5.493923726083825e-05
MH013290	1.0	0.0	0.0
KY126351	1.0	0.0	0.0
KY241691	1.0	0.0	0.0
n20	0.9999986022782332	6.988608833523685e-07	6.988608833523454e-07
n24	0.9999962318006844	1.8840996761658099e-06	1.8840996392930789e-06
KX447516	1.0	0.0	0.0
KX447513	1.0	0.0	0.0
n34	0.9999980018708585	9.990645707164183e-07	9.990645707164183e-07
KX447511	1.0	0.0	0.0
KX447510	1.0	0.0	0.0
n38	0.9999999999999978	1.1905422723520203e-15	1.1905422723520203e-15
KX051563	1.0	0.0	0.0
KU744693	1.0	0.0	0.0
n340	0.9999828458795115	8.57706024433052e-06	8.57706024433052e-06
n348	0.9999992084433755	8.913198558793224e-09	7.8264342603257e-07
n351	0.999999852045014	7.372332891875688e-08	7.423165711518107e-08
MG548660	1.0	0.0	0.0
LC369584	1.0	0.0	0.0
n21	0.9999998882195368	5.5890231582164934e-08	5.589023158216492e-08
KX447515	1.0	0.0	0.0
n25	0.9999957756651991	2.1121853684598853e-06	2.1121494324129496e-06
LC191864	1.0	0.0	0.0
KX806557	1.0	0.0	0.0
KX369547	1.0	0.0	0.0
KX447512	1.0	0.0	0.0
n191	0.9999999840065164	7.996741801074532e-09	7.996741801074532e-09
KU729218	1.0	0.0	0.0
n41	0.9999903527861856	4.823606907223619e-06	4.823606907223619e-06
n50	0.9999957664746557	2.116762672091265e-06	2.116762672091265e-06
n63	0.9999999994780521	2.609738767942523e-10	2.609738767942523e-10
n341	0.9999994401799605	2.79910019759004e-07	2.79910019759004e-07
KU509998	1.0	0.0	0.0
KY241730	1.0	0.0	0.0
KY241787	0.0	0.0	1.0
KY241673	1.0	0.0	0.0
KY241766	1.0	0.0	0.0
n352	1.0	2.4568089465174165e-26	1.733879630225765e-23
n370	0.9999997013606919	2.2708511469871706e-08	2.759307964653266e-07
KX447509	1.0	0.0	0.0
n22	0.9999998177992342	9.110038285375235e-08	9.110038285375235e-08
n26	0.9999999995301954	4.6283400772158944e-10	6.970639951420808e-12
KU761561	1.0	0.0	0.0
n192	0.9999999724504451	1.3774777441398811e-08	1.377477744139881e-08
n290	0.9999996798956311	1.6005218450660253e-07	1.6005218450660253e-07
n42	0.9999979212768301	1.0393615849545089e-06	1.0393615849545089e-06
n43	0.9999987999809542	6.000095228788809e-07	6.000095228788807e-07
n51	0.9999985880979685	7.05951015668089e-07	7.05951015668089e-07
KY241788	1.0	0.0	0.0
n64	0.9999999886744755	5.662762311784798e-09	5.662762311784798e-09
n94	1.0	2.5790341754890248e-36	2.579034969638218e-36
MF352141	1.0	0.0	0.0
n342	0.9999999997799155	1.100421555386413e-10	1.100421555386413e-10
KY241707	1.0	0.0	0.0
KY241782	0.0	0.0	1.0
n368	0.9999894636471746	9.04962392920377e-08	1.0445856586191171e-05
KY241734	1.0	0.0	0.0
n357	0.9999999994772815	2.613592182586585e-10	2.6135921825865857e-10
KY241688	1.0	0.0	0.0
n361	0.9999999596401484	2.7375669207553536e-10	4.008609491577867e-08
KY241749	1.0	0.0	0.0
KY241697	1.0	0.0	0.0
KY241706	1.0	0.0	0.0
KY241671	1.0	0.0	0.0
n371	0.9999947020421729	4.479869797413119e-16	5.297957826638211e-06
KY241708	1.0	0.0	0.0
KX447514	1.0	0.0	0.0
KJ776791	1.0	0.0	0.0
n30	0.9999999456817512	2.7159801786134364e-08	2.7158446914537417e-08
KU963796	1.0	0.0	0.0
KU820899	1.0	0.0	0.0
MF099651	0.0	1.0	0.0
MF036115	1.0	0.0	0.0
n193	0.9999718481415498	1.4075929225078343e-05	1.4075929225078343e-05
n194	0.999999966084231	1.695788441937716e-08	1.6957884419377154e-08
n291	0.9999999999999994	2.945460078882792e-16	2.945460078882793e-16
n328	0.9999962368864189	1.881556790483956e-06	1.881556790483956e-06
KY003154	1.0	0.0	0.0
KY003153	1.0	0.0	0.0
KX101060	1.0	0.0	0.0
n44	0.9999999995751173	2.1244132565263235e-10	2.1244132565263235e-10
n52	0.999999999991256	4.3720717062263974e-12	4.3720717062263974e-12
n62	0.9999758226471636	1.2088676418134063e-05	1.2088676418134063e-05
MH513600	1.0	0.0	0.0
n93	0.999922407494884	3.879625255799546e-05	3.879625255799546e-05
KY441401	1.0	0.0	0.0
n67	0.9999969702390309	1.5148804846200445e-06	1.5148804846200445e-06
n95	0.999999345723434	3.2713828310085756e-07	3.2713828310085756e-07
KY785410	1.0	0.0	0.0
n189	0.9999706317522967	1.468412385163778e-05	1.468412385163778e-05
n180	0.999996988727203	1.5056363984870348e-06	1.505636398487035e-06
n104	0.9999996752594813	1.6237025939050615e-07	1.6237025939050615e-07
n159	0.9999989150539738	5.424730130459598e-07	5.424730130459598e-07
n142	0.9999998338797889	8.306010561276881e-08	8.306010561276881e-08
MF801378	1.0	0.0	0.0
n123	0.999952881636459	2.3559181770517562e-05	2.3559181770517562e-05
n126	0.9999960183249321	1.9907334313536478e-06	1.990941636454385e-06
n141	0.9999390832153364	3.045839233178816e-05	3.045839233178816e-05
n164	0.9999329637133101	3.3518143345013587e-05	3.3518143345013587e-05
MF801381	1.0	0.0	0.0
n168	0.9999622395529072	1.8880223546446483e-05	1.8880223546446483e-05
MF801400	1.0	0.0	0.0
MF801411	1.0	0.0	0.0
MF801399	1.0	0.0	0.0
n179	0.9999477341842219	2.6132907889063177e-05	2.6132907889063177e-05
n174	0.9999569944179574	2.1502791021334113e-05	2.1502791021334113e-05
MF801380	1.0	0.0	0.0
n343	1.0	0.0	0.0
KR872956	1.0	0.0	0.0
KY241773	1.0	0.0	0.0
KY241777	0.0	0.0	1.0
KY241751	1.0	0.0	0.0
KY241744	1.0	0.0	0.0
KY241714	1.0	0.0	0.0
KY241738	1.0	0.0	0.0
KY241721	1.0	0.0	0.0
n363	0.9999999274084624	3.614619527166292e-08	3.644534224861042e-08
KY241716	1.0	0.0	0.0
KY241783	0.0	0.0	1.0
KY241758	1.0	0.0	0.0
KY241745	1.0	0.0	0.0
n375	1.0	2.5511726171475794e-72	3.375341711455993e-69
n453	0.035238681734958366	2.058560991389961e-05	0.9647407326551277
KY241727	1.0	0.0	0.0
KY241780	0.0	0.0	1.0
KY241682	1.0	0.0	0.0
KY241778	0.0	0.0	1.0
KY241776	0.0	0.0	1.0
KU997667	1.0	0.0	0.0
KX013000	1.0	0.0	0.0
KX197205	1.0	0.0	0.0
KY559021	1.0	0.0	0.0
n195	0.9999742056508182	1.2897174590980178e-05	1.2897174590980178e-05
n200	0.9999999584753619	2.0762318999839434e-08	2.0762318999839428e-08
KY559003	1.0	0.0	0.0
KY785429	1.0	0.0	0.0
n294	0.9999502037594901	2.4898120254991123e-05	2.4898120254991123e-05
n325	0.9999962775334347	1.8612332825973485e-06	1.8612332825973485e-06
n297	0.9999997167577341	1.4162113301139516e-07	1.4162113301139516e-07
n324	0.9999985138273253	7.430863373201271e-07	7.430863373201271e-07
KY559014	1.0	0.0	0.0
KY559015	1.0	0.0	0.0
KY014313	1.0	0.0	0.0
n329	0.999999999971197	1.4401402151133281e-11	1.4401402151133286e-11
n45	0.9999992696931121	3.651534439198811e-07	3.651534439198811e-07
KU940227	1.0	0.0	0.0
KX101066	1.0	0.0	0.0
KX101061	1.0	0.0	0.0
n57	0.9999931545218032	3.4227390984281637e-06	3.4227390984281637e-06
KY559017	1.0	0.0	0.0
KY559006	1.0	0.0	0.0
KY559011	1.0	0.0	0.0
KY559010	1.0	0.0	0.0
KY559012	1.0	0.0	0.0
KY559007	1.0	0.0	0.0
KY559005	1.0	0.0	0.0
KY693680	1.0	0.0	0.0
KY631492	1.0	0.0	0.0
n68	0.9999998563938444	7.180307782523938e-08	7.180307782523938e-08
n90	0.9999978760875968	1.0619562015113714e-06	1.0619562015113714e-06
n96	0.9999710629879704	1.4468506014797867e-05	1.4468506014797867e-05
n97	0.9999998677792172	6.611039133515527e-08	6.611039133515527e-08
n190	0.999956697830513	2.1651084743569445e-05	2.1651084743569445e-05
MF801406	1.0	0.0	0.0
n181	0.9999903141374651	4.84293126751043e-06	4.84293126751043e-06
n187	0.9999792696753292	1.0365162335349527e-05	1.0365162335349527e-05
n105	0.9999989189649717	5.405175142071594e-07	5.405175142071594e-07
n115	0.9999595982958535	2.02008520733075e-05	2.02008520733075e-05
KY606274	1.0	0.0	0.0
n160	0.999896183658548	5.190817072605205e-05	5.190817072605205e-05
MF593625	1.0	0.0	0.0
MF801382	1.0	0.0	0.0
n143	0.9999999769401146	1.1529942738186707e-08	1.1529942738186707e-08
n148	0.9999936591735678	3.1704132161511334e-06	3.1704132161511334e-06
MF801419	1.0	0.0	0.0
n124	0.999968005346099	1.599732695051928e-05	1.599732695051928e-05
n127	0.9999868659934328	6.5669905278804e-06	6.5670160393289675e-06
n129	0.9999991782079926	4.053617141408535e-07	4.164302931388244e-07
MF801407	1.0	0.0	0.0
MF801422	1.0	0.0	0.0
n165	0.9999977755210038	1.1122394980944783e-06	1.1122394980944783e-06
MF801403	1.0	0.0	0.0
n169	0.9999486630743423	2.5668462828921827e-05	2.5668462828921827e-05
MG494697	1.0	0.0	0.0
KX906952	1.0	0.0	0.0
KX262887	1.0	0.0	0.0
n175	0.9999984548305204	7.725847397791231e-07	7.725847397791231e-07
MF988734	1.0	0.0	0.0
KU321639	1.0	0.0	0.0
MF783073	0.0	0.0	1.0
KY241698	1.0	0.0	0.0
KY241740	1.0	0.0	0.0
KY241701	1.0	0.0	0.0
KY241687	1.0	0.0	0.0
n378	0.9999999984600104	7.69994775618277e-10	7.69994775618277e-10
KY241741	1.0	0.0	0.0
KY241735	1.0	0.0	0.0
KY241755	1.0	0.0	0.0
KY241771	1.0	0.0	0.0
KY241704	1.0	0.0	0.0
KY241719	1.0	0.0	0.0
KY241683	1.0	0.0	0.0
KY241786	0.0	0.0	1.0
KY241748	1.0	0.0	0.0
KY241722	1.0	0.0	0.0
KY241770	1.0	0.0	0.0
KY241711	1.0	0.0	0.0
KY241743	1.0	0.0	0.0
KY241699	1.0	0.0	0.0
KY241732	1.0	0.0	0.0
KY241724	1.0	0.0	0.0
n432	0.9999999990083477	4.958261080037379e-10	4.958261080037379e-10
KY241674	1.0	0.0	0.0
KY241685	1.0	0.0	0.0
KY241676	1.0	0.0	0.0
KY241678	1.0	0.0	0.0
n427	0.9999999920123037	3.993848108236324e-09	3.993848108236324e-09
KY241756	1.0	0.0	0.0
KY241680	1.0	0.0	0.0
KY241679	1.0	0.0	0.0
KX827309	1.0	0.0	0.0
KY241781	0.0	0.0	1.0
KY241779	0.0	0.0	1.0
n196	0.9999999880205883	5.989705787566521e-09	5.989705787566521e-09
n198	0.9998418510088275	7.907449558627942e-05	7.907449558627942e-05
n201	0.9999998912080003	5.439599987312775e-08	5.439599987312775e-08
KU527068	1.0	0.0	0.0
KY014307	1.0	0.0	0.0
KY785433	1.0	0.0	0.0
KU497555	1.0	0.0	0.0
n326	0.9999982409953555	8.795023222739639e-07	8.795023222739639e-07
KY558999	1.0	0.0	0.0
n299	0.999999968507735	1.5746132533058454e-08	1.5746132533058454e-08
KY558996	1.0	0.0	0.0
KY785455	1.0	0.0	0.0
KY785480	1.0	0.0	0.0
KY014317	1.0	0.0	0.0
n335	0.999999998124567	9.377164687890365e-10	9.377164687890365e-10
n332	1.0	0.0	0.0
n333	0.9999928055469735	3.59722651327183e-06	3.59722651327183e-06
n46	0.9999997459090453	1.2704547729542108e-07	1.2704547729542108e-07
KU940228	1.0	0.0	0.0
n58	0.9999964477251858	1.7761374071192445e-06	1.7761374071192445e-06
KY559009	1.0	0.0	0.0
n69	0.9999999999000391	4.998040279703871e-11	4.998040279703871e-11
KU312312	1.0	0.0	0.0
n91	0.9999999993932751	3.0336240061819763e-10	3.0336240061819763e-10
n92	0.9999999977959791	1.102010398825533e-09	1.102010398825533e-09
KY559025	1.0	0.0	0.0
KY272991	1.0	0.0	0.0
n98	0.999999796300349	1.0184982552320507e-07	1.0184982552320507e-07
KU926309	1.0	0.0	0.0
MF801377	1.0	0.0	0.0
KY765323	1.0	0.0	0.0
MF801397	1.0	0.0	0.0
n182	0.9999991363675116	4.318162441801212e-07	4.318162441801212e-07
n188	0.9999912170951473	4.391452426415752e-06	4.391452426415752e-06
MF801408	1.0	0.0	0.0
n106	0.999994927275161	2.5363624194787444e-06	2.5363624194787444e-06
n108	0.9999953276632224	2.3361683887257686e-06	2.3361683887257686e-06
KY765319	1.0	0.0	0.0
n116	0.9999971310127763	1.4344936119176406e-06	1.4344936119176406e-06
n161	0.9999993130270937	3.434864531748514e-07	3.434864531748514e-07
MF801426	1.0	0.0	0.0
MF801383	1.0	0.0	0.0
n146	0.999980524988599	9.737505700502348e-06	9.737505700502348e-06
KY606271	1.0	0.0	0.0
MF801404	1.0	0.0	0.0
n149	0.9999979653475254	1.0173262373469843e-06	1.0173262373469843e-06
n158	0.9999304359296227	3.478203518870673e-05	3.478203518870673e-05
MF801391	1.0	0.0	0.0
MF801412	1.0	0.0	0.0
MF801414	1.0	0.0	0.0
n128	0.9999889931632581	5.503418246662233e-06	5.503418495152449e-06
n130	0.9999999245131143	3.773983546439235e-08	3.7747050219221077e-08
n133	0.9999992433683156	1.527810435019176e-09	7.551038740778747e-07
KU501216	1.0	0.0	0.0
KU501217	1.0	0.0	0.0
KY606273	1.0	0.0	0.0
MF801423	1.0	0.0	0.0
n176	0.9999944823050639	2.758847468080452e-06	2.758847468080451e-06
n178	0.9999804102834999	9.79485825006858e-06	9.79485825006858e-06
n379	1.0	4.160842675474565e-19	4.160842675474565e-19
n383	1.0	2.9882032949804177e-59	6.627406244734585e-54
n433	1.0	1.0778111812588386e-17	1.0778111812588386e-17
n438	1.0	3.5378081209901254e-26	3.5378081209901254e-26
n428	0.9999999995769688	2.1151562423600935e-10	2.1151562423600935e-10
KY241684	1.0	0.0	0.0
KX879604	1.0	0.0	0.0
MF794971	1.0	0.0	0.0
KX879603	1.0	0.0	0.0
KX811222	0.9716499554788884	0.014175022260555873	0.014175022260555873
n199	0.9999999948749633	2.5625184688778153e-09	2.5625184688778153e-09
MF073359	1.0	0.0	0.0
n202	0.9999999875408389	6.229580490629274e-09	6.229580490629274e-09
KU991811	1.0	0.0	0.0
n327	0.9999979416395518	1.029180224068025e-06	1.029180224068025e-06
n308	0.9999993782342618	3.1088286916057904e-07	3.1088286916057904e-07
n301	0.9999999593297239	2.0335138047092624e-08	2.0335138047092624e-08
KX548902	1.0	0.0	0.0
KY014309	1.0	0.0	0.0
KY559031	1.0	0.0	0.0
KY014301	1.0	0.0	0.0
KY785479	1.0	0.0	0.0
KY014296	1.0	0.0	0.0
KY014320	1.0	0.0	0.0
n334	0.9999999036891343	4.8155432842412266e-08	4.8155432842412266e-08
KY785427	1.0	0.0	0.0
KX520666	1.0	0.0	0.0
KU940224	1.0	0.0	0.0
n59	0.9999989049813128	5.475093434979525e-07	5.475093434979525e-07
KY559013	1.0	0.0	0.0
n89	0.99999924193251	3.7903374504550145e-07	3.7903374504550145e-07
n84	0.9999972183956749	1.3908021625184425e-06	1.3908021625184425e-06
n72	0.9999945166051847	2.7416974076814553e-06	2.7416974076814553e-06
n74	0.9999999739173803	1.3041309848255922e-08	1.3041309848255922e-08
KU365779	1.0	0.0	0.0
KU707826	1.0	0.0	0.0
KU365777	1.0	0.0	0.0
KU365780	1.0	0.0	0.0
KY785437	1.0	0.0	0.0
KY014308	1.0	0.0	0.0
KY559032	1.0	0.0	0.0
n183	0.9999961472346219	1.9263826890804153e-06	1.9263826890804153e-06
n185	0.9999950977194029	2.451140298517631e-06	2.451140298517631e-06
MF801384	1.0	0.0	0.0
MF801386	1.0	0.0	0.0
n107	0.9999833304446976	8.334777651219078e-06	8.334777651219078e-06
MF801387	1.0	0.0	0.0
n109	0.9999959095635522	2.045218223821033e-06	2.045218223821033e-06
MF801389	1.0	0.0	0.0
KX421195	1.0	0.0	0.0
KX421194	1.0	0.0	0.0
KY325479	1.0	0.0	0.0
KY325465	1.0	0.0	0.0
n147	0.9999706541528401	1.467292357994374e-05	1.467292357994374e-05
MF801402	1.0	0.0	0.0
n150	0.9999973352835885	1.3323582057392574e-06	1.3323582057392574e-06
n155	0.9999964233385624	1.7883307188204295e-06	1.7883307188204295e-06
KY765324	1.0	0.0	0.0
MF434518	1.0	0.0	0.0
MF801401	1.0	0.0	0.0
MF801417	1.0	0.0	0.0
n131	0.9999993882203965	3.0588858397057396e-07	3.0589101955446304e-07
n132	0.9999935007219161	3.249638243977716e-06	3.249639839919019e-06
n138	0.9993933146140865	4.870745884041463e-06	0.0006018146400293887
n136	0.9998336923672048	3.424108650293032e-06	0.00016288352414482987
MF801393	1.0	0.0	0.0
MF801398	1.0	0.0	0.0
n177	0.9999823489169541	8.825541522858828e-06	8.825541522858828e-06
MH063262	1.0	0.0	0.0
MH063265	1.0	0.0	0.0
MF159531	1.0	0.0	0.0
KY241695	1.0	0.0	0.0
KY241752	1.0	0.0	0.0
KY241772	1.0	0.0	0.0
KY241725	1.0	0.0	0.0
KY241737	1.0	0.0	0.0
KY241760	1.0	0.0	0.0
KY241785	0.0	0.0	1.0
KY241702	1.0	0.0	0.0
KY241709	1.0	0.0	0.0
KY241763	1.0	0.0	0.0
KY241762	1.0	0.0	0.0
KY241742	1.0	0.0	0.0
KY241757	1.0	0.0	0.0
KY241703	1.0	0.0	0.0
KY241784	0.0	0.0	1.0
KY241761	1.0	0.0	0.0
KY241746	1.0	0.0	0.0
KY241754	1.0	0.0	0.0
KY241753	1.0	0.0	0.0
KY241765	1.0	0.0	0.0
KY241733	1.0	0.0	0.0
KY241726	1.0	0.0	0.0
KY241720	1.0	0.0	0.0
KY241739	1.0	0.0	0.0
KY241705	1.0	0.0	0.0
KY241696	1.0	0.0	0.0
KY241764	1.0	0.0	0.0
KY241731	1.0	0.0	0.0
KY241750	1.0	0.0	0.0
KY241718	1.0	0.0	0.0
KY241710	1.0	0.0	0.0
n437	1.0	0.0	0.0
KY241728	1.0	0.0	0.0
KY241747	1.0	0.0	0.0
KY241715	1.0	0.0	0.0
KY241768	1.0	0.0	0.0
KY241723	1.0	0.0	0.0
n444	1.0	0.0	0.0
KY241689	1.0	0.0	0.0
KY241736	1.0	0.0	0.0
n429	0.9999999999731761	1.3411906161421977e-11	1.3411906161421977e-11
KY241767	1.0	0.0	0.0
KX280026	1.0	0.0	0.0
MH513599	1.0	0.0	0.0
n203	0.9999999512452039	2.437739806551921e-08	2.437739806551922e-08
n287	0.9999997427522533	1.286238732620942e-07	1.2862387326209414e-07
KY559001	1.0	0.0	0.0
KY558995	1.0	0.0	0.0
n309	0.99999999889583	5.520849141002575e-10	5.520849141002575e-10
KY014303	1.0	0.0	0.0
n304	0.9999991257245623	4.371377188653139e-07	4.371377188653139e-07
KY317937	1.0	0.0	0.0
n303	0.9999942812242127	2.859387893670098e-06	2.859387893670098e-06
MH763833	1.0	0.0	0.0
MH763832	1.0	0.0	0.0
KY559019	1.0	0.0	0.0
n60	1.0	0.0	0.0
KY785450	1.0	0.0	0.0
KY014297	1.0	0.0	0.0
n85	0.9999975022628146	1.2488685927057087e-06	1.2488685927057087e-06
KU820898	1.0	0.0	0.0
n73	0.9999983133240652	8.433379673891794e-07	8.433379673891794e-07
MF073357	1.0	0.0	0.0
n75	0.9999996083973238	1.958013380683097e-07	1.958013380683097e-07
KU365778	1.0	0.0	0.0
n78	0.999999943657874	2.8171062938292344e-08	2.8171062938292344e-08
n184	0.9999938190243199	3.090487840014697e-06	3.090487840014697e-06
KY014306	1.0	0.0	0.0
MF801410	1.0	0.0	0.0
n186	0.9999951985288857	2.4007355570792864e-06	2.4007355570792864e-06
KY785431	1.0	0.0	0.0
KU870645	1.0	0.0	0.0
n110	0.999999050609743	4.7469512839614407e-07	4.7469512839614407e-07
MF434517	1.0	0.0	0.0
MF801396	1.0	0.0	0.0
MF801418	1.0	0.0	0.0
n151	0.9999999771003429	1.1449828581025835e-08	1.1449828581025837e-08
KY014310	1.0	0.0	0.0
n156	0.9999982893250609	8.553374695536159e-07	8.553374695536159e-07
MF801385	1.0	0.0	0.0
MF801413	1.0	0.0	0.0
KY631493	1.0	0.0	0.0
KX827268	1.0	0.0	0.0
KY606272	1.0	0.0	0.0
n139	0.9839298378873889	5.226674797023786e-05	0.016017895364640815
MF801395	1.0	0.0	0.0
MF098771	1.0	0.0	0.0
n137	8.639302666655659e-06	1.8240727830039576e-07	0.9999911782900551
MH063263	1.0	0.0	0.0
MH063259	1.0	0.0	0.0
KY241713	1.0	0.0	0.0
KX813683	1.0	0.0	0.0
KY241759	1.0	0.0	0.0
KY241692	1.0	0.0	0.0
KY241693	1.0	0.0	0.0
KY241775	0.0	0.0	1.0
n449	0.9999999999709843	1.4507802139818389e-11	1.4507802139818389e-11
KY241774	0.0	0.0	1.0
n430	0.999999999998367	8.164994117271371e-13	8.164994117271371e-13
KY241677	1.0	0.0	0.0
KY558989	1.0	0.0	0.0
n205	0.9999982359954002	8.820022998703593e-07	8.820022998703593e-07
MF098767	1.0	0.0	0.0
n288	0.9999767642042834	1.1617897858289742e-05	1.1617897858289742e-05
n289	0.9999980549122066	9.725438966097788e-07	9.725438966097788e-07
n310	0.9999998806539733	5.96730134162792e-08	5.96730134162792e-08
n312	0.9999999999094404	4.527979283816379e-11	4.527979283816379e-11
n305	0.9999986065144959	6.967427520365222e-07	6.967427520365222e-07
n307	0.9999965485710773	1.72571446135005e-06	1.72571446135005e-06
KY693678	1.0	0.0	0.0
KY693679	1.0	0.0	0.0
n61	1.0	0.0	0.0
KY559018	1.0	0.0	0.0
KX766028	1.0	0.0	0.0
n86	1.0	0.0	0.0
KY441403	1.0	0.0	0.0
KY441402	1.0	0.0	0.0
KU758877	1.0	0.0	0.0
KY348640	1.0	0.0	0.0
KU937936	1.0	0.0	0.0
KY785456	1.0	0.0	0.0
n80	0.9999999893709263	5.314536970162321e-09	5.314536970162321e-09
KY785481	1.0	0.0	0.0
KY693677	1.0	0.0	0.0
KY765325	1.0	0.0	0.0
KY785418	1.0	0.0	0.0
KY014315	1.0	0.0	0.0
n111	0.9999998985497275	5.0725136281862194e-08	5.0725136281862194e-08
MF434516	1.0	0.0	0.0
KY785442	1.0	0.0	0.0
KY014319	1.0	0.0	0.0
n153	0.9999966394106184	1.680294690784102e-06	1.680294690784102e-06
n157	0.9999981350352163	9.324823918067987e-07	9.324823918067987e-07
KY328289	1.0	0.0	0.0
n140	0.0822267739118307	0.00025020993892474583	0.9175230161492446
KY120349	1.0	0.0	0.0
KX856011	0.0	0.0	1.0
KY648934	0.0	0.0	1.0
n450	1.0	0.0	0.0
KY241690	1.0	0.0	0.0
KY241675	1.0	0.0	0.0
KY241681	1.0	0.0	0.0
n206	1.0	0.0	0.0
KY559026	1.0	0.0	0.0
KU729217	1.0	0.0	0.0
KY120352	1.0	0.0	0.0
KY785426	1.0	0.0	0.0
MF073358	1.0	0.0	0.0
n311	0.9999989969514022	5.015242989941869e-07	5.015242989941869e-07
KX198135	1.0	0.0	0.0
n315	0.9999999951507106	2.424644725791527e-09	2.424644725791527e-09
n314	0.9999989878834408	5.060582796768602e-07	5.060582796768602e-07
KY785469	1.0	0.0	0.0
KU647676	1.0	0.0	0.0
n306	0.9999999882802745	5.859862785079721e-09	5.859862785079721e-09
KY075932	1.0	0.0	0.0
KY785451	1.0	0.0	0.0
KY559024	1.0	0.0	0.0
KY559023	1.0	0.0	0.0
KX056898	1.0	0.0	0.0
n87	1.0	0.0	0.0
n82	0.9999996579530205	1.710234896973912e-07	1.710234896973912e-07
KX377337	1.0	0.0	0.0
KY075933	1.0	0.0	0.0
n113	0.9999951154230213	2.442288489334325e-06	2.442288489334325e-06
KY785448	1.0	0.0	0.0
MF434522	1.0	0.0	0.0
MF434521	1.0	0.0	0.0
n154	0.9999998380049769	8.09975114957573e-08	8.09975114957573e-08
KY014312	1.0	0.0	0.0
KY785452	1.0	0.0	0.0
KX446950	0.0	0.0	1.0
KX446951	0.0	0.0	1.0
KY241694	1.0	0.0	0.0
KY241686	1.0	0.0	0.0
KY014302	1.0	0.0	0.0
KY785476	1.0	0.0	0.0
n209	0.9999997011447734	1.4942761324905474e-07	1.4942761324905474e-07
n285	0.9999960897005126	1.955149743768734e-06	1.955149743768734e-06
n218	0.9999322188617676	3.389056911623749e-05	3.389056911623749e-05
MF438286	1.0	0.0	0.0
n276	0.9999998288952103	8.555239483441014e-08	8.555239483441014e-08
n221	0.9999999999550114	2.2058638919413682e-11	2.29299504994874e-11
MF098766	1.0	0.0	0.0
MH063261	1.0	0.0	0.0
MF384325	0.0	0.0	1.0
MF783072	0.0	0.0	1.0
n271	1.0	0.0	0.0
KY415990	1.0	0.0	0.0
KY415986	1.0	0.0	0.0
KY415987	1.0	0.0	0.0
n275	1.0	0.0	0.0
KY317936	1.0	0.0	0.0
KY317939	1.0	0.0	0.0
KY785466	1.0	0.0	0.0
n317	0.9999999980230235	9.884882769943567e-10	9.884882769943567e-10
n320	0.9999999208838956	3.9558052249619093e-08	3.9558052249619093e-08
KY317940	1.0	0.0	0.0
KY317938	1.0	0.0	0.0
KU922960	1.0	0.0	0.0
KU922923	1.0	0.0	0.0
KY379148	1.0	0.0	0.0
KU955590	1.0	0.0	0.0
MF167360	1.0	0.0	0.0
n83	0.9999995019386416	2.490306791414262e-07	2.490306791414262e-07
KY075934	1.0	0.0	0.0
KY785414	1.0	0.0	0.0
KY693676	1.0	0.0	0.0
KY765317	1.0	0.0	0.0
KY765318	1.0	0.0	0.0
n210	0.9999998330950737	8.345246307765471e-08	8.345246307765471e-08
n213	0.9999974634099569	1.2682950216093852e-06	1.2682950216093852e-06
KX269878	1.0	0.0	0.0
n286	0.999995428015569	2.285992215522153e-06	2.285992215522153e-06
MH063260	1.0	0.0	0.0
MH063264	1.0	0.0	0.0
n277	0.9999966483538157	1.6758230920788635e-06	1.6758230920788635e-06
n281	0.9999996627997894	1.6860010534563817e-07	1.6860010534563817e-07
n239	0.9999959156719501	2.042164018178295e-06	2.042164031798793e-06
n237	0.9999898614708701	5.069264534550178e-06	5.069264595299582e-06
n224	0.9999998372529242	2.2543064751005127e-09	1.604927693323188e-07
KY785424	1.0	0.0	0.0
KY415988	1.0	0.0	0.0
KX673530	0.9300763580588282	0.03496182097058594	0.03496182097058594
KY415991	1.0	0.0	0.0
KY415989	1.0	0.0	0.0
KU820897	1.0	0.0	0.0
KX247646	1.0	0.0	0.0
n319	1.0	0.0	0.0
n321	0.9999999589555594	2.0522220303024794e-08	2.0522220303024794e-08
KX156775	1.0	0.0	0.0
KY785464	1.0	0.0	0.0
KY785462	1.0	0.0	0.0
KY785423	1.0	0.0	0.0
n211	0.9999999113482348	4.432588260964696e-08	4.432588260964696e-08
LC190723	1.0	0.0	0.0
n214	0.9999924118282633	3.794085868394456e-06	3.794085868394456e-06
KU853012	1.0	0.0	0.0
KX922707	1.0	0.0	0.0
n278	0.9999935488804115	3.2255597942299937e-06	3.2255597942299937e-06
n279	1.0	0.0	0.0
n282	0.999999894351584	5.28242080668778e-08	5.28242080668778e-08
n284	0.9999953178798198	2.3410600901125662e-06	2.3410600901125662e-06
n240	0.9999983403730207	8.298134895590691e-07	8.298134897739473e-07
MF098765	1.0	0.0	0.0
KY785430	1.0	0.0	0.0
n238	0.9999966492356084	1.6753821956528462e-06	1.6753821959793539e-06
KY325471	1.0	0.0	0.0
n236	0.9999935149128817	3.242296240483174e-06	3.242790877825934e-06
n227	0.9993582035328868	7.73312216527994e-06	0.0006340633449478195
n235	0.0026999022483217105	8.481651377919415e-05	0.9972152812378992
KY325482	1.0	0.0	0.0
KX702400	1.0	0.0	0.0
KX893855	1.0	0.0	0.0
KX156774	1.0	0.0	0.0
KX156776	1.0	0.0	0.0
n212	0.999998492375787	7.538121065476855e-07	7.538121065476855e-07
KY785419	1.0	0.0	0.0
MF098764	1.0	0.0	0.0
KY785413	1.0	0.0	0.0
KY785484	1.0	0.0	0.0
KY785435	1.0	0.0	0.0
MF664436	1.0	0.0	0.0
MF098768	1.0	0.0	0.0
MF098769	1.0	0.0	0.0
KY785415	1.0	0.0	0.0
KY785470	1.0	0.0	0.0
KY014314	1.0	0.0	0.0
KY785420	1.0	0.0	0.0
KY014318	1.0	0.0	0.0
n241	1.0	1.5639474977646973e-23	5.446639614060362e-20
KY785425	1.0	0.0	0.0
KY785453	1.0	0.0	0.0
KY014300	1.0	0.0	0.0
KY325464	1.0	0.0	0.0
KY325476	1.0	0.0	0.0
n228	0.9999926331317981	7.412219653157466e-07	6.625646236518738e-06
n229	0.9730417872042055	7.82027653323417e-05	0.026880010030462167
KY075937	0.0	0.0	1.0
KY785422	0.0	0.0	1.0
KY785465	1.0	0.0	0.0
KY785441	1.0	0.0	0.0
KY785443	1.0	0.0	0.0
n243	0.9999999318680028	3.400642572247795e-08	3.412557147264955e-08
n254	0.9999989774679497	5.112660252096718e-07	5.11266025209673e-07
KY325472	1.0	0.0	0.0
KX842449	1.0	0.0	0.0
KY075936	1.0	0.0	0.0
n263	3.191332712965706e-06	4.9690263799589876e-08	0.9999967589770232
KY325483	1.0	0.0	0.0
n261	0.9890719497946365	7.631123873529543e-05	0.01085173896662832
KX922704	1.0	0.0	0.0
KX922706	1.0	0.0	0.0
KY325478	1.0	0.0	0.0
KX922705	1.0	0.0	0.0
KY014298	1.0	0.0	0.0
n230	0.022924841705488516	1.4600626705771687e-05	0.9770605576678056
KY325473	1.0	0.0	0.0
n244	0.9999999854697378	6.4688888292502794e-09	8.061373376807585e-09
KY014326	1.0	0.0	0.0
KY325467	1.0	0.0	0.0
KX832731	1.0	0.0	0.0
KX838904	0.0	0.0	1.0
KY014324	0.0	0.0	1.0
n262	0.0014893750510191314	1.0573360499356495e-05	0.9985000515884815
KY325477	1.0	0.0	0.0
n231	0.018203775453166954	7.682247325823998e-07	0.9817954563221004
KX838906	0.0	0.0	1.0
n245	0.9999986094701072	1.1434252071574972e-08	1.3790956407841813e-06
n252	0.9999998998021422	5.009637081904285e-08	5.010148707484063e-08
KY785472	0.0	0.0	1.0
KY075938	0.0	0.0	1.0
n232	1.3943767666190503e-05	7.732479892451147e-08	0.9999859789075349
n233	0.024311075127191356	8.84492445071503e-06	0.9756800799483579
n246	0.9999995054637012	3.294756229406319e-09	4.912415426268085e-07
n250	0.9997307289132448	1.670471749750952e-06	0.0002676006150053758
KY785412	1.0	0.0	0.0
KY075935	1.0	0.0	0.0
KY014299	0.0	0.0	1.0
KX922708	0.0	0.0	1.0
KY785459	1.0	0.0	0.0
MF988743	0.0	0.0	1.0
n247	0.9994282716292139	3.7918633376570506e-06	0.0005679365074483569
n249	0.9999999795986098	4.296127259839071e-09	1.6105262947472015e-08
KX838905	0.0	0.0	1.0
n251	0.9999986847645034	3.0943503882229515e-08	1.284291992705594e-06
n248	0.0	0.0	1.0
KY325468	1.0	0.0	0.0
KX922703	1.0	0.0	0.0
KY785445	1.0	0.0	0.0
KY785474	1.0	0.0	0.0
KY325469	1.0	0.0	0.0
KY785468	0.0	0.0	1.0
KY075939	0.0	0.0	1.0
