node	human	monkey	mosquito
root	0.220880645428057	0.1745094126055109	0.604609941966432
n0	1.9189555926131943e-07	1.7221363610078394e-07	0.9999996358908045
n1	0.9633179196501716	0.017296269135614592	0.019385811214213813
HQ234499	0.0	0.0	1.0
KX377336	0.0	0.0	1.0
n2	0.9971381938521394	0.001381903849906315	0.0014799022979541622
n467	0.9758356035627095	0.011848188042319487	0.012316208394970954
n3	0.9983926377011705	0.0007962297489644842	0.0008111325498650328
n5	0.9998075776520867	9.557577175632862e-05	9.684657615695243e-05
KU681082	1.0	0.0	0.0
n468	0.9999803612766243	9.79948142625615e-06	9.839241949365203e-06
n4	0.9999914314979204	4.283061672466598e-06	4.28544040703509e-06
MG645981	1.0	0.0	0.0
n6	0.9997747144972767	0.00011261685553413339	0.00011266864718908532
n11	0.9999414238992007	2.924960378224399e-05	2.932649701700782e-05
KY120353	1.0	0.0	0.0
KY553111	1.0	0.0	0.0
KU955593	1.0	0.0	0.0
J860885	0.9999358711020251	3.206325971931002e-05	3.2065638255630814e-05
n7	0.9996897270632021	0.0001551325830276394	0.00015514035377022726
n9	0.9989612407963636	0.0005193765180431905	0.000519382685593096
KU179098	1.0	0.0	0.0
n12	0.9999580994667536	2.093513730925215e-05	2.0965395937027373e-05
n8	0.9990113131791125	0.0004943422535730571	0.0004943445673143999
KX051561	1.0	0.0	0.0
n10	0.9999997095287069	1.4523555419705987e-07	1.4523573898898079e-07
KY272987	1.0	0.0	0.0
n13	0.9999222368677853	3.887878002844004e-05	3.888435218634946e-05
KX051560	1.0	0.0	0.0
KY328290	1.0	0.0	0.0
KX051562	1.0	0.0	0.0
KF993678	1.0	0.0	0.0
KX694532	1.0	0.0	0.0
n14	0.9998951972698336	5.240036368716329e-05	5.240236647933615e-05
n464	0.9998243497520445	8.782512002017768e-05	8.782512793522596e-05
KU681081	1.0	0.0	0.0
n15	0.9999528213973932	2.3589266109649413e-05	2.3589336497183698e-05
MK238035	1.0	0.0	0.0
n465	0.9999849835110322	7.508244349454236e-06	7.508244618374915e-06
n16	0.9995882620627332	0.00020586896049592626	0.00020586897677085238
n345	0.9999213447744895	3.9327406678418315e-05	3.932781883227368e-05
n466	0.9999979207204482	1.0396397753538981e-06	1.0396397763469875e-06
MK238036	1.0	0.0	0.0
LC219720	1.0	0.0	0.0
n17	0.9999644389326284	1.7780533639038427e-05	1.7780533732466012e-05
n346	0.9999999642342835	6.3522605048145385e-09	2.941345607528816e-08
n462	0.9994451704706978	0.00027741471407921657	0.00027741481522290066
MK238038	1.0	0.0	0.0
MK238037	1.0	0.0	0.0
KX447517	1.0	0.0	0.0
n18	0.9999998329131572	8.354342133831096e-08	8.354342143014029e-08
n460	0.9998263693654693	8.681317579945028e-05	8.681745873119685e-05
MG807646	1.0	0.0	0.0
n353	0.9999184993651401	4.062708796141134e-05	4.0873546898424076e-05
n350	0.9777754344034303	0.0009200134689216188	0.021304552127647997
KY241769	1.0	0.0	0.0
KY241730	1.0	0.0	0.0
MG807647	1.0	0.0	0.0
n463	0.9996619891645184	0.00016900541604371883	0.00016900541943794085
n19	0.9999999555254647	2.223726769620734e-08	2.2237267695116753e-08
n32	1.0	9.306937040131732e-47	9.30693961020875e-47
n461	0.9998330393799576	8.348022116838392e-05	8.348039887418858e-05
MH013290	1.0	0.0	0.0
n354	0.9999937515447688	3.1237241756350155e-06	3.124731055427746e-06
n372	0.9999865636140918	4.2356112076987304e-06	9.200774700654138e-06
n351	0.9989726736461	6.727841412271143e-05	0.0009600479397773056
KY241787	0.0	0.0	1.0
KY126351	1.0	0.0	0.0
KY241691	1.0	0.0	0.0
n20	0.9999986828372972	6.585813514271634e-07	6.58581351427142e-07
n23	0.9999997638497062	1.1807514683758792e-07	1.1807514682697439e-07
KX447513	1.0	0.0	0.0
n34	0.999996079848571	1.960075714515784e-06	1.960075714515784e-06
KX447511	1.0	0.0	0.0
KX447510	1.0	0.0	0.0
n339	0.9999991139718016	4.430140991307783e-07	4.430140991307783e-07
n192	0.9999996248740968	1.8756295167770993e-07	1.8756295167770993e-07
n40	0.9999977503191724	1.1248404138536597e-06	1.1248404138536597e-06
n50	0.9999815135433725	9.243228313697146e-06	9.243228313697146e-06
n64	0.999998111737344	9.441313280027298e-07	9.441313280027298e-07
n95	0.9999979644428174	1.0177785913362454e-06	1.0177785913362454e-06
KY785410	1.0	0.0	0.0
n190	0.9999601872492233	1.9906375388337293e-05	1.9906375388337293e-05
n181	0.9999948292588469	2.585370576550163e-06	2.585370576550163e-06
n104	0.999999352373958	3.238130209833774e-07	3.238130209833774e-07
n173	0.9999989373046168	5.313476916553232e-07	5.313476916553232e-07
n164	0.9999999999076452	4.617736131486102e-11	4.617736131486102e-11
n160	0.9999974144398364	1.2927800818123721e-06	1.2927800818123721e-06
n143	0.9999990014524937	4.992737531965276e-07	4.992737531965276e-07
MF801378	1.0	0.0	0.0
MF801419	1.0	0.0	0.0
MF801391	1.0	0.0	0.0
MF801412	1.0	0.0	0.0
MF801415	1.0	0.0	0.0
n127	0.9999937047696644	3.1474907337081425e-06	3.147739601814211e-06
n142	0.9999038299768246	4.8085011587708005e-05	4.8085011587708005e-05
MG548660	1.0	0.0	0.0
LC369584	1.0	0.0	0.0
n355	0.9999999999995485	1.245568977909278e-15	4.503426706172523e-13
KY241707	1.0	0.0	0.0
n373	0.9998992442198531	3.504440893672516e-07	0.00010040533605757743
KY241708	1.0	0.0	0.0
KY241673	1.0	0.0	0.0
KY241766	1.0	0.0	0.0
n21	0.9999998955554441	5.222227800260032e-08	5.22222780026003e-08
KX447515	1.0	0.0	0.0
n24	0.9999968198518494	1.590074086190686e-06	1.5900740642955236e-06
KX447516	1.0	0.0	0.0
KX369547	1.0	0.0	0.0
KX447512	1.0	0.0	0.0
KX051563	1.0	0.0	0.0
KU744693	1.0	0.0	0.0
n341	0.9999829323131448	8.533843427647462e-06	8.533843427647462e-06
n193	0.9999996744640092	1.6276799537498506e-07	1.6276799537498506e-07
n291	0.9999990751142093	4.6244289535004073e-07	4.6244289535004073e-07
KU729218	1.0	0.0	0.0
n41	0.9999861714247945	6.91428760270821e-06	6.91428760270821e-06
n51	0.999997313024467	1.3434877664869542e-06	1.3434877664869542e-06
KY241788	1.0	0.0	0.0
n65	0.9999998898073318	5.5096334070377645e-08	5.509633407037763e-08
MH513600	1.0	0.0	0.0
n96	0.9999684839819918	1.5758009004077764e-05	1.5758009004077764e-05
n97	0.9999992690535734	3.654732132743609e-07	3.654732132743609e-07
n191	0.9999544824105085	2.2758794745764615e-05	2.2758794745764615e-05
MF801406	1.0	0.0	0.0
n182	0.9999887560581946	5.621970902712984e-06	5.621970902712984e-06
n188	0.9999752006502399	1.2399674880003588e-05	1.2399674880003588e-05
n105	0.9999986141231245	6.929384377822755e-07	6.929384377822755e-07
n115	0.9999621219555259	1.8939022236985656e-05	1.8939022236985656e-05
KY606274	1.0	0.0	0.0
n180	0.9999507968456868	2.4601577156547957e-05	2.4601577156547957e-05
n175	0.999957117682657	2.1441158671535434e-05	2.1441158671535434e-05
MF801380	1.0	0.0	0.0
n165	0.9999394107592606	3.0294620369744536e-05	3.0294620369744536e-05
MF801381	1.0	0.0	0.0
n169	0.9999647756742384	1.7612162880819967e-05	1.7612162880819967e-05
MF801400	1.0	0.0	0.0
MF801411	1.0	0.0	0.0
MF801399	1.0	0.0	0.0
n161	0.9999034527783474	4.8273610826297356e-05	4.8273610826297356e-05
MF593625	1.0	0.0	0.0
MF801382	1.0	0.0	0.0
n144	0.9999999578938729	2.1053063545394205e-08	2.1053063545394205e-08
n149	0.9999925276793739	3.736160313025536e-06	3.7361603130255358e-06
n128	0.9999847157983046	7.642088833593594e-06	7.642112861723672e-06
n130	0.9999988591555334	5.648735956302166e-07	5.759708708078783e-07
MF801407	1.0	0.0	0.0
MF801422	1.0	0.0	0.0
KY241782	0.0	0.0	1.0
n370	0.9999791753001079	1.7539725685319998e-07	2.0649302635194904e-05
KY241734	1.0	0.0	0.0
n359	0.9999999975702971	1.2148513712616226e-09	1.2148515555371504e-09
KY241688	1.0	0.0	0.0
n362	0.999999999999969	1.544750926409664e-14	1.549422757099213e-14
n374	0.9968892021911366	5.184225106963405e-10	0.0031107972904409
KY241758	1.0	0.0	0.0
KX447509	1.0	0.0	0.0
n22	0.9999998353531706	8.23234146522506e-08	8.232341465225058e-08
n25	0.9999964962361141	1.7518928367930288e-06	1.7518710491300253e-06
n31	0.9999965306413237	1.7346793487962876e-06	1.734679327511515e-06
n342	0.9999994265052996	2.867473501738807e-07	2.867473501738807e-07
KU509998	1.0	0.0	0.0
n194	0.9999711813443357	1.4409327832183194e-05	1.4409327832183194e-05
n195	0.9999998885420176	5.572899120861456e-08	5.572899120861457e-08
n292	0.9999999999999994	3.166907432307138e-16	3.1669074323071376e-16
n329	0.9999962097481941	1.8951259029124578e-06	1.8951259029124578e-06
n42	0.9999976557257405	1.1721371297889446e-06	1.1721371297889446e-06
n43	0.9999983458887024	8.27055648790984e-07	8.27055648790984e-07
n52	0.9999999999912216	4.389187688460512e-12	4.3891876884605115e-12
n62	0.9999789936963076	1.0503151846230786e-05	1.0503151846230786e-05
n66	0.9999995277722943	2.361138528700822e-07	2.361138528700822e-07
n93	0.9999308769752179	3.456151239103099e-05	3.456151239103099e-05
KY559025	1.0	0.0	0.0
KY272991	1.0	0.0	0.0
n98	0.999999487391856	2.5630407205533363e-07	2.563040720553336e-07
KU926309	1.0	0.0	0.0
MF801377	1.0	0.0	0.0
KY765323	1.0	0.0	0.0
MF801397	1.0	0.0	0.0
n183	0.9999990834936047	4.5825319767444275e-07	4.5825319767444275e-07
n189	0.9999920115710397	3.994214480105614e-06	3.994214480105614e-06
MF801408	1.0	0.0	0.0
n106	0.9999951115043325	2.4442478337339566e-06	2.4442478337339566e-06
n108	0.9999951400062015	2.4299968992241667e-06	2.4299968992241667e-06
KY765319	1.0	0.0	0.0
n116	0.9999974340945067	1.2829527466979091e-06	1.2829527466979091e-06
KX906952	1.0	0.0	0.0
KX262887	1.0	0.0	0.0
n176	0.9999984754479075	7.622760462171093e-07	7.622760462171093e-07
MF988734	1.0	0.0	0.0
n166	0.9999980283847186	9.858076407156212e-07	9.858076407156212e-07
MF801403	1.0	0.0	0.0
n170	0.9999570399402634	2.1480029868355504e-05	2.1480029868355504e-05
MG494697	1.0	0.0	0.0
n162	0.9999992570323544	3.714838228473855e-07	3.714838228473855e-07
MF801426	1.0	0.0	0.0
MF801383	1.0	0.0	0.0
n147	0.999983646940339	8.176529830460761e-06	8.176529830460761e-06
KY606271	1.0	0.0	0.0
MF801404	1.0	0.0	0.0
n150	0.9999979886021669	1.0056989164941705e-06	1.0056989164941705e-06
n159	0.9999385152111614	3.074239441926118e-05	3.074239441926118e-05
MF801414	1.0	0.0	0.0
n129	0.9999902085696413	4.895715070383406e-06	4.895715288384667e-06
n131	0.9999999034935028	4.8249053063716344e-08	4.825744413799384e-08
n134	0.9999992757416432	1.3644861174111366e-09	7.228938706938257e-07
KY241773	1.0	0.0	0.0
KY241777	0.0	0.0	1.0
KY241751	1.0	0.0	0.0
KY241744	1.0	0.0	0.0
KY241714	1.0	0.0	0.0
KY241738	1.0	0.0	0.0
n363	0.9999999471059832	3.478451954072306e-10	5.254617162445727e-08
KY241749	1.0	0.0	0.0
KY241697	1.0	0.0	0.0
KY241706	1.0	0.0	0.0
KY241671	1.0	0.0	0.0
KY241745	1.0	0.0	0.0
n376	0.9967953007816691	1.02571283233562e-07	0.003204596647047669
n456	0.9734489486850815	3.866984874906019e-09	0.026551047447933518
KX447514	1.0	0.0	0.0
KJ776791	1.0	0.0	0.0
n26	0.9999999996851137	3.1054075183415227e-10	4.3455279488360115e-12
KU761561	1.0	0.0	0.0
LC191864	1.0	0.0	0.0
KX806557	1.0	0.0	0.0
MF352141	1.0	0.0	0.0
n343	0.9999999997788894	1.1055529668129105e-10	1.1055529668129105e-10
KX197205	1.0	0.0	0.0
KY559021	1.0	0.0	0.0
n196	0.9999778963718537	1.1051814073126309e-05	1.1051814073126309e-05
n201	0.9999997904269327	1.0478653365689882e-07	1.0478653365689882e-07
KY559003	1.0	0.0	0.0
KY785429	1.0	0.0	0.0
n295	0.9999611224778253	1.9438761087312804e-05	1.9438761087312804e-05
n326	0.9999970661504111	1.4669247944204024e-06	1.4669247944204024e-06
n298	0.9999997968014828	1.0159925860668224e-07	1.0159925860668224e-07
n325	0.9999988011423523	5.994288237824459e-07	5.994288237824459e-07
KY559014	1.0	0.0	0.0
KY559015	1.0	0.0	0.0
KY014313	1.0	0.0	0.0
n330	0.9999999999753679	1.2316020985351276e-11	1.2316020985351276e-11
KY003154	1.0	0.0	0.0
KY003153	1.0	0.0	0.0
KX101060	1.0	0.0	0.0
n44	0.9999999996401443	1.7992791408756753e-10	1.7992791408756753e-10
n57	0.9999946530327379	2.6734836310114272e-06	2.6734836310114272e-06
KY559017	1.0	0.0	0.0
KY559006	1.0	0.0	0.0
KY559011	1.0	0.0	0.0
KY559010	1.0	0.0	0.0
KY559012	1.0	0.0	0.0
KY559007	1.0	0.0	0.0
KY559005	1.0	0.0	0.0
KY441401	1.0	0.0	0.0
n67	0.999996824763663	1.5876181684850817e-06	1.5876181684850817e-06
KY693680	1.0	0.0	0.0
KY631492	1.0	0.0	0.0
KY785437	1.0	0.0	0.0
KY014308	1.0	0.0	0.0
KY559032	1.0	0.0	0.0
n184	0.9999966097948237	1.6951025881506505e-06	1.6951025881506505e-06
n186	0.9999956474858718	2.176257064106789e-06	2.176257064106789e-06
MF801384	1.0	0.0	0.0
MF801386	1.0	0.0	0.0
n107	0.9999858778631465	7.061068426776597e-06	7.061068426776597e-06
MF801387	1.0	0.0	0.0
n109	0.9999963774787958	1.811260602080663e-06	1.811260602080663e-06
MF801389	1.0	0.0	0.0
KX421195	1.0	0.0	0.0
KX421194	1.0	0.0	0.0
n177	0.9999952207231644	2.389638417869556e-06	2.3896384178695567e-06
n179	0.9999833685792908	8.315710354598884e-06	8.315710354598884e-06
KU501216	1.0	0.0	0.0
KU501217	1.0	0.0	0.0
KY606273	1.0	0.0	0.0
MF801423	1.0	0.0	0.0
KY325479	1.0	0.0	0.0
KY325465	1.0	0.0	0.0
n148	0.9999763593654724	1.1820317263786588e-05	1.1820317263786588e-05
MF801402	1.0	0.0	0.0
n151	0.9999976415690607	1.1792154697114524e-06	1.1792154697114524e-06
n156	0.9999967999939712	1.6000030144818472e-06	1.6000030144818472e-06
KY765324	1.0	0.0	0.0
MF434518	1.0	0.0	0.0
MF801401	1.0	0.0	0.0
MF801417	1.0	0.0	0.0
n132	0.9999993054144419	3.4729175519894405e-07	3.472938028787974e-07
n133	0.9999939408268566	3.0295857989500687e-06	3.029587344493314e-06
n139	0.9994593974588716	3.985074020456774e-06	0.0005366174671078914
n137	0.9991574718187108	1.588911039104286e-05	0.0008266390708982136
MF801393	1.0	0.0	0.0
MF801398	1.0	0.0	0.0
KY241721	1.0	0.0	0.0
n365	0.9999999338383767	3.291015995628673e-08	3.325146337203593e-08
KY241716	1.0	0.0	0.0
KY241783	0.0	0.0	1.0
n377	1.0	1.1272866725288433e-72	1.0569248612038486e-67
n455	0.018732658144809768	1.9946728031546895e-05	0.9812473951271586
KY241727	1.0	0.0	0.0
KY241780	0.0	0.0	1.0
KY241682	1.0	0.0	0.0
KY241778	0.0	0.0	1.0
KY241776	0.0	0.0	1.0
n30	0.999999960173995	1.9913417580944255e-08	1.9912587526951613e-08
KU963796	1.0	0.0	0.0
KU820899	1.0	0.0	0.0
MF099651	0.0	1.0	0.0
MF036115	1.0	0.0	0.0
n344	1.0	0.0	0.0
KR872956	1.0	0.0	0.0
n197	0.999999990944579	4.527710499856064e-09	4.527710499856064e-09
n199	0.9998659389851792	6.703050741045671e-05	6.703050741045671e-05
n202	0.999999876118822	6.194058899664371e-08	6.194058899664371e-08
KU527068	1.0	0.0	0.0
KY014307	1.0	0.0	0.0
KY785433	1.0	0.0	0.0
KU497555	1.0	0.0	0.0
n327	0.9999987659226828	6.170386586231615e-07	6.170386586231613e-07
KY558999	1.0	0.0	0.0
n300	0.9999999772940351	1.1352982488719594e-08	1.1352982488719594e-08
KY558996	1.0	0.0	0.0
KY785455	1.0	0.0	0.0
KY785480	1.0	0.0	0.0
KY014317	1.0	0.0	0.0
n336	0.9999999986248076	6.875962671119685e-10	6.875962671119685e-10
n333	1.0	0.0	0.0
n334	0.9999943086375939	2.845681203128146e-06	2.845681203128146e-06
n45	0.9999994043575839	2.9782120800535064e-07	2.9782120800535064e-07
KU940227	1.0	0.0	0.0
KX101066	1.0	0.0	0.0
KX101061	1.0	0.0	0.0
n58	0.9999972675036145	1.3662481928082514e-06	1.3662481928082514e-06
KY559009	1.0	0.0	0.0
n68	0.9999996995451691	1.502274155074933e-07	1.502274155074933e-07
n90	0.9999981738533535	9.130733232684174e-07	9.130733232684174e-07
n185	0.9999950376719475	2.481164026256124e-06	2.481164026256124e-06
KY014306	1.0	0.0	0.0
MF801410	1.0	0.0	0.0
n187	0.9999961734743813	1.9132628094231625e-06	1.9132628094231625e-06
KY785431	1.0	0.0	0.0
KU870645	1.0	0.0	0.0
n110	0.9999991815545444	4.09222727775901e-07	4.09222727775901e-07
MF434517	1.0	0.0	0.0
n178	0.9999858889290252	7.055535487410098e-06	7.055535487410098e-06
MH063262	1.0	0.0	0.0
MH063265	1.0	0.0	0.0
MF159531	1.0	0.0	0.0
MF801396	1.0	0.0	0.0
MF801418	1.0	0.0	0.0
n152	0.9999999824227838	8.788608143325093e-09	8.788608143325091e-09
KY014310	1.0	0.0	0.0
n157	0.9999986020642672	6.989678664128576e-07	6.989678664128576e-07
MF801385	1.0	0.0	0.0
MF801413	1.0	0.0	0.0
KY631493	1.0	0.0	0.0
KX827268	1.0	0.0	0.0
KY606272	1.0	0.0	0.0
n140	0.9848886865879761	4.449697543134673e-05	0.015066816436592596
MF801395	1.0	0.0	0.0
MF098771	1.0	0.0	0.0
n138	7.878844745727038e-06	1.5168819593517768e-07	0.9999919694670583
KY241698	1.0	0.0	0.0
KY241740	1.0	0.0	0.0
KY241701	1.0	0.0	0.0
KY241687	1.0	0.0	0.0
n380	0.9999999987753091	6.123454545435501e-10	6.123454545435501e-10
KY241741	1.0	0.0	0.0
KY241735	1.0	0.0	0.0
KY241755	1.0	0.0	0.0
KY241771	1.0	0.0	0.0
KY241704	1.0	0.0	0.0
KY241719	1.0	0.0	0.0
KY241683	1.0	0.0	0.0
KY241786	0.0	0.0	1.0
KY241748	1.0	0.0	0.0
KY241722	1.0	0.0	0.0
KY241770	1.0	0.0	0.0
KY241711	1.0	0.0	0.0
KY241743	1.0	0.0	0.0
KY241699	1.0	0.0	0.0
KY241732	1.0	0.0	0.0
KY241724	1.0	0.0	0.0
n434	0.9999999992190417	3.90479124772398e-10	3.90479124772398e-10
KY241674	1.0	0.0	0.0
KY241685	1.0	0.0	0.0
KY241676	1.0	0.0	0.0
KY241678	1.0	0.0	0.0
n429	0.9999999937426497	3.12867511128768e-09	3.12867511128768e-09
KY241756	1.0	0.0	0.0
KY241680	1.0	0.0	0.0
KY241679	1.0	0.0	0.0
KX827309	1.0	0.0	0.0
KY241781	0.0	0.0	1.0
KY241779	0.0	0.0	1.0
KU997667	1.0	0.0	0.0
KX013000	1.0	0.0	0.0
KU321639	1.0	0.0	0.0
MF783073	0.0	0.0	1.0
KX879604	1.0	0.0	0.0
MF794971	1.0	0.0	0.0
KX879603	1.0	0.0	0.0
KX811222	0.9733738173554546	0.013313091322272713	0.013313091322272713
n200	0.9999999960416239	1.9791880829064933e-09	1.9791880829064933e-09
MF073359	1.0	0.0	0.0
n203	0.9999999865844181	6.707790944289824e-09	6.707790944289824e-09
KU991811	1.0	0.0	0.0
n328	0.9999985788180449	7.105909775004531e-07	7.105909775004531e-07
n309	0.9999995227962056	2.386018971978767e-07	2.386018971978767e-07
n302	0.9999999708766211	1.4561689530847618e-08	1.4561689530847618e-08
KX548902	1.0	0.0	0.0
KY014309	1.0	0.0	0.0
KY559031	1.0	0.0	0.0
KY014301	1.0	0.0	0.0
KY785479	1.0	0.0	0.0
KY014296	1.0	0.0	0.0
KY014320	1.0	0.0	0.0
n335	0.9999999271691022	3.6415448918039556e-08	3.6415448918039556e-08
KY785427	1.0	0.0	0.0
n46	0.9999997967691854	1.016154073310426e-07	1.016154073310426e-07
KU940228	1.0	0.0	0.0
n59	0.999999170887121	4.145564394940706e-07	4.145564394940706e-07
KY559013	1.0	0.0	0.0
n69	0.9999999996566256	1.7168725372802757e-10	1.7168725372802757e-10
KU312312	1.0	0.0	0.0
n91	0.9999999994409366	2.795316472533731e-10	2.795316472533731e-10
n92	0.9999999983286098	8.356951314866533e-10	8.356951314866533e-10
KY693677	1.0	0.0	0.0
KY765325	1.0	0.0	0.0
KY785418	1.0	0.0	0.0
KY014315	1.0	0.0	0.0
n111	0.9999999254475492	3.7276225434598594e-08	3.7276225434598594e-08
MF434516	1.0	0.0	0.0
MH063263	1.0	0.0	0.0
MH063259	1.0	0.0	0.0
KY785442	1.0	0.0	0.0
KY014319	1.0	0.0	0.0
n154	0.9999973360824151	1.331958792448437e-06	1.331958792448437e-06
n158	0.9999985102394443	7.448802778068667e-07	7.448802778068667e-07
KY328289	1.0	0.0	0.0
n141	0.0755381952821731	0.00020936193350042104	0.9242524427843265
KY120349	1.0	0.0	0.0
KX856011	0.0	0.0	1.0
KY648934	0.0	0.0	1.0
n381	1.0	2.3429205544035877e-19	2.3429205544035877e-19
n385	1.0	4.330164841073782e-60	1.1406148247376055e-54
n435	1.0	6.291641734083355e-18	6.291641734083355e-18
n440	1.0	1.5630481275515932e-26	1.5630481275515932e-26
n430	0.9999999996693563	1.6532191653741231e-10	1.6532191653741231e-10
KY241684	1.0	0.0	0.0
KX280026	1.0	0.0	0.0
MH513599	1.0	0.0	0.0
n204	0.9999999674089134	1.6295543231873508e-08	1.6295543231873508e-08
n288	0.9999997997895057	1.0010524717702681e-07	1.0010524717702681e-07
KY559001	1.0	0.0	0.0
KY558995	1.0	0.0	0.0
n310	0.9999999992269467	3.865267343287237e-10	3.8652673432872374e-10
KY014303	1.0	0.0	0.0
n305	0.9999993364376262	3.3178118689097674e-07	3.3178118689097674e-07
KY317937	1.0	0.0	0.0
n304	0.9999955551199159	2.222440042125812e-06	2.222440042125812e-06
MH763833	1.0	0.0	0.0
MH763832	1.0	0.0	0.0
KX520666	1.0	0.0	0.0
KU940224	1.0	0.0	0.0
KY559019	1.0	0.0	0.0
n60	1.0	0.0	0.0
n89	0.9999993846040065	3.076979968160433e-07	3.076979968160433e-07
n71	0.9999999818432417	9.078379118364924e-09	9.078379118364924e-09
n84	0.9999977989580706	1.1005209646681912e-06	1.1005209646681912e-06
KU365779	1.0	0.0	0.0
KU707826	1.0	0.0	0.0
KU365777	1.0	0.0	0.0
KU365780	1.0	0.0	0.0
n113	0.9999962813922892	1.8593038553461477e-06	1.8593038553461477e-06
KY785448	1.0	0.0	0.0
MF434522	1.0	0.0	0.0
MF434521	1.0	0.0	0.0
n155	0.999999873625832	6.318708393786531e-08	6.318708393786531e-08
KY014312	1.0	0.0	0.0
KY785452	1.0	0.0	0.0
KX446950	0.0	0.0	1.0
KX446951	0.0	0.0	1.0
KY241695	1.0	0.0	0.0
KY241752	1.0	0.0	0.0
KY241772	1.0	0.0	0.0
KY241725	1.0	0.0	0.0
KY241737	1.0	0.0	0.0
KY241760	1.0	0.0	0.0
KY241785	0.0	0.0	1.0
KY241702	1.0	0.0	0.0
KY241709	1.0	0.0	0.0
KY241763	1.0	0.0	0.0
KY241762	1.0	0.0	0.0
KY241742	1.0	0.0	0.0
KY241757	1.0	0.0	0.0
KY241703	1.0	0.0	0.0
KY241784	0.0	0.0	1.0
KY241761	1.0	0.0	0.0
KY241746	1.0	0.0	0.0
KY241754	1.0	0.0	0.0
KY241753	1.0	0.0	0.0
KY241765	1.0	0.0	0.0
KY241733	1.0	0.0	0.0
KY241726	1.0	0.0	0.0
KY241720	1.0	0.0	0.0
KY241739	1.0	0.0	0.0
KY241705	1.0	0.0	0.0
KY241696	1.0	0.0	0.0
KY241764	1.0	0.0	0.0
KY241731	1.0	0.0	0.0
KY241750	1.0	0.0	0.0
KY241718	1.0	0.0	0.0
KY241710	1.0	0.0	0.0
n439	1.0	0.0	0.0
KY241728	1.0	0.0	0.0
KY241747	1.0	0.0	0.0
KY241715	1.0	0.0	0.0
KY241768	1.0	0.0	0.0
KY241723	1.0	0.0	0.0
n446	1.0	0.0	0.0
KY241689	1.0	0.0	0.0
KY241736	1.0	0.0	0.0
n431	0.9999999999790522	1.0473869578247113e-11	1.0473869578247113e-11
KY241767	1.0	0.0	0.0
KY558989	1.0	0.0	0.0
n206	0.9999988855339068	5.572330466066147e-07	5.572330466066147e-07
MF098767	1.0	0.0	0.0
n289	0.9999820252275348	8.987386232573497e-06	8.987386232573497e-06
n290	0.9999984398337997	7.80083100205804e-07	7.80083100205804e-07
n311	0.999999918323724	4.0838138009208515e-08	4.0838138009208515e-08
n313	0.99999999993633	3.183492839346748e-11	3.183492839346748e-11
n306	0.9999989602402662	5.198798668397277e-07	5.198798668397277e-07
n308	0.9999973503483652	1.3248258174075092e-06	1.3248258174075092e-06
KY693678	1.0	0.0	0.0
KY693679	1.0	0.0	0.0
n61	1.0	0.0	0.0
KY559018	1.0	0.0	0.0
KY785450	1.0	0.0	0.0
KY014297	1.0	0.0	0.0
n72	0.9999957817197228	2.1091401386001817e-06	2.1091401386001817e-06
n74	0.9999999811338005	9.433099796426877e-09	9.433099796426877e-09
n85	0.9999980403667786	9.798166106536103e-07	9.798166106536103e-07
KU820898	1.0	0.0	0.0
KY785414	1.0	0.0	0.0
KY693676	1.0	0.0	0.0
KY765317	1.0	0.0	0.0
KY765318	1.0	0.0	0.0
KY241713	1.0	0.0	0.0
KX813683	1.0	0.0	0.0
KY241759	1.0	0.0	0.0
KY241692	1.0	0.0	0.0
KY241693	1.0	0.0	0.0
KY241775	0.0	0.0	1.0
n451	0.9999999999753003	1.2349795486180233e-11	1.2349795486180233e-11
KY241774	0.0	0.0	1.0
n432	0.9999999999987729	6.135401890857644e-13	6.135401890857644e-13
KY241677	1.0	0.0	0.0
n207	1.0	0.0	0.0
KY559026	1.0	0.0	0.0
KU729217	1.0	0.0	0.0
KY120352	1.0	0.0	0.0
KY785426	1.0	0.0	0.0
MF073358	1.0	0.0	0.0
n312	0.9999992416942307	3.791528846131203e-07	3.791528846131203e-07
KX198135	1.0	0.0	0.0
n316	0.9999999966586912	1.6706544148058292e-09	1.6706544148058292e-09
n315	0.9999992513964236	3.743017882004258e-07	3.743017882004258e-07
KY785469	1.0	0.0	0.0
KU647676	1.0	0.0	0.0
n307	0.9999999904884804	4.755759745399674e-09	4.755759745399674e-09
KY075932	1.0	0.0	0.0
KY785451	1.0	0.0	0.0
KY559024	1.0	0.0	0.0
KY559023	1.0	0.0	0.0
n73	0.9999987134538858	6.432730570692895e-07	6.432730570692895e-07
MF073357	1.0	0.0	0.0
n75	0.9999997293123133	1.3534384334641113e-07	1.3534384334641113e-07
KU365778	1.0	0.0	0.0
n78	0.9999999602583408	1.9870829533446962e-08	1.9870829533446962e-08
KX766028	1.0	0.0	0.0
n86	1.0	0.0	0.0
n452	1.0	0.0	0.0
KY241690	1.0	0.0	0.0
KY241675	1.0	0.0	0.0
KY241681	1.0	0.0	0.0
KY014302	1.0	0.0	0.0
KY785476	1.0	0.0	0.0
n210	0.9999997028832786	1.4855836080709202e-07	1.4855836080709202e-07
n286	0.9999965939825616	1.7030087192101427e-06	1.7030087192101427e-06
n219	0.9999406601243727	2.966993781367465e-05	2.966993781367465e-05
MF438286	1.0	0.0	0.0
n277	0.9999998205764932	8.971175341295911e-08	8.971175341295911e-08
n222	0.9999999999473399	2.598126134859944e-11	2.667881958043541e-11
MF098766	1.0	0.0	0.0
MH063261	1.0	0.0	0.0
MF384325	0.0	0.0	1.0
MF783072	0.0	0.0	1.0
n272	1.0	0.0	0.0
KY415990	1.0	0.0	0.0
KY415986	1.0	0.0	0.0
KY415987	1.0	0.0	0.0
n276	1.0	0.0	0.0
KY317936	1.0	0.0	0.0
KY317939	1.0	0.0	0.0
KY785466	1.0	0.0	0.0
n318	0.9999999987167264	6.416367687287976e-10	6.416367687287976e-10
n321	0.9999999431529062	2.8423546932323574e-08	2.8423546932323574e-08
KY317940	1.0	0.0	0.0
KY317938	1.0	0.0	0.0
KU922960	1.0	0.0	0.0
KU922923	1.0	0.0	0.0
KY441403	1.0	0.0	0.0
KY441402	1.0	0.0	0.0
KU758877	1.0	0.0	0.0
KY348640	1.0	0.0	0.0
KU937936	1.0	0.0	0.0
KY785456	1.0	0.0	0.0
n80	0.9999999925858625	3.7070688049086603e-09	3.7070688049086603e-09
KY785481	1.0	0.0	0.0
KX056898	1.0	0.0	0.0
n87	1.0	0.0	0.0
KY241694	1.0	0.0	0.0
KY241686	1.0	0.0	0.0
n211	0.9999998290903097	8.545484513133117e-08	8.54548451313312e-08
n214	0.9999977967440021	1.101627998879583e-06	1.101627998879583e-06
KX269878	1.0	0.0	0.0
n287	0.9999962459229104	1.8770385447762094e-06	1.8770385447762094e-06
MH063260	1.0	0.0	0.0
MH063264	1.0	0.0	0.0
n278	0.9999969589154889	1.520542255567315e-06	1.520542255567315e-06
n282	0.999999695221148	1.5238942603460062e-07	1.5238942603460062e-07
n240	0.9999967705169006	1.6147415446830098e-06	1.6147415546491033e-06
n238	0.9999919601881302	4.019905913047822e-06	4.019905956874339e-06
n225	0.9999998604217191	1.7631476655328374e-09	1.3781513328960313e-07
KY785424	1.0	0.0	0.0
KY415988	1.0	0.0	0.0
KX673530	0.9334544751771858	0.03327276241140712	0.03327276241140712
KY415991	1.0	0.0	0.0
KY415989	1.0	0.0	0.0
KU820897	1.0	0.0	0.0
KX247646	1.0	0.0	0.0
n320	1.0	0.0	0.0
n322	0.9999999701450499	1.4927475043845004e-08	1.4927475043845004e-08
KX156775	1.0	0.0	0.0
n82	0.9999997358420516	1.3207897425708245e-07	1.3207897425708245e-07
KX377337	1.0	0.0	0.0
KY075933	1.0	0.0	0.0
KY379148	1.0	0.0	0.0
KU955590	1.0	0.0	0.0
MF167360	1.0	0.0	0.0
KY785423	1.0	0.0	0.0
n212	0.9999999161696466	4.191517678927152e-08	4.191517678927152e-08
LC190723	1.0	0.0	0.0
n215	0.9999940252618557	2.987369072159282e-06	2.987369072159282e-06
KU853012	1.0	0.0	0.0
KX922707	1.0	0.0	0.0
n279	0.9999949604099022	2.5197950488667106e-06	2.5197950488667106e-06
n280	1.0	0.0	0.0
n283	0.9999999206598764	3.967006174047651e-08	3.967006174047651e-08
n285	0.9999963518005763	1.824099711764743e-06	1.824099711764743e-06
n241	0.999998697047326	6.514763369589939e-07	6.514763371032009e-07
MF098765	1.0	0.0	0.0
KY785430	1.0	0.0	0.0
n239	0.9999974451271965	1.2774364016605183e-06	1.2774364018760435e-06
KY325471	1.0	0.0	0.0
n237	0.9999950107660709	2.4944211673327446e-06	2.494812761899037e-06
n228	0.9994639890380758	5.927841171199413e-06	0.0005300831207531308
n236	0.0024783360663310624	7.120016065221012e-05	0.9974504637730167
KY325482	1.0	0.0	0.0
KX702400	1.0	0.0	0.0
KX893855	1.0	0.0	0.0
KX156774	1.0	0.0	0.0
KX156776	1.0	0.0	0.0
n83	0.9999996219755481	1.890122258691738e-07	1.890122258691738e-07
KY075934	1.0	0.0	0.0
n213	0.9999987856212391	6.071893804124045e-07	6.071893804124045e-07
KY785419	1.0	0.0	0.0
MF098764	1.0	0.0	0.0
KY785413	1.0	0.0	0.0
KY785484	1.0	0.0	0.0
KY785435	1.0	0.0	0.0
MF664436	1.0	0.0	0.0
MF098768	1.0	0.0	0.0
MF098769	1.0	0.0	0.0
KY785415	1.0	0.0	0.0
KY785470	1.0	0.0	0.0
KY014314	1.0	0.0	0.0
KY785420	1.0	0.0	0.0
KY014318	1.0	0.0	0.0
n242	1.0	5.346525356623457e-24	2.2203809313767733e-20
KY785425	1.0	0.0	0.0
KY785453	1.0	0.0	0.0
KY014300	1.0	0.0	0.0
KY325464	1.0	0.0	0.0
KY325476	1.0	0.0	0.0
n229	0.9999943915395118	5.560766338204807e-07	5.052383854461227e-06
n230	0.975275789119334	6.568158159143896e-05	0.024658529299074576
KY075937	0.0	0.0	1.0
KY785422	0.0	0.0	1.0
KY785464	1.0	0.0	0.0
KY785462	1.0	0.0	0.0
KY785465	1.0	0.0	0.0
KY785441	1.0	0.0	0.0
KY785443	1.0	0.0	0.0
n244	0.9999999487797114	2.556993596829986e-08	2.5650352662439224e-08
n255	0.9999992230734915	3.8846325423010473e-07	3.884632542301052e-07
KY325472	1.0	0.0	0.0
KX842449	1.0	0.0	0.0
KY075936	1.0	0.0	0.0
n264	3.183156306505838e-06	4.525695872807576e-08	0.9999967715867347
KY325483	1.0	0.0	0.0
n262	0.9899072109167428	6.447954162253826e-05	0.010028309541634712
KX922704	1.0	0.0	0.0
KX922706	1.0	0.0	0.0
KY325478	1.0	0.0	0.0
KX922705	1.0	0.0	0.0
KY014298	1.0	0.0	0.0
n231	0.021342596055335946	1.2194636468652913e-05	0.9786452093081953
KY325473	1.0	0.0	0.0
n245	0.9999999891514167	4.842531805662797e-09	6.006051510810608e-09
KY014326	1.0	0.0	0.0
KY325467	1.0	0.0	0.0
KX832731	1.0	0.0	0.0
KX838904	0.0	0.0	1.0
KY014324	0.0	0.0	1.0
n263	0.0013636642933230268	8.845255762241964e-06	0.9986274904509147
KY325477	1.0	0.0	0.0
n232	0.017015280557288518	5.935696257860336e-07	0.9829841258730857
KX838906	0.0	0.0	1.0
n246	0.999998860130017	8.734405404888742e-09	1.1311355774982397e-06
n253	0.9999999248197837	3.7588403526786285e-08	3.759181280941499e-08
KY785472	0.0	0.0	1.0
KY075938	0.0	0.0	1.0
n233	1.1933169752997833e-05	6.025748815189981e-08	0.9999880065727589
n234	0.022715041459480372	7.398638430136004e-06	0.9772775599020895
n247	0.9999996291674799	2.315398750783964e-09	3.685171214131928e-07
n251	0.9997541112349755	1.397153860950021e-06	0.00024449161116347806
KY785412	1.0	0.0	0.0
KY075935	1.0	0.0	0.0
KY014299	0.0	0.0	1.0
KX922708	0.0	0.0	1.0
KY785459	1.0	0.0	0.0
MF988743	0.0	0.0	1.0
n248	0.9994775837347862	3.2035605704049567e-06	0.0005192127046433147
n250	0.9999999853891711	2.9888428311424776e-09	1.1621986009627016e-08
KX838905	0.0	0.0	1.0
n252	0.9999989060680228	2.3367307926377262e-08	1.0705646692219934e-06
n249	0.0	0.0	1.0
KY325468	1.0	0.0	0.0
KX922703	1.0	0.0	0.0
KY785445	1.0	0.0	0.0
KY785474	1.0	0.0	0.0
KY325469	1.0	0.0	0.0
KY785468	0.0	0.0	1.0
KY075939	0.0	0.0	1.0
