node	Africa	Caribbean	Central America	Eastern Asia	Europe	Northern America	Oceania	South America	South-eastern Asia	Southern Asia
root	1.0421592553959883e-08	0.0938095360567785	0.058926699353885025	0.12427902930345369	0.10430715960241564	0.1289017529562324	0.05499930336810954	0.11695985979380415	0.3073950555710057	0.010421593572722838
n0	6.583279622888462e-15	5.9259120327108845e-08	3.72237675659642e-08	7.844416433260933e-08	6.589042843274841e-08	8.14267373373433e-08	3.4742846486957997e-08	7.388309010256536e-08	0.9999995625465591	6.583279764534925e-09
n1	2.190156728650164e-09	0.0197146055693989	0.01238378510203715	0.043046005962946485	0.02192074064177587	0.027089539540939806	0.011558490319038245	0.02457977728289204	0.8375167603271149	0.0021902930637000507
HQ234499	0.0	0.0	0.0	0.0	0.0	0.0	0.0	0.0	1.0	0.0
KX377336	0.0	0.0	0.0	0.0	0.0	0.0	0.0	0.0	1.0	0.0
n2	9.993483390274837e-11	0.000899559290558322	0.0005650700731294621	0.0016204266693478932	0.0010002232015656864	0.0012362566522431085	0.0005275352476249304	0.0011215525939306983	0.9929291957848627	0.00010018038680243755
n467	2.73119130736143e-09	0.024584706041739224	0.015442947524904611	0.09785970486720524	0.027335822824260406	0.03378137270593314	0.014413715615818033	0.03065172148355313	0.753198770771248	0.002731235434146895
n3	3.177729423198596e-11	0.00028604200496301814	0.00017967904478011492	0.00042463115129631675	0.0003180511312476168	0.0003930648709430905	0.00016771719341411915	0.00035663147055075753	0.9978423794933267	3.180360770110667e-05
n5	2.7765423377323694e-12	2.499293147338673e-05	1.5740255571086607e-05	3.717068461435213e-05	2.7789730145866278e-05	3.515369271757439e-05	1.522905026093281e-05	3.116068881519903e-05	0.9998089418839469	3.82107967820977e-06
KU681082	0.0	0.0	0.0	0.0	0.0	0.0	0.0	0.0	1.0	0.0
n468	2.2776876697655393e-12	2.050251173001027e-05	1.2878705124315998e-05	0.9998212742708116	2.279681632769414e-05	2.8172081134614212e-05	1.2020355527918976e-05	2.5562122979815686e-05	5.451544401232867e-05	2.2776900741241086e-06
n4	2.1556635421342547e-13	1.9404116571923374e-06	1.218874664766788e-06	2.5740216207274072e-06	2.1575506811871075e-06	2.6662823634565637e-06	1.1376398342572555e-06	2.4192665789341142e-06	0.999985670382613	2.1556977081268947e-07
MG645981	0.0	0.0	0.0	0.0	0.0	0.0	0.0	0.0	1.0	0.0
n6	3.8748905855627606e-12	3.487966797975629e-05	2.191103830360813e-05	9.034630753172795e-05	3.878282792744734e-05	8.392904154785358e-05	2.0467611000287734e-05	4.3487274834166065e-05	0.9996622884812997	3.907745700710163e-06
n11	8.895849271732861e-13	8.007562075483372e-06	5.3043612131948356e-06	1.208204068290332e-05	8.903636991959537e-06	1.104176006145392e-05	8.560862516870315e-06	9.98366879324359e-06	0.9999282158126184	7.900294156992344e-06
KY120353	0.0	0.0	0.0	1.0	0.0	0.0	0.0	0.0	0.0	0.0
KY553111	0.0	0.0	0.0	1.0	0.0	0.0	0.0	0.0	0.0	0.0
KU955593	0.0	0.0	0.0	0.0	0.0	0.0	0.0	0.0	1.0	0.0
J860885	2.383379513299443e-12	2.145389250560332e-05	1.347631742438245e-05	2.8399158743398635e-05	2.3854660024334865e-05	2.947935465744411e-05	1.2578138178788646e-05	2.67482855684094e-05	0.9998416268075849	2.383382929359677e-06
n7	1.526300728973355e-11	0.0001373893313586786	8.63018204741772e-05	0.0007982727031711426	0.00015276369030356535	0.00019890759221091205	8.055466114736417e-05	0.00017129427996690781	0.9983592436598754	1.5272246228786657e-05
n9	2.7465863427875282e-11	0.0002472328381892849	0.00015530009668407644	0.0003326592641693243	0.0002748990795174553	0.0024052882863500715	0.00014495161455933776	0.0003082449749409414	0.9961039538956997	2.7469922423952787e-05
KU179098	0.0	0.0	0.0	0.0	0.0	0.0	0.0	0.0	1.0	0.0
n12	8.904482424773211e-13	8.015333172628353e-06	5.638628380364384e-06	1.3524071622082984e-05	8.912277702747156e-06	1.1031324273311416e-05	1.3206426504960257e-05	9.993357642274581e-06	0.9999133615838466	1.6316995964648798e-05
n8	1.6553652755039706e-10	0.00149007023346469	0.0009359916397446511	0.012835148305872391	0.0016568144369324964	0.0020537043763760605	0.0008736118045219888	0.0018577898677962618	0.9781313269571128	0.00016554221264218535
KX051561	0.0	0.0	0.0	0.0	0.0	0.0	0.0	0.0	1.0	0.0
n10	3.691564668133494e-12	3.3229467286131206e-05	2.0873176128678125e-05	4.402941481216524e-05	3.6947963857532434e-05	0.02927962473167798	1.9482022876335772e-05	4.142983750027699e-05	0.9705206917789543	3.69160321492261e-06
KY272987	0.0	0.0	0.0	0.0	0.0	0.0	0.0	0.0	1.0	0.0
n13	8.19364961155571e-12	7.375479944087663e-05	5.702275616284837e-05	0.00014743726449004864	8.200822603010607e-05	0.00010135410588131408	0.00019391155492020813	9.19560139014434e-05	0.998971141859379	0.00028141341160064
KX051560	0.0	0.0	0.0	0.0	0.0	0.0	0.0	0.0	1.0	0.0
KY328290	0.0	0.0	0.0	1.0	0.0	0.0	0.0	0.0	0.0	0.0
KX051562	0.0	0.0	0.0	0.0	0.0	0.0	0.0	0.0	1.0	0.0
KF993678	0.0	0.0	0.0	0.0	0.0	1.0	0.0	0.0	0.0	0.0
KX694532	0.0	0.0	0.0	0.0	0.0	0.0	0.0	0.0	1.0	0.0
n14	6.085929420159856e-12	5.478224296559778e-05	5.244697102843956e-05	0.000156467634758983	6.0912572437544044e-05	7.527918378941985e-05	0.00028623438012692013	6.83014086389723e-05	0.999119164583161	0.00012641101700712986
n464	2.6174170148618344e-12	2.3560571434738125e-05	1.4800566604517803e-05	3.11856146165036e-05	2.6197083881535388e-05	3.237409694764428e-05	1.3826408492699049e-05	2.937485086805054e-05	0.00010377642504479349	0.9997249043794922
KU681081	0.0	0.0	0.0	0.0	0.0	0.0	0.0	0.0	1.0	0.0
n15	3.011200325244826e-11	0.0002710519568124012	0.00041818378334078295	0.0015124138933587518	0.00030138364294506363	0.000372448364597258	0.0036521045440947777	0.00033794217729023765	0.9930610505057266	7.342110172216235e-05
MK238035	0.0	0.0	0.0	0.0	0.0	0.0	0.0	0.0	0.0	1.0
n465	1.0817611188725834e-14	9.73742814836295e-08	6.116865548411741e-08	1.2888292587808978e-07	1.0827081282798406e-07	1.3379999782176927e-07	5.712804511917604e-08	1.2140431334139175e-07	3.2557129735440326e-07	0.99999896639966
n16	1.2273055014075218e-09	0.011047539912047757	0.02434060400255625	0.08613673879865998	0.012283799251736694	0.015180197991396605	0.25165605581429495	0.01377385256865046	0.5843287553305319	0.0012524551028200773
n345	3.4932483785423846e-12	3.144433137501993e-05	3.33723944434201e-05	0.00027352284354772847	3.4963064835330807e-05	4.320708809515656e-05	0.0002103475217391599	3.920416562668318e-05	0.9993280659831488	5.872603695579626e-06
n466	5.203405936397551e-16	4.683824418208207e-09	2.942157060154863e-09	6.198816427358361e-09	5.207961169790189e-09	6.4359467041692336e-09	2.7460763023809874e-09	5.839698929124421e-09	3.369066194907467e-09	0.9999999625764523
MK238036	0.0	0.0	0.0	0.0	0.0	0.0	0.0	0.0	0.0	1.0
LC219720	0.0	0.0	0.0	1.0	0.0	0.0	0.0	0.0	0.0	0.0
n17	5.996825195154432e-11	0.000539801749548616	0.06575996652279288	0.0016626650553828687	0.0006002075013967856	0.0007417304816826979	0.9220894359435705	0.000673014062296022	0.007872883513370545	6.029510999062183e-05
n346	1.3712265922606265e-17	1.2343039682530072e-10	7.934321085858615e-11	5.659052638446047e-10	1.3724270093025193e-10	1.6960317771345683e-10	9.786962258270868e-11	1.5389055861275236e-10	0.9999999986586866	1.4028468307585227e-11
n462	2.4453828785488758e-11	0.00022012013243666347	0.00014316497016126018	0.0018754560698375413	0.00024475236474764413	0.0003024625708510079	0.00019803690239525706	0.0002744413938046063	0.9967162564765829	2.5309094729367384e-05
MK238038	0.0	0.0	0.0	0.0	0.0	0.0	0.0	0.0	0.0	1.0
MK238037	0.0	0.0	0.0	0.0	0.0	0.0	0.0	0.0	0.0	1.0
KX447517	0.0	0.0	0.0	0.0	0.0	0.0	1.0	0.0	0.0	0.0
n18	9.529886084550692e-12	8.57828770062556e-05	0.08724908869898777	0.0002460469196463555	9.538228861541568e-05	0.00011787248652043474	0.9111355477617644	0.0001069523812730154	0.0009537577188739354	9.568857782877377e-06
n460	6.58143052100772e-12	5.9242475712703136e-05	3.72133127090757e-05	0.0006157315153810383	6.58719212262925e-05	8.140386620533297e-05	3.473309501378388e-05	7.386233792907592e-05	0.999025360038632	6.581430609337695e-06
MG807646	0.0	0.0	0.0	0.0	0.0	0.0	0.0	0.0	1.0	0.0
n353	9.41099918897715e-13	8.471272151329815e-06	5.321251217179241e-06	1.1211317113696645e-05	9.419237888453555e-06	1.1640200658392258e-05	4.966596112474603e-06	1.0561813273386289e-05	0.9999374672107232	9.410999208652344e-07
n350	9.378407268497323e-13	8.441934668372373e-06	5.3028228018000085e-06	1.1172490246509166e-05	9.386617435930233e-06	1.1599888627054299e-05	4.94939592128167e-06	1.052523588437406e-05	0.9999376837727482	9.378407287052904e-07
KY241769	0.0	0.0	0.0	0.0	0.0	0.0	0.0	0.0	1.0	0.0
KY241730	0.0	0.0	0.0	0.0	0.0	0.0	0.0	0.0	1.0	0.0
MG807647	0.0	0.0	0.0	0.0	0.0	0.0	0.0	0.0	1.0	0.0
n463	1.6496677953265288e-10	0.0014849416701537455	0.0009339389927255454	0.04340683447316645	0.001651111968992755	0.002040427784137634	0.0008870742854552705	0.0018513956772799726	0.9475791039759824	0.00016517100713931814
n19	9.475107201149087e-14	8.528978714393312e-07	0.000161974080112775	7.108046329981375e-05	9.48340202289643e-07	1.1719494082823157e-06	0.9997605601486664	1.0633760666042945e-06	2.2539210511414045e-06	9.482322650639883e-08
n32	1.6122519565374214e-34	1.4412531407346954e-25	0.9999999999999964	1.153096327312716e-25	7.010700605133335e-27	8.83233723347692e-26	1.1936301482067974e-16	3.479853628241825e-15	1.0462085789880442e-25	1.6128268496865818e-28
n461	8.105633762132268e-11	0.0007296252839810603	0.00045831598303564653	0.021993581328447673	0.0008112729701605966	0.0010025630813481437	0.0004277697537577877	0.0009096822615644207	0.9735861329189991	8.10563376491209e-05
MH013290	0.0	0.0	0.0	0.0	0.0	0.0	0.0	0.0	1.0	0.0
n354	6.377284284250032e-14	5.740486177233669e-07	3.6059010322669786e-07	7.597252906493611e-07	6.382867169514233e-07	7.887883872227764e-07	3.3655718927059067e-07	7.15712374945709e-07	0.9999957625184134	6.377284284651034e-08
n372	8.579450197885548e-14	7.722756752566263e-07	4.851069349551204e-07	1.0220691130569833e-06	8.586960931914294e-07	1.0611681059227098e-06	4.527751179327437e-07	9.628579193218779e-07	0.9999942992564526	8.579450198387024e-08
n351	2.7607327008030405e-13	2.4850621677845653e-06	1.560998138534944e-06	3.288858363389138e-06	2.763149537379038e-06	3.414672762821172e-06	1.456959417334144e-06	3.0983259798561567e-06	0.9999816559000867	2.7607327012460555e-07
KY241787	0.0	0.0	0.0	0.0	0.0	0.0	0.0	0.0	1.0	0.0
KY126351	0.0	0.0	0.0	1.0	0.0	0.0	0.0	0.0	0.0	0.0
KY241691	0.0	0.0	0.0	0.0	0.0	0.0	0.0	0.0	1.0	0.0
n20	1.0913758388777696e-14	9.823974654411069e-08	1.4242653487266164e-06	7.204148660904523e-07	1.0923312653284331e-07	1.3498921320765052e-07	0.9999972964158411	1.2248335792881506e-07	8.304412172173426e-08	1.091436737999774e-08
n23	1.2839523422696245e-13	1.1557444116500354e-06	0.00014976922219561085	9.90736233402517e-05	1.2850763565509534e-06	1.5880846040600374e-06	0.9997432189479313	1.4409590967627637e-06	2.3398800869602323e-06	1.2846184876377417e-07
KX447513	0.0	0.0	0.0	0.0	0.0	0.0	1.0	0.0	0.0	0.0
n34	4.451381897815668e-12	4.006893077843096e-05	0.003763861221398294	5.302927127989041e-05	4.455278784530287e-05	5.505789285201355e-05	0.9959608446171551	4.995714426194003e-05	2.8176748079998425e-05	4.451381897815668e-06
KX447511	0.0	0.0	0.0	0.0	0.0	0.0	1.0	0.0	0.0	0.0
KX447510	0.0	0.0	0.0	0.0	0.0	0.0	1.0	0.0	0.0	0.0
n339	2.72748184519323e-10	0.05113348283179832	0.793377587856275	0.048992788580998335	0.0027298695728721584	0.049161013483853856	0.0014394114827055184	0.05116663232171341	0.0017264654125158446	0.000272748184519323
n192	1.3171346078274584e-12	1.1856133201554295e-05	0.0016856100048152141	1.5691012374345685e-05	1.3182876755955433e-05	1.629126814417532e-05	6.951095502677076e-06	0.9982407631589629	8.337314318147647e-06	1.317134607827458e-06
n40	4.5234226768328604e-11	0.0004071740288303303	0.6701178502466638	0.0005388749241243174	0.0027132370412451	0.0005594894502034143	0.00023872080225356088	0.3250930916533769	0.0002863275813001241	4.523422676832859e-05
n50	3.1830165587887817e-10	0.0028651792429513225	0.7789427976930205	0.003791924675508559	0.003185803076599451	0.003936983810038279	0.0016798170783196313	0.1537654660946083	0.05151372635477324	0.0003183016558788781
n64	6.781031370858605e-12	6.10391752285889e-05	0.00834038103150003	8.078237992674627e-05	6.78696770965566e-05	8.3872673074101e-05	3.5786468888882175e-05	0.9912805643882171	4.292316791623916e-05	6.781031370858605e-06
n95	3.5719414322608273e-12	3.215268365630474e-05	0.002224769094548931	4.2552505167033295e-05	3.575068427749488e-05	4.4180340659512705e-05	1.8850697474700558e-05	0.9975755620606278	2.260998858415401e-05	3.5719414322608273e-06
KY785410	0.0	0.0	0.0	0.0	0.0	0.0	0.0	1.0	0.0	0.0
n190	3.4713627786990187e-13	3.1247329049607546e-06	0.9999766994879358	4.135431259961676e-06	3.4744017243128673e-06	4.293631153369827e-06	1.8319899922005544e-06	3.895854705466608e-06	2.1973336989504906e-06	3.471362778699019e-07
n181	3.880933162426764e-14	3.4934059986473576e-07	0.9999973950365969	4.623352078383596e-07	3.884330659480073e-07	4.800217261241313e-07	2.048138200246142e-07	4.3555089704961864e-07	2.4565871574998e-07	3.880933162426764e-08
n104	2.695211726670852e-15	2.426083732833246e-08	0.9999998189629705	3.210803231250615e-08	2.6975712040223458e-08	3.346510570700139e-08	1.4223811295199877e-08	3.0247928428873624e-08	1.706038789480806e-08	2.6952117266708515e-09
n173	2.659409953173678e-13	5.8446892643152316e-05	0.9999159937036926	3.1681526116752764e-06	2.6617380884703434e-06	3.6180080092754548e-06	1.4034869675243856e-06	2.9846130879091864e-06	1.1457463638059538e-05	2.6594099531736775e-07
n164	4.41105997211165e-20	3.9705974625268677e-13	0.9999999999970393	5.254891655280326e-13	4.4149215596809257e-13	5.455916227441738e-13	2.3279093080078246e-13	4.950461777380896e-13	2.792151481339867e-13	4.41105997211165e-14
n160	1.3021473071503553e-12	1.172122534333235e-05	0.9995621007293184	0.00021001911729012177	1.3032872499048067e-05	0.00017209566945493047	6.872000960880568e-06	1.4613790137803634e-05	8.242446386060053e-06	1.3021473071503557e-06
n143	7.772157552849744e-15	6.996075603780778e-08	0.9999994783165507	9.258964087138082e-08	7.778961556237206e-08	9.613163453437961e-08	4.1017075317178406e-08	8.722567621645268e-08	4.9196885468794885e-08	7.772157552849743e-09
MF801378	0.0	0.0	1.0	0.0	0.0	0.0	0.0	0.0	0.0	0.0
MF801419	0.0	0.0	1.0	0.0	0.0	0.0	0.0	0.0	0.0	0.0
MF801391	0.0	0.0	1.0	0.0	0.0	0.0	0.0	0.0	0.0	0.0
MF801412	0.0	0.0	1.0	0.0	0.0	0.0	0.0	0.0	0.0	0.0
MF801415	0.0	0.0	1.0	0.0	0.0	0.0	0.0	0.0	0.0	0.0
n127	4.983268915056331e-14	4.4856689853027605e-07	0.9999966550710884	5.936563638515076e-07	4.987631825510805e-07	6.164212270917663e-07	2.629888998303366e-07	5.592642684957497e-07	3.154353323477611e-07	4.98326891505633e-08
n142	9.585993416883838e-13	8.628792484690986e-06	0.9999356568098758	1.1419785070353606e-05	9.594385312086316e-06	1.1856646105468641e-05	5.058948062945851e-06	1.0758206486040859e-05	6.067826302133292e-06	9.58599341688384e-07
MG548660	0.0	0.0	0.0	0.0	0.0	0.0	0.0	0.0	1.0	0.0
LC369584	0.0	0.0	0.0	1.0	0.0	0.0	0.0	0.0	0.0	0.0
n355	1.592496721280132e-26	1.4334793633672234e-19	9.004437178652411e-20	1.8971398681246026e-19	1.5938908455001355e-19	1.9697144810345183e-19	8.404301832116777e-20	1.7872334988978693e-19	1.0	1.5924967212838105e-20
KY241707	0.0	0.0	0.0	0.0	0.0	0.0	0.0	0.0	1.0	0.0
n373	2.7514554210091917e-15	2.476711262595903e-08	1.5557524958924166e-08	3.277806292711224e-08	2.753864135948087e-08	3.403197955928091e-08	1.452063387415603e-08	3.0879142377127345e-08	0.9999998171754442	2.7514554210134247e-09
KY241708	0.0	0.0	0.0	0.0	0.0	0.0	0.0	0.0	1.0	0.0
KY241673	0.0	0.0	0.0	0.0	0.0	0.0	0.0	0.0	1.0	0.0
KY241766	0.0	0.0	0.0	0.0	0.0	0.0	0.0	0.0	1.0	0.0
n21	6.425448882347743e-16	5.783841341797174e-09	4.116211964338491e-09	7.863950074859107e-09	6.431073932491692e-09	7.9474573112748e-09	0.9999999559315547	7.2111781045027855e-09	4.072186855227333e-09	6.42545104145065e-10
KX447515	0.0	0.0	0.0	0.0	0.0	0.0	1.0	0.0	0.0	0.0
n24	2.3532866745602366e-11	0.00021183013057367382	0.0001502000471480222	0.13837005783395406	0.0002355346819429469	0.0002910714213078474	0.8603045313891673	0.0002641055847137395	0.00014913601325405165	2.3532874405575955e-05
KX447516	0.0	0.0	0.0	0.0	0.0	0.0	1.0	0.0	0.0	0.0
KX369547	0.0	0.0	0.0	0.0	0.0	0.0	1.0	0.0	0.0	0.0
KX447512	0.0	0.0	0.0	0.0	0.0	0.0	1.0	0.0	0.0	0.0
KX051563	0.0	0.0	0.0	0.0	0.0	1.0	0.0	0.0	0.0	0.0
KU744693	0.0	0.0	0.0	1.0	0.0	0.0	0.0	0.0	0.0	0.0
n341	5.572162954863903e-10	0.36475419236614487	0.22205071712328478	0.01928375075115081	0.005577041010328241	0.0195498332200834	0.002940674144127522	0.36175945788741315	0.003527116644764713	0.0005572162954863903
n193	5.1401387750333504e-14	4.6268791638375996e-07	4.30461049690921e-05	6.123442594950086e-07	5.144639332318729e-07	6.357693327978432e-07	2.712676085643521e-07	0.9999540805955228	3.2536501851574903e-07	5.140138775033353e-08
n291	4.451247715179375e-14	4.0067723125583283e-07	1.1104428849289368e-05	5.302767276497905e-07	4.455144487473946e-07	5.505623318466053e-07	2.3491181379950084e-07	0.9999864073570885	2.817589871896261e-07	4.451247715179375e-08
KU729218	0.0	0.0	0.0	0.0	0.0	0.0	0.0	1.0	0.0	0.0
n41	2.5902438895539245e-10	0.0023315973666676367	0.11048457730586954	0.003085755144208964	0.08212728836771394	0.003203799939107099	0.0013669850100752443	0.7955013768923167	0.0016395953260611132	0.0002590243889553924
n51	3.6351212766611514e-12	3.2721394422979446e-05	0.001355807210959209	4.3305166067633664e-05	3.638303581872034e-05	4.4961794415504054e-05	1.9184125151462593e-05	0.9983559453702349	0.00010805677801773198	3.6351212766611514e-06
KY241788	0.0	0.0	0.0	0.0	0.0	0.0	0.0	0.0	1.0	0.0
n65	1.0897944089895534e-13	9.80974767134958e-07	0.0001127423412509175	1.2982901946892933e-06	1.0907484510042679e-06	1.3479361058040162e-06	5.751321824019832e-07	0.9998811657698621	6.898276361360398e-07	1.0897944089895533e-07
MH513600	0.0	0.0	0.0	0.0	0.0	0.0	0.0	1.0	0.0	0.0
n96	1.6501506146811165e-12	1.4853762780068024e-05	0.00023599205645415542	1.9658228974140125e-05	1.6515952110233502e-05	2.0410249629981185e-05	8.708566647845618e-06	0.9996717657628533	1.0445268285504844e-05	1.6501506146811164e-06
n97	1.0830927011027678e-13	9.749414330953395e-07	4.462860800459137e-05	1.2902873306878494e-06	1.084040876221083e-06	1.3396469513293489e-06	5.715953979856178e-07	0.9999493169850976	6.855855302200238e-07	1.0830927011027678e-07
n191	3.9611561694221043e-13	3.565618407915392e-06	0.99997341189239	4.7189216722423485e-06	3.964623896345001e-06	4.899442846122789e-06	2.0904753903694436e-06	4.4455419629819005e-06	2.5073674210273314e-06	3.9611561694221045e-07
MF801406	0.0	0.0	1.0	0.0	0.0	0.0	0.0	0.0	0.0	0.0
n182	9.554483333433508e-14	8.600428812879016e-07	0.9999935868312138	1.1382247137152244e-06	9.562847643668354e-07	1.181767216797706e-06	5.042318813486949e-07	1.0722843224725364e-06	6.04788077277318e-07	9.554483333433512e-08
n188	2.177304064526628e-13	1.959891284275661e-06	0.9999853854803266	2.5938203134906984e-06	2.179210148407434e-06	2.6930462638980875e-06	1.149058600461135e-06	2.443553389724767e-06	1.3782090489658522e-06	2.1773040645266277e-07
n105	1.1773993420158658e-14	1.0598311674168892e-07	0.9999988437690875	1.4026347445758812e-07	1.1784300762819938e-07	5.115650996498965e-07	6.213651378153843e-08	1.3213763755441691e-07	7.452805760345196e-08	1.1773993420158654e-08
n115	3.3555662571543076e-13	3.0204991431162604e-06	0.9999774767370799	3.997482971200485e-06	3.358503830669162e-06	4.150406983141629e-06	1.7708791022895284e-06	3.7658981286546737e-06	2.124035799758635e-06	3.3555662571543077e-07
KY606274	0.0	0.0	1.0	0.0	0.0	0.0	0.0	0.0	0.0	0.0
n180	4.4661084449935327e-13	4.405860503538539e-06	0.9999695673169834	5.32047084998904e-06	4.470018223813876e-06	5.526265698362405e-06	2.3569607951969316e-06	5.012241793625069e-06	2.894253861109172e-06	4.466108444993534e-07
n175	5.686172002000779e-10	0.6630050744482382	0.18537201605828926	0.006773931434330135	0.005691149864749986	0.010890485727902403	0.0030008417055982888	0.006381499532571725	0.11831638345950263	0.0005686172002000779
MF801380	0.0	0.0	1.0	0.0	0.0	0.0	0.0	0.0	0.0	0.0
n165	5.605903138960298e-13	5.046130617007118e-06	0.999962372007178	6.678307212207316e-06	5.6108107316960195e-06	6.933784192165115e-06	2.958480315230901e-06	6.291415076492411e-06	3.548473802817662e-06	5.605903138960296e-07
MF801381	0.0	0.0	1.0	0.0	0.0	0.0	0.0	0.0	0.0	0.0
n169	3.0658313644302326e-13	2.759695472994092e-06	0.9999794214994955	3.652322062111682e-06	3.0685152944518672e-06	3.7920407334174802e-06	1.6179733250201237e-06	3.4407333109463987e-06	1.9406368627616167e-06	3.0658313644302325e-07
MF801400	0.0	0.0	1.0	0.0	0.0	0.0	0.0	0.0	0.0	0.0
MF801411	0.0	0.0	1.0	0.0	0.0	0.0	0.0	0.0	0.0	0.0
MF801399	0.0	0.0	1.0	0.0	0.0	0.0	0.0	0.0	0.0	0.0
n161	4.108084708901272e-11	0.0003697875527455184	0.9869777681900856	0.0005835109308516282	0.00041116810619197584	0.010678801826965414	0.00021680160080041053	0.00046104375035472227	0.0002600371538348699	4.108084708901272e-05
MF593625	0.0	0.0	0.0	1.0	0.0	0.0	0.0	0.0	0.0	0.0
MF801382	0.0	0.0	1.0	0.0	0.0	0.0	0.0	0.0	0.0	0.0
n144	8.919473068532976e-17	8.028826938854722e-10	0.9999999940130633	1.062575999729463e-09	8.927281469811516e-10	1.1032245800898144e-09	4.707196118337241e-10	1.0010181401062699e-09	5.645926398310377e-10	8.919473068532978e-11
n149	5.931593604118961e-14	5.339299547537236e-07	0.9999960185904746	7.066301961403014e-07	5.936786317043401e-07	7.336621583906937e-07	3.13036142094143e-07	6.656932255791727e-07	3.7546322138346186e-07	5.931593604118961e-08
n128	1.2911829345081453e-13	1.1622529994671022e-06	0.9999913333077323	1.5381850328230986e-06	1.2923132806318652e-06	1.5970306272686714e-06	6.81413717007771e-07	1.4490738743271046e-06	8.173043137161912e-07	1.2911829345081453e-07
n130	8.912058759929192e-15	8.022152979508284e-08	0.9999993963732919	1.061692733832875e-07	8.920249947388722e-08	1.156575683806453e-07	4.703283263349754e-08	1.0001860441564624e-07	5.6412332241340885e-08	8.912058759929192e-09
MF801407	0.0	0.0	1.0	0.0	0.0	0.0	0.0	0.0	0.0	0.0
MF801422	0.0	0.0	1.0	0.0	0.0	0.0	0.0	0.0	0.0	0.0
KY241782	0.0	0.0	0.0	0.0	0.0	0.0	0.0	0.0	1.0	0.0
n370	1.474603358696387e-17	1.3273581386993826e-10	8.337833999499158e-11	1.756693614109368e-10	1.475894275173505e-10	1.8238954910196513e-10	7.78212698531524e-11	1.6549236711338234e-10	0.9999999990201777	1.4746033586963868e-11
KY241734	0.0	0.0	0.0	0.0	0.0	0.0	0.0	0.0	1.0	0.0
n359	1.2042040895268743e-17	1.0839593504667184e-10	6.808918303881592e-11	1.4345672154350487e-10	1.2052582895541668e-10	1.4894462271516541e-10	6.35511175643779e-11	1.3514589132605514e-10	0.9999999991998488	1.2042040895268745e-11
KY241688	0.0	0.0	0.0	0.0	0.0	0.0	0.0	0.0	1.0	0.0
n362	3.858293956954396e-23	3.4730274111036535e-16	2.1815910254535166e-16	4.596382013893185e-16	3.8616716348996037e-16	4.772215463647536e-16	2.0361905011689089e-16	4.3301013536285396e-16	0.9999999999999974	3.8582939569543956e-17
n374	8.673230973816554e-22	7.807173131690483e-15	4.904095713095968e-15	1.033241201817767e-14	8.680823806633543e-15	1.0727675867835221e-14	4.5772433931593e-15	9.73382785216848e-15	0.9999999999999424	8.67323097381677e-16
KY241758	0.0	0.0	0.0	0.0	0.0	0.0	0.0	0.0	1.0	0.0
KX447509	0.0	0.0	0.0	0.0	0.0	0.0	1.0	0.0	0.0	0.0
n22	1.0687317672153598e-15	9.620144976164828e-09	6.081979517371913e-09	1.2748716842580778e-08	1.0696673702978985e-08	1.3218843154249094e-08	0.9999999278053516	1.1994205012668378e-08	6.765352434361316e-09	1.068731784673548e-09
n25	2.902469341160196e-12	2.6126458207177157e-05	1.6428473631376038e-05	0.9989664674509794	2.9050102586718354e-05	3.589982833651515e-05	0.0008721787863789749	3.257394735403684e-05	1.8372480274373002e-05	2.902469348790611e-06
n31	2.3620606120902785e-11	0.0002126199129460155	0.00015064516039174086	0.1383838187508849	0.0002364128437954173	0.0002921566450058098	0.8602859449087741	0.0002650902696340528	0.00014969087118916037	2.3620613758086266e-05
n342	1.0115203534491282e-12	0.00024137126735960374	0.00014705285126757084	2.021492366946928e-05	1.012405871770721e-05	2.068374255986966e-05	5.3382353921471386e-06	0.9995478005892985	6.402810370171316e-06	1.011520353449128e-06
KU509998	0.0	1.0	0.0	0.0	0.0	0.0	0.0	0.0	0.0	0.0
n194	1.0214900026206925e-12	9.194900312892306e-06	1.8795114504602603e-05	1.2169000932127847e-05	1.0223842508645685e-05	1.2634523032339937e-05	5.390849592023045e-06	0.9999241043609622	6.465917131083247e-06	1.0214900026206924e-06
n195	3.3820438454792095e-15	3.048528669164362e-08	4.8759744779431233e-08	4.0290614627876866e-08	3.385678595789728e-08	4.18315507273326e-08	1.78485248390392e-08	0.999999762137487	2.140795816156302e-08	3.3820438454792094e-09
n292	1.3132443846771563e-23	1.1821466314006372e-16	3.11381104792805e-16	1.5644668179597346e-16	1.989665412948927e-16	1.6243151957487894e-16	6.930565093344553e-17	0.9999999999999989	8.312689641991503e-17	1.3132443846771563e-17
n329	1.2320050129455637e-13	1.1089842371635023e-06	7.39669825588232e-07	1.4676864297295435e-06	1.2330835508205165e-06	1.5238324087444835e-06	6.501829390761183e-07	0.9999923735146311	7.798453531946282e-07	1.2320050129455633e-07
n42	1.8971094185829306e-12	1.7076752279917868e-05	7.427499520124827e-05	2.2600246915465918e-05	0.999355368261642	2.3464813735289625e-05	1.0011876287533722e-05	0.00048329745281125794	1.2008489811632212e-05	1.8971094185829303e-06
n43	5.377496878116124e-12	4.840531662228236e-05	0.0016248740186575886	6.406207045419234e-05	0.0012170552985560192	6.651274901231028e-05	2.8379403398098854e-05	0.9969112946890254	3.4038952018475075e-05	5.377496878116124e-06
n52	1.2829103679996696e-18	1.1548064828033504e-11	3.707636022362847e-10	1.5283299320110534e-11	1.2840334701023121e-11	1.586795813109721e-11	6.770479217799344e-12	0.9999999995343694	3.127385905753808e-11	1.2829103679996695e-12
n62	8.945109879546172e-13	8.05190380867736e-06	5.294188689441611e-05	1.0656301106486745e-05	8.952940724135693e-06	1.106395525261974e-05	4.720725784984398e-06	0.9998940057196568	8.712054889245967e-06	8.945109879546172e-07
n66	8.9869454735076e-14	8.089571772670301e-07	7.760166865521257e-05	1.0706369199369565e-06	8.99481294235764e-07	1.1115700526035835e-06	4.7428042580053067e-07	0.999917374672363	5.688635673788503e-07	8.986945473507599e-08
n93	2.407704282711982e-12	2.1672850956386856e-05	1.9221700012346236e-05	2.868295975464986e-05	2.4098120665524643e-05	2.9780218246826982e-05	1.2706508743962419e-05	0.9998461894369042	1.5240498025657858e-05	2.407704282711982e-06
KY559025	0.0	0.0	0.0	0.0	0.0	0.0	0.0	1.0	0.0	0.0
KY272991	0.0	0.0	0.0	0.0	0.0	0.0	0.0	1.0	0.0	0.0
n98	2.2164290174141314e-14	1.9951094494420346e-07	2.779836703849448e-06	2.6404298335928146e-07	2.2183693525707474e-07	2.7414388195891037e-07	1.1697065496109239e-07	0.9999959811961129	1.4029747052600011e-07	2.2164290174141317e-08
KU926309	0.0	0.0	0.0	0.0	0.0	0.0	0.0	1.0	0.0	0.0
MF801377	0.0	0.0	1.0	0.0	0.0	0.0	0.0	0.0	0.0	0.0
KY765323	0.0	0.0	1.0	0.0	0.0	0.0	0.0	0.0	0.0	0.0
MF801397	0.0	0.0	1.0	0.0	0.0	0.0	0.0	0.0	0.0	0.0
n183	6.720756275234075e-15	6.049661074984472e-08	0.9999995488888007	8.006430719869271e-08	6.726639847221911e-08	8.312714734000076e-08	3.546837084208384e-08	7.542596849663165e-08	4.254163332228675e-08	6.720756275234073e-09
n189	6.655602353895234e-14	5.991013041093012e-07	0.9999955326206789	7.928812913782552e-07	6.661428887988703e-07	8.232127678063073e-07	3.5124525097762245e-07	7.469475649948705e-07	4.2129216308844394e-07	6.655602353895236e-08
MF801408	0.0	0.0	1.0	0.0	0.0	0.0	0.0	0.0	0.0	0.0
n106	2.6605925883707103e-13	2.394921458105975e-06	0.9999037980127572	3.16956148388908e-06	2.6629217589852826e-06	8.16343463180329e-05	1.4041110958267174e-06	2.985940339665582e-06	1.6841252632765414e-06	2.66059258837071e-07
n108	4.042093893586797e-14	3.638474166899141e-07	0.9999972733709344	4.815342708002335e-07	4.0456324760662937e-07	5.134464581493917e-07	2.1331897680111277e-07	4.5363770711575984e-07	2.558600092505733e-07	4.0420938935867965e-08
KY765319	0.0	0.0	1.0	0.0	0.0	0.0	0.0	0.0	0.0	0.0
n116	2.03199881322882e-14	1.829095360905182e-07	0.9999986360799505	2.420718302332203e-07	2.0337776920941176e-07	2.5133222974057684e-07	1.0723746630101373e-07	2.2804796394205115e-07	1.2862324548540715e-07	2.0319988132288198e-08
KX906952	0.0	0.0	1.0	0.0	0.0	0.0	0.0	0.0	0.0	0.0
KX262887	0.0	0.0	1.0	0.0	0.0	0.0	0.0	0.0	0.0	0.0
n176	2.2155435223923465e-11	0.9850855460620532	0.004866284440697066	0.0002639374944194306	0.0002217483082357378	0.006048765323177513	0.00011692392351521724	0.0002486468919259583	0.0031259920985964897	2.2155435223923457e-05
MF988734	0.0	0.0	0.0	0.0	0.0	0.0	0.0	0.0	1.0	0.0
n166	1.6192552024241263e-14	1.4575658999373788e-07	0.9999989131220853	1.9290172214354153e-07	1.6206727519021883e-07	2.002811295047075e-07	8.545518042246246e-08	1.8172641126135011e-07	1.0249703791606876e-07	1.6192552024241263e-08
MF801403	0.0	0.0	1.0	0.0	0.0	0.0	0.0	0.0	0.0	0.0
n170	3.732890603622713e-13	3.3601460992014764e-06	0.9999749440585474	4.446989115330673e-06	3.7361584993311266e-06	4.617107576939207e-06	1.9700096658781047e-06	4.189363183839187e-06	2.3628778784422773e-06	3.7328906036227134e-07
MG494697	0.0	0.0	1.0	0.0	0.0	0.0	0.0	0.0	0.0	0.0
n162	5.943545136025816e-13	5.350057669748836e-06	0.00014858631589875494	7.094391345170815e-06	5.948748311715972e-06	0.999818856920232	3.1366687671453363e-06	6.670345268138461e-06	3.7621973994655066e-06	5.943545136025816e-07
MF801426	0.0	0.0	1.0	0.0	0.0	0.0	0.0	0.0	0.0	0.0
MF801383	0.0	0.0	1.0	0.0	0.0	0.0	0.0	0.0	0.0	0.0
n147	1.3493379817870112e-13	1.2146010257053525e-06	0.9999909429616184	1.6074650867308336e-06	1.3505192368164518e-06	1.668958263474025e-06	7.121046794345156e-07	1.5143403500676812e-06	8.541158062902408e-07	1.3493379817870113e-07
KY606271	0.0	0.0	1.0	0.0	0.0	0.0	0.0	0.0	0.0	0.0
MF801404	0.0	0.0	1.0	0.0	0.0	0.0	0.0	0.0	0.0	0.0
n150	1.5550788457234267e-14	1.3997978168278602e-07	0.9999989561985966	1.8525639871958095e-07	1.5564402130994898e-07	1.923433361363299e-07	8.206831334153266e-08	1.7452400179952677e-07	9.843474652665758e-08	1.5550788457234268e-08
n159	5.6151559028608e-13	5.054459454315378e-06	0.9999623099006939	6.689330021263744e-06	5.620071595771604e-06	6.945228676038065e-06	2.9633634035009927e-06	6.301799304842403e-06	3.554330698573925e-06	5.6151559028608e-07
MF801414	0.0	0.0	1.0	0.0	0.0	0.0	0.0	0.0	0.0	0.0
n129	8.146220936289147e-14	7.332787217428978e-07	0.9999945320863391	9.704585449035057e-07	8.153352407195583e-07	1.0075832061328888e-06	4.2991171424348045e-07	9.142372949475023e-07	5.156466472545582e-07	8.146220936289146e-08
n131	4.795411882179812e-15	4.316570251036343e-08	0.9999983095960502	5.712769729411644e-08	4.799610774716645e-08	1.4278389825082063e-06	2.530748624294741e-08	5.381813753409307e-08	3.035441928950552e-08	4.7954118821798105e-09
n134	1.966843871092395e-18	1.7704464081469793e-11	0.9999999993095746	2.3430992801702646e-11	5.780840417481897e-10	2.433568892472927e-11	1.0379895498584366e-11	2.2073572940813236e-11	1.2449901073564145e-11	1.9668438710923943e-12
KY241773	0.0	0.0	0.0	0.0	0.0	0.0	0.0	0.0	1.0	0.0
KY241777	0.0	0.0	0.0	0.0	0.0	0.0	0.0	0.0	1.0	0.0
KY241751	0.0	0.0	0.0	0.0	0.0	0.0	0.0	0.0	1.0	0.0
KY241744	0.0	0.0	0.0	0.0	0.0	0.0	0.0	0.0	1.0	0.0
KY241714	0.0	0.0	0.0	0.0	0.0	0.0	0.0	0.0	1.0	0.0
KY241738	0.0	0.0	0.0	0.0	0.0	0.0	0.0	0.0	1.0	0.0
n363	1.1171521287421895e-20	1.0055998865770923e-13	6.316701333078491e-14	1.3308622952581776e-13	1.1181301206082299e-13	1.3817741010689025e-13	5.895700478719017e-14	1.2537618955021303e-13	0.9999999999992576	1.1171521287421894e-14
KY241749	0.0	0.0	0.0	0.0	0.0	0.0	0.0	0.0	1.0	0.0
KY241697	0.0	0.0	0.0	0.0	0.0	0.0	0.0	0.0	1.0	0.0
KY241706	0.0	0.0	0.0	0.0	0.0	0.0	0.0	0.0	1.0	0.0
KY241671	0.0	0.0	0.0	0.0	0.0	0.0	0.0	0.0	1.0	0.0
KY241745	0.0	0.0	0.0	0.0	0.0	0.0	0.0	0.0	1.0	0.0
n376	2.1038240211384425e-18	1.8937485259209563e-11	1.1895629661333772e-11	2.5062836059257443e-11	2.105665778162681e-11	2.6021608613759347e-11	1.1102799671994269e-11	2.3610879169296742e-11	0.9999999998602083	2.1038240211384423e-12
n456	1.5810258130648457e-24	1.42315387259166e-17	8.939577344996433e-18	1.8834745853341932e-17	1.5824098952729853e-17	1.955526436738826e-17	8.343764831248549e-18	1.7743598828010885e-17	0.9999999999999999	1.5810258130648457e-18
KX447514	0.0	0.0	0.0	0.0	0.0	0.0	1.0	0.0	0.0	0.0
KJ776791	0.0	0.0	0.0	0.0	0.0	0.0	1.0	0.0	0.0	0.0
n26	9.685596311099925e-21	8.718449619605296e-14	5.479843836858853e-14	0.9999999999977404	9.69407540196526e-14	1.197984212871241e-13	1.7211811008894867e-12	1.0869989214222304e-13	6.130907911417367e-14	9.68559632597199e-15
KU761561	0.0	0.0	0.0	1.0	0.0	0.0	0.0	0.0	0.0	0.0
LC191864	0.0	0.0	0.0	1.0	0.0	0.0	0.0	0.0	0.0	0.0
KX806557	0.0	0.0	0.0	0.0	0.0	0.0	1.0	0.0	0.0	0.0
MF352141	0.0	0.0	0.0	0.0	0.0	0.0	0.0	1.0	0.0	0.0
n343	3.2397186189324105e-17	5.933595409134344e-09	3.6163116661465883e-09	5.842757992863202e-10	3.2425547755990436e-10	5.992305674222643e-10	1.70974123587448e-10	0.9999999885338893	2.05070554428352e-10	3.2397186189324094e-11
KX197205	0.0	0.0	0.0	0.0	0.0	0.0	0.0	1.0	0.0	0.0
KY559021	0.0	0.0	0.0	0.0	0.0	0.0	0.0	1.0	0.0	0.0
n196	6.9779200477199e-13	6.281151302414427e-06	3.9492734679504565e-06	8.312789728937016e-06	6.9840296034646885e-06	8.630793383641259e-06	3.682553656512724e-06	0.999957044671039	4.4169451154809905e-06	6.977920047719899e-07
n201	6.650170937199935e-15	6.021675915101364e-08	4.447961164164233e-08	7.922645515791126e-08	6.661703599564495e-08	8.225409711253908e-08	3.509586113590178e-08	0.9999995833651661	4.2094836050431595e-08	6.650170937199934e-09
KY559003	0.0	0.0	0.0	0.0	0.0	0.0	0.0	1.0	0.0	0.0
KY785429	0.0	0.0	0.0	0.0	0.0	0.0	0.0	1.0	0.0	0.0
n295	1.3165259578229634e-12	1.1850654175033059e-05	7.444018642469021e-06	1.5683761530025097e-05	1.3176784881235104e-05	1.6283739923164155e-05	6.947883390350765e-06	0.9999189631685516	8.333461631894428e-06	1.3165259578229635e-06
n326	1.135700277171209e-13	1.022295925976344e-06	6.421577930649531e-07	1.3529586872856692e-06	5.91140009280867e-06	1.4047157850729042e-06	5.993587171819127e-07	0.9999882346573217	7.188855357465598e-07	1.1357002771712092e-07
n298	6.1158155315504786e-15	5.5709594548532326e-08	3.458209101835231e-08	7.285765372759924e-08	6.121169518450658e-08	7.564647623582077e-08	3.227583390788168e-08	0.9999996228884074	3.8712426273917365e-08	6.115815531550476e-09
n325	3.879513253581576e-14	3.4921278735496783e-07	2.193589029650879e-07	4.621660542292722e-07	3.882909507599932e-07	4.79846101585836e-07	2.0473888522317854e-07	0.9999976120223092	2.455688371128604e-07	3.8795132535815764e-08
KY559014	0.0	0.0	0.0	0.0	0.0	0.0	0.0	1.0	0.0	0.0
KY559015	0.0	0.0	0.0	0.0	0.0	0.0	0.0	1.0	0.0	0.0
KY014313	0.0	0.0	0.0	0.0	0.0	0.0	0.0	1.0	0.0	0.0
n330	6.100192340898747e-19	5.491063005913657e-12	3.489323593091577e-12	7.267153480220842e-12	6.10553265072625e-12	7.545156627578686e-12	3.2193383496487626e-12	0.999999999962411	3.861353322962125e-12	6.100192340898744e-13
KY003154	0.0	0.0	0.0	0.0	1.0	0.0	0.0	0.0	0.0	0.0
KY003153	0.0	0.0	0.0	0.0	1.0	0.0	0.0	0.0	0.0	0.0
KX101060	0.0	0.0	0.0	0.0	0.0	0.0	0.0	1.0	0.0	0.0
n44	3.578187403304229e-17	3.2208906507349034e-10	6.591636417352899e-09	4.262691336216691e-10	5.0194131385603985e-09	4.425759532162858e-10	1.8883660196180486e-10	0.9999999867469025	2.2649524880217775e-10	3.578187403304229e-11
n57	1.7081113958986453e-13	1.5375494364502195e-06	9.658203312561052e-07	2.0348715223429806e-06	1.7096067330228386e-06	2.1127150258853234e-06	9.014451045126256e-07	0.9999894859648818	1.0812156542574116e-06	1.7081113958986454e-07
KY559017	0.0	0.0	0.0	0.0	0.0	0.0	0.0	1.0	0.0	0.0
KY559006	0.0	0.0	0.0	0.0	0.0	0.0	0.0	1.0	0.0	0.0
KY559011	0.0	0.0	0.0	0.0	0.0	0.0	0.0	1.0	0.0	0.0
KY559010	0.0	0.0	0.0	0.0	0.0	0.0	0.0	1.0	0.0	0.0
KY559012	0.0	0.0	0.0	0.0	0.0	0.0	0.0	1.0	0.0	0.0
KY559007	0.0	0.0	0.0	0.0	0.0	0.0	0.0	1.0	0.0	0.0
KY559005	0.0	0.0	0.0	0.0	0.0	0.0	0.0	1.0	0.0	0.0
KY441401	0.0	0.0	0.0	0.0	0.0	0.0	0.0	1.0	0.0	0.0
n67	1.0280905599058089e-13	9.255352724624524e-07	1.4162932413650371e-06	1.2271862130702183e-06	1.0289905843333443e-06	1.271616367165277e-06	5.425683620213536e-07	0.999992834231009	6.507697918281393e-07	1.0280905599058087e-07
KY693680	0.0	0.0	0.0	0.0	0.0	0.0	0.0	1.0	0.0	0.0
KY631492	0.0	0.0	0.0	0.0	0.0	0.0	0.0	1.0	0.0	0.0
KY785437	0.0	0.0	0.0	0.0	0.0	0.0	0.0	1.0	0.0	0.0
KY014308	0.0	0.0	0.0	0.0	0.0	0.0	0.0	1.0	0.0	0.0
KY559032	0.0	0.0	0.0	0.0	0.0	0.0	0.0	1.0	0.0	0.0
n184	2.734007230396577e-14	2.4610053456938104e-07	0.9999981648772395	3.257020278871738e-07	2.7364006706132057e-07	3.381616778863004e-07	1.4428552139285397e-07	3.068332413561189e-07	1.730595908151141e-07	2.734007230396577e-08
n186	3.567225203664336e-14	3.211023071887854e-07	0.9999976056039316	4.249632077948747e-07	3.570348070410735e-07	4.4122006952207417e-07	1.882580787329445e-07	4.0034395656254433e-07	2.258013538618054e-07	3.567225203664336e-08
MF801384	0.0	0.0	1.0	0.0	0.0	0.0	0.0	0.0	0.0	0.0
MF801386	0.0	0.0	1.0	0.0	0.0	0.0	0.0	0.0	0.0	0.0
n107	9.382312848103806e-12	8.445450259766107e-05	0.9952457111167033	0.0001117714059759833	9.390526434610078e-05	0.004240575640572971	4.951456916824491e-05	0.0001052961905365287	5.9388987868796145e-05	9.382312848103806e-06
MF801387	0.0	0.0	1.0	0.0	0.0	0.0	0.0	0.0	0.0	0.0
n109	2.9733814520024566e-14	2.6764770651698093e-07	0.9999980040977625	3.5421865671468405e-07	2.9759844483177115e-07	3.6787570258440065e-07	1.5691834620341715e-07	3.336978258736135e-07	1.8821171052505034e-07	2.9733814520024572e-08
MF801389	0.0	0.0	1.0	0.0	0.0	0.0	0.0	0.0	0.0	0.0
KX421195	0.0	0.0	1.0	0.0	0.0	0.0	0.0	0.0	0.0	0.0
KX421194	0.0	0.0	1.0	0.0	0.0	0.0	0.0	0.0	0.0	0.0
n177	1.0868611525368603e-12	0.9994934208382069	0.0001596896885246683	1.2947766833875509e-05	1.0878126266820094e-05	0.0002004657981401366	5.7358417465732954e-06	1.2197668193019446e-05	0.00010357740984871038	1.08686115253686e-06
n179	3.387287898560654e-11	0.9798577580819846	0.003528542374602784	0.0004035272933198713	0.0003390253242247963	0.012962395616241592	0.0001787620000114762	0.00038014988174371806	0.002315966515012801	3.387287898560654e-05
KU501216	0.0	0.0	1.0	0.0	0.0	0.0	0.0	0.0	0.0	0.0
KU501217	0.0	0.0	1.0	0.0	0.0	0.0	0.0	0.0	0.0	0.0
KY606273	0.0	0.0	1.0	0.0	0.0	0.0	0.0	0.0	0.0	0.0
MF801423	0.0	0.0	1.0	0.0	0.0	0.0	0.0	0.0	0.0	0.0
KY325479	0.0	0.0	0.0	0.0	0.0	1.0	0.0	0.0	0.0	0.0
KY325465	0.0	0.0	0.0	0.0	0.0	1.0	0.0	0.0	0.0	0.0
n148	2.004511229572667e-13	1.804352525712246e-06	0.9999865453019275	2.3879723694063834e-06	2.006266044899489e-06	2.479323657954993e-06	1.057868262677456e-06	2.2496307656629923e-06	1.2688331227413322e-06	2.004511229572667e-07
MF801402	0.0	0.0	1.0	0.0	0.0	0.0	0.0	0.0	0.0	0.0
n151	1.9208633252540078e-14	1.7290572092274958e-07	0.9999987106764135	2.288322698541586e-07	1.922544912443023e-07	2.3758619137372668e-07	1.0137236044122818e-07	2.155754065816014e-07	1.2158849376268798e-07	1.920863325254008e-08
n156	2.5727227246496726e-14	2.3158257622575438e-07	0.9999982731347685	3.0648821967024106e-07	2.5749749710837527e-07	3.1821285021896294e-07	1.3577383248963725e-07	2.887325402575107e-07	1.628504625220158e-07	2.5727227246496728e-08
KY765324	0.0	0.0	1.0	0.0	0.0	0.0	0.0	0.0	0.0	0.0
MF434518	0.0	0.0	1.0	0.0	0.0	0.0	0.0	0.0	0.0	0.0
MF801401	0.0	0.0	1.0	0.0	0.0	0.0	0.0	0.0	0.0	0.0
MF801417	0.0	0.0	1.0	0.0	0.0	0.0	0.0	0.0	0.0	0.0
n132	6.151947590951517e-15	5.537650281035919e-08	0.999999405382842	7.328809461626327e-08	6.157333319305146e-08	2.5777729687300293e-07	3.246651859121809e-08	6.904231996894956e-08	3.894113815681698e-08	6.151947590951516e-09
n133	3.3368923093088192e-12	3.0036898658905058e-05	0.99857411016569	3.975236714444782e-05	3.339813535691152e-05	0.0012431837365012618	1.7610240431243822e-05	3.744940656843158e-05	2.1122154002472035e-05	3.336892309308819e-06
n139	7.74029734742966e-15	6.967396771120062e-08	0.9999994804525427	9.221009053958748e-08	7.747326608661995e-08	9.573756463697739e-08	4.084893507569895e-08	8.686811423785124e-08	4.899521394240008e-08	7.740297347429658e-09
n137	2.745017087733244e-13	2.470915823420283e-06	0.9999012061723697	3.2701363117096628e-06	8.311611972030536e-05	3.3952345703683907e-06	1.4486655972684968e-06	3.0806885996601837e-06	1.7375650243423219e-06	2.7450170877332433e-07
MF801393	0.0	0.0	1.0	0.0	0.0	0.0	0.0	0.0	0.0	0.0
MF801398	0.0	0.0	1.0	0.0	0.0	0.0	0.0	0.0	0.0	0.0
KY241721	0.0	0.0	0.0	0.0	0.0	0.0	0.0	0.0	1.0	0.0
n365	6.381680465259482e-16	5.744443381459248e-09	3.608386759963677e-09	7.602490021803923e-09	6.387267199085714e-09	7.893321385084052e-09	3.3678919465000547e-09	7.162057512812651e-09	0.999999957595973	6.381680465259483e-10
KY241716	0.0	0.0	0.0	0.0	0.0	0.0	0.0	0.0	1.0	0.0
KY241783	0.0	0.0	0.0	0.0	0.0	0.0	0.0	0.0	1.0	0.0
n377	1.859140327588917e-91	1.6734975071472636e-84	1.0512117269904096e-84	2.21479214864659e-84	1.8607678804274519e-84	2.2995184709601544e-84	9.81149678487639e-85	2.086483336648817e-84	1.0	1.8591403275889173e-85
n455	4.212230911523109e-16	3.7916223027147634e-09	2.381717219123052e-09	5.0180267797357344e-09	4.215918437566667e-09	5.209990145046466e-09	2.2229785149765315e-09	4.727319114425312e-09	0.9999999720112039	4.212230911523109e-10
KY241727	0.0	0.0	0.0	0.0	0.0	0.0	0.0	0.0	1.0	0.0
KY241780	0.0	0.0	0.0	0.0	0.0	0.0	0.0	0.0	1.0	0.0
KY241682	0.0	0.0	0.0	0.0	0.0	0.0	0.0	0.0	1.0	0.0
KY241778	0.0	0.0	0.0	0.0	0.0	0.0	0.0	0.0	1.0	0.0
KY241776	0.0	0.0	0.0	0.0	0.0	0.0	0.0	0.0	1.0	0.0
n30	1.358473105435424e-15	1.2228239696253126e-08	7.68119995063769e-09	0.999999917318721	1.3596623576537824e-08	1.680257241422221e-08	7.16926106448128e-09	1.5245925526517426e-08	8.598982370866438e-09	1.3584731054354242e-09
KU963796	0.0	0.0	0.0	1.0	0.0	0.0	0.0	0.0	0.0	0.0
KU820899	0.0	0.0	0.0	1.0	0.0	0.0	0.0	0.0	0.0	0.0
MF099651	0.0	0.0	0.0	1.0	0.0	0.0	0.0	0.0	0.0	0.0
MF036115	0.0	0.0	0.0	1.0	0.0	0.0	0.0	0.0	0.0	0.0
n344	0.0	0.0	0.0	0.0	0.0	0.0	0.0	1.0	0.0	0.0
KR872956	0.0	0.0	0.0	0.0	0.0	0.0	0.0	1.0	0.0	0.0
n197	2.5607151609120123e-16	2.305017214828815e-09	1.4479106313387202e-09	3.050577597252872e-09	2.562956897392357e-09	3.167276683746322e-09	1.351401408244199e-09	0.9999999842378837	1.6209039720689059e-09	2.5607151609120126e-10
n199	5.855178632137096e-14	5.270514962100993e-07	3.310713385892346e-07	6.97526887643908e-07	5.860304454783179e-07	7.24210605061307e-07	3.090033897473104e-07	0.9999963959277531	3.706262393754033e-07	5.855178632137094e-08
n202	3.918769197473696e-15	8.670853513067957e-08	2.218586836732348e-08	4.7122682102685754e-08	4.748407767429334e-08	4.84701559064507e-08	2.0681059310649e-08	0.9999996986234788	2.480536943259285e-08	3.9187691974736955e-09
KU527068	0.0	0.0	0.0	0.0	0.0	0.0	0.0	1.0	0.0	0.0
KY014307	0.0	0.0	0.0	0.0	0.0	0.0	0.0	1.0	0.0	0.0
KY785433	0.0	0.0	0.0	0.0	0.0	0.0	0.0	1.0	0.0	0.0
KU497555	0.0	0.0	0.0	0.0	0.0	0.0	0.0	1.0	0.0	0.0
n327	1.178630717287702e-12	1.0609395847951805e-05	6.664319058752601e-06	1.4041016807956113e-05	0.0004007978105485572	1.4578152410684357e-05	6.2201498841252856e-06	0.9995384499233183	7.460600227686567e-06	1.1786307172877025e-06
KY558999	0.0	0.0	0.0	0.0	0.0	0.0	0.0	1.0	0.0	0.0
n300	8.91609127150296e-16	1.1406328803742712e-06	7.623192476810296e-09	1.0621731265628036e-08	8.923896712244713e-09	1.3903053951919602e-08	4.705411396108389e-09	0.9999988070544381	5.6437857587256374e-09	8.916091271502957e-10
KY558996	0.0	0.0	0.0	0.0	0.0	0.0	0.0	1.0	0.0	0.0
KY785455	0.0	0.0	0.0	0.0	0.0	0.0	0.0	1.0	0.0	0.0
KY785480	0.0	0.0	0.0	0.0	0.0	0.0	0.0	1.0	0.0	0.0
KY014317	0.0	0.0	0.0	0.0	0.0	0.0	0.0	1.0	0.0	0.0
n336	3.71746030723086e-17	3.3462565814694825e-10	2.1019597806679432e-10	4.428607017544495e-10	3.720714694748246e-10	4.598022276578112e-10	1.961866423477748e-10	0.9999999977117716	2.353110673915379e-10	3.717460307230859e-11
n333	0.0	0.0	0.0	0.0	0.0	0.0	0.0	1.0	0.0	0.0
n334	1.8904625370844341e-13	1.7016920649927558e-06	1.0689222232623093e-06	2.2521062677797607e-06	1.892117510419538e-06	2.338260032432082e-06	9.97679778620481e-07	0.9999883635341	1.1966415797359783e-06	1.8904625370844346e-07
n45	1.8371814423267995e-14	1.6537313070382353e-07	1.0389849053338954e-07	2.1886325489919248e-07	1.8389279232830934e-07	2.272358142332664e-07	9.695610141489902e-08	0.9999988691170585	1.1629152444343701e-07	1.8371814423267993e-08
KU940227	0.0	0.0	0.0	0.0	0.0	0.0	0.0	1.0	0.0	0.0
KX101066	0.0	0.0	0.0	0.0	0.0	0.0	0.0	1.0	0.0	0.0
KX101061	0.0	0.0	0.0	0.0	0.0	0.0	0.0	1.0	0.0	0.0
n58	8.575384312294717e-14	7.719096862401099e-07	4.848771272781308e-07	1.021584738099288e-06	8.582891486912947e-07	1.0606652079500188e-06	4.5256054295952557e-07	0.9999947215474067	5.428122132291829e-07	8.575384312294718e-08
KY559009	0.0	0.0	0.0	0.0	0.0	0.0	0.0	1.0	0.0	0.0
n68	9.569568696317997e-15	8.803714431955054e-08	5.8361288520626665e-08	1.5828736561204528e-07	9.577946212777686e-08	1.1836367300121034e-07	5.050280019386391e-08	0.9999993605243914	6.0574296382592e-08	9.569568696317996e-09
n90	5.802547797611219e-14	5.223140541382594e-07	3.2893350595548093e-07	6.912594205543739e-07	5.807627539575068e-07	7.177008449337449e-07	3.0622583037713806e-07	0.9999964274832877	3.6729476658848443e-07	5.802547797611221e-08
n185	4.045261358289921e-14	3.6413253472032815e-07	0.9999972847360795	4.819116105766607e-07	4.04880271367262e-07	5.003470192759906e-07	2.1348613776949013e-07	4.53993186593259e-07	2.560605062131817e-07	4.0452613582899206e-08
KY014306	0.0	0.0	1.0	0.0	0.0	0.0	0.0	0.0	0.0	0.0
MF801410	0.0	0.0	1.0	0.0	0.0	0.0	0.0	0.0	0.0	0.0
n187	3.100200628233563e-14	2.7906328242224175e-07	0.9999979190805817	3.6932661342168263e-07	3.1029146462437326e-07	3.834551110808712e-07	1.6361114890038118e-07	3.479305383831041e-07	1.9623922212123638e-07	3.100200628233563e-08
KY785431	0.0	0.0	1.0	0.0	0.0	0.0	0.0	0.0	0.0	0.0
KU870645	0.0	0.0	0.0	0.0	0.0	1.0	0.0	0.0	0.0	0.0
n110	6.3971645765755295e-15	5.7583813404735653e-08	0.9999995706080783	7.620936229259404e-08	6.402764865704154e-08	7.912560550798374e-08	3.37606358939003e-08	7.179435082307715e-08	4.04933341686341e-08	6.397164576575531e-09
MF434517	0.0	0.0	1.0	0.0	0.0	0.0	0.0	0.0	0.0	0.0
n178	3.942430086249213e-13	0.9999434770690235	1.3248203034298112e-05	4.696613306719445e-06	3.945881419740494e-06	1.8297887373821495e-05	2.080592817111279e-06	4.424525980526631e-06	9.434983641380104e-06	3.942430086249213e-07
MH063262	0.0	1.0	0.0	0.0	0.0	0.0	0.0	0.0	0.0	0.0
MH063265	0.0	1.0	0.0	0.0	0.0	0.0	0.0	0.0	0.0	0.0
MF159531	0.0	0.0	0.0	0.0	0.0	1.0	0.0	0.0	0.0	0.0
MF801396	0.0	0.0	1.0	0.0	0.0	0.0	0.0	0.0	0.0	0.0
MF801418	0.0	0.0	1.0	0.0	0.0	0.0	0.0	0.0	0.0	0.0
n152	6.03758492943517e-17	5.434707202389168e-10	0.9999999959474468	7.192569328987594e-10	6.042870430666022e-10	7.467719278206463e-10	3.186297679874203e-10	6.775884618244889e-10	3.8217235338034906e-10	6.03758492943517e-11
KY014310	0.0	0.0	1.0	0.0	0.0	0.0	0.0	0.0	0.0	0.0
n157	1.0795335201062205e-14	9.717376509833503e-08	0.9999992753945521	1.286047281666382e-07	1.0804785793999538e-07	1.3352447002880493e-07	5.697170624782705e-08	1.2115431350879257e-07	6.833326085742751e-08	1.0795335201062203e-08
MF801385	0.0	0.0	1.0	0.0	0.0	0.0	0.0	0.0	0.0	0.0
MF801413	0.0	0.0	1.0	0.0	0.0	0.0	0.0	0.0	0.0	0.0
KY631493	0.0	0.0	1.0	0.0	0.0	0.0	0.0	0.0	0.0	0.0
KX827268	0.0	0.0	0.0	0.0	0.0	1.0	0.0	0.0	0.0	0.0
KY606272	0.0	0.0	1.0	0.0	0.0	0.0	0.0	0.0	0.0	0.0
n140	1.9755436572904867e-15	1.7782774848544076e-08	0.9999998673973723	2.3534633274024758e-08	1.977274189686215e-08	2.4434944811557264e-08	1.0425808076050958e-08	2.2171209244352866e-08	1.2504969744300707e-08	1.975543657290487e-09
MF801395	0.0	0.0	1.0	0.0	0.0	0.0	0.0	0.0	0.0	0.0
MF098771	0.0	0.0	0.0	0.0	1.0	0.0	0.0	0.0	0.0	0.0
n138	4.790209319553236e-17	4.311887185719998e-10	0.9999999965146609	5.706571921377905e-10	7.494908611653541e-10	5.924875409953198e-10	2.5280030044119233e-10	5.375975000913254e-10	3.032148765167608e-10	4.7902093195532356e-11
KY241698	0.0	0.0	0.0	0.0	0.0	0.0	0.0	0.0	1.0	0.0
KY241740	0.0	0.0	0.0	0.0	0.0	0.0	0.0	0.0	1.0	0.0
KY241701	0.0	0.0	0.0	0.0	0.0	0.0	0.0	0.0	1.0	0.0
KY241687	0.0	0.0	0.0	0.0	0.0	0.0	0.0	0.0	1.0	0.0
n380	1.1726382439864198e-17	1.0555454846390353e-10	6.630435881053792e-11	1.396962852907419e-10	1.173664810230104e-10	1.4504033190964637e-10	6.188524981122269e-11	1.3160330716766601e-10	0.9999999992208232	1.1726382439864197e-11
KY241741	0.0	0.0	0.0	0.0	0.0	0.0	0.0	0.0	1.0	0.0
KY241735	0.0	0.0	0.0	0.0	0.0	0.0	0.0	0.0	1.0	0.0
KY241755	0.0	0.0	0.0	0.0	0.0	0.0	0.0	0.0	1.0	0.0
KY241771	0.0	0.0	0.0	0.0	0.0	0.0	0.0	0.0	1.0	0.0
KY241704	0.0	0.0	0.0	0.0	0.0	0.0	0.0	0.0	1.0	0.0
KY241719	0.0	0.0	0.0	0.0	0.0	0.0	0.0	0.0	1.0	0.0
KY241683	0.0	0.0	0.0	0.0	0.0	0.0	0.0	0.0	1.0	0.0
KY241786	0.0	0.0	0.0	0.0	0.0	0.0	0.0	0.0	1.0	0.0
KY241748	0.0	0.0	0.0	0.0	0.0	0.0	0.0	0.0	1.0	0.0
KY241722	0.0	0.0	0.0	0.0	0.0	0.0	0.0	0.0	1.0	0.0
KY241770	0.0	0.0	0.0	0.0	0.0	0.0	0.0	0.0	1.0	0.0
KY241711	0.0	0.0	0.0	0.0	0.0	0.0	0.0	0.0	1.0	0.0
KY241743	0.0	0.0	0.0	0.0	0.0	0.0	0.0	0.0	1.0	0.0
KY241699	0.0	0.0	0.0	0.0	0.0	0.0	0.0	0.0	1.0	0.0
KY241732	0.0	0.0	0.0	0.0	0.0	0.0	0.0	0.0	1.0	0.0
KY241724	0.0	0.0	0.0	0.0	0.0	0.0	0.0	0.0	1.0	0.0
n434	7.468581290324057e-18	6.722812681651236e-11	4.222951930988288e-11	8.897313967036962e-11	7.47511953302608e-11	9.237678498018705e-11	3.941497058085724e-11	8.381868855955402e-11	0.999999999503739	7.468581290324058e-12
KY241674	0.0	0.0	0.0	0.0	0.0	0.0	0.0	0.0	1.0	0.0
KY241685	0.0	0.0	0.0	0.0	0.0	0.0	0.0	0.0	1.0	0.0
KY241676	0.0	0.0	0.0	0.0	0.0	0.0	0.0	0.0	1.0	0.0
KY241678	0.0	0.0	0.0	0.0	0.0	0.0	0.0	0.0	1.0	0.0
n429	6.009453382690779e-17	5.409384706475162e-10	3.3979187987812613e-10	7.159056243431775e-10	6.014714256636603e-10	7.432924157905189e-10	3.171451432049858e-10	6.744313035053828e-10	0.9999999960069292	6.00945338269078e-11
KY241756	0.0	0.0	0.0	0.0	0.0	0.0	0.0	0.0	1.0	0.0
KY241680	0.0	0.0	0.0	0.0	0.0	0.0	0.0	0.0	1.0	0.0
KY241679	0.0	0.0	0.0	0.0	0.0	0.0	0.0	0.0	1.0	0.0
KX827309	0.0	0.0	0.0	0.0	0.0	0.0	0.0	0.0	1.0	0.0
KY241781	0.0	0.0	0.0	0.0	0.0	0.0	0.0	0.0	1.0	0.0
KY241779	0.0	0.0	0.0	0.0	0.0	0.0	0.0	0.0	1.0	0.0
KU997667	0.0	0.0	0.0	1.0	0.0	0.0	0.0	0.0	0.0	0.0
KX013000	0.0	0.0	0.0	1.0	0.0	0.0	0.0	0.0	0.0	0.0
KU321639	0.0	0.0	0.0	0.0	0.0	0.0	0.0	1.0	0.0	0.0
MF783073	0.0	1.0	0.0	0.0	0.0	0.0	0.0	0.0	0.0	0.0
KX879604	0.0	0.0	0.0	0.0	0.0	0.0	0.0	1.0	0.0	0.0
MF794971	0.0	0.0	0.0	0.0	0.0	0.0	0.0	1.0	0.0	0.0
KX879603	0.0	0.0	0.0	0.0	0.0	0.0	0.0	1.0	0.0	0.0
KX811222	0.0	0.0	0.0	0.0	0.0	0.0	0.0	1.0	0.0	0.0
n200	8.25508107286614e-18	7.430777229857942e-11	4.667667975564808e-11	9.834270428891129e-11	8.262307844886833e-11	1.0210477996003438e-10	4.3565673985653646e-11	0.9999999994918705	5.225373717861678e-11	8.25508107286614e-12
MF073359	0.0	0.0	0.0	0.0	0.0	0.0	0.0	1.0	0.0	0.0
n203	8.028723695867223e-16	4.2044556692884335e-07	4.5403870424355886e-09	1.3086873577130542e-08	7.441307843186562e-08	9.93050291196976e-09	4.237108708777372e-09	0.9999994674615171	5.082092037382242e-09	8.028723695867223e-10
KU991811	0.0	0.0	0.0	0.0	1.0	0.0	0.0	0.0	0.0	0.0
n328	3.5129969481675946e-13	3.16220973109586e-06	1.986350107087576e-06	4.185030007450528e-06	0.00010436728933995674	4.345127288597146e-06	1.8539621647026237e-06	0.9998775250436539	2.223687661193356e-06	3.5129969481675965e-07
n309	7.580671457420763e-13	0.0004263827454722291	8.202907409576656e-06	9.030846879180408e-06	7.587307827556699e-06	9.37654499834048e-06	4.000651942618398e-06	0.9995298624475704	4.798479996465683e-06	7.580671457420763e-07
n302	1.3911472838890245e-13	0.0002424399936589573	3.4304135586362438e-06	1.6572724695635331e-06	1.3923651401622248e-06	5.388135757200237e-06	7.341692770909938e-07	0.9997439379546452	8.805806255255229e-07	1.3911472838890245e-07
KX548902	0.0	0.0	0.0	0.0	0.0	0.0	0.0	1.0	0.0	0.0
KY014309	0.0	0.0	0.0	0.0	0.0	0.0	0.0	1.0	0.0	0.0
KY559031	0.0	0.0	0.0	0.0	0.0	0.0	0.0	1.0	0.0	0.0
KY014301	0.0	0.0	0.0	0.0	0.0	0.0	0.0	1.0	0.0	0.0
KY785479	0.0	0.0	0.0	0.0	0.0	0.0	0.0	1.0	0.0	0.0
KY014296	0.0	0.0	0.0	0.0	0.0	0.0	0.0	1.0	0.0	0.0
KY014320	0.0	0.0	0.0	0.0	0.0	0.0	0.0	1.0	0.0	0.0
n335	2.420649442689785e-15	2.1789376239675074e-08	1.3687052254027539e-08	2.8837174368908244e-08	2.422768559150809e-08	2.99403332958918e-08	1.2774826015992464e-08	0.999999851000461	1.5322439436195747e-08	2.420649442689785e-09
KY785427	0.0	0.0	0.0	0.0	0.0	0.0	0.0	1.0	0.0	0.0
n46	6.197709604962287e-15	5.578842769431016e-08	3.504373607481095e-08	7.383325706491367e-08	6.203142065207298e-08	7.665772993446253e-08	3.2708024757629114e-08	0.9999996185088813	3.9230806572157296e-08	6.1977096049622875e-09
KU940228	0.0	0.0	0.0	0.0	0.0	0.0	0.0	1.0	0.0	0.0
n59	2.5645367078539548e-14	2.308457152961189e-07	1.4500632512470973e-07	3.055130202482932e-07	2.5667817879785993e-07	3.17200344785887e-07	1.3534182057380575e-07	0.9999984214369055	1.6233229686327133e-07	2.564536707853955e-08
KY559013	0.0	0.0	0.0	0.0	0.0	0.0	0.0	1.0	0.0	0.0
n69	4.90615992268048e-16	1.598643737597453e-08	2.8098287637008055e-09	2.759393941917155e-07	4.910454937096536e-09	6.070515776667164e-09	2.5891952099116998e-09	0.999999688098013	3.1055441962727966e-09	4.906159922680478e-10
KU312312	0.0	0.0	0.0	0.0	0.0	0.0	0.0	1.0	0.0	0.0
n91	1.677339696495271e-17	1.5098504433549336e-10	9.486203977872339e-11	1.9982138173441585e-10	1.6788080950576101e-10	2.0746543748942297e-10	8.85205532637331e-11	0.9999999989675177	1.0617372123456794e-10	1.6773396964952713e-11
n92	5.100289412354351e-17	4.591004510074525e-10	2.883901026355021e-10	6.075970193075099e-10	5.104754374136549e-10	6.308404770157205e-10	2.691645833757564e-10	0.9999999968605864	3.2284259855913796e-10	5.1002894123543504e-11
KY693677	0.0	0.0	1.0	0.0	0.0	0.0	0.0	0.0	0.0	0.0
KY765325	0.0	0.0	1.0	0.0	0.0	0.0	0.0	0.0	0.0	0.0
KY785418	0.0	0.0	1.0	0.0	0.0	0.0	0.0	0.0	0.0	0.0
KY014315	0.0	0.0	1.0	0.0	0.0	0.0	0.0	0.0	0.0	0.0
n111	2.786275932369796e-16	2.508054802453992e-09	0.9999999812979329	3.319287935074089e-09	2.7887151303342383e-09	3.4462675002895715e-09	1.4704396944408298e-09	3.1269927384850303e-09	1.7636814101767167e-09	2.786275932369796e-10
MF434516	0.0	0.0	1.0	0.0	0.0	0.0	0.0	0.0	0.0	0.0
MH063263	0.0	1.0	0.0	0.0	0.0	0.0	0.0	0.0	0.0	0.0
MH063259	0.0	1.0	0.0	0.0	0.0	0.0	0.0	0.0	0.0	0.0
KY785442	0.0	0.0	1.0	0.0	0.0	0.0	0.0	0.0	0.0	0.0
KY014319	0.0	0.0	1.0	0.0	0.0	0.0	0.0	0.0	0.0	0.0
n154	2.1842751620279993e-14	1.9661662889740726e-07	0.9999985338688864	2.6021249754811733e-07	2.1861873486377698e-07	2.701668618665712e-07	1.1527375535614644e-07	2.451376940511956e-07	1.3826216754860267e-07	2.184275162028e-08
n158	1.1610970135534808e-14	1.0451566936089449e-07	0.9999992206474315	1.383213795792541e-07	1.1621134762229095e-07	1.436128295224238e-07	6.127616859445867e-08	1.3030805340842021e-07	7.349613849889838e-08	1.1610970135534808e-08
KY328289	0.0	0.0	1.0	0.0	0.0	0.0	0.0	0.0	0.0	0.0
n141	1.0062639337722973e-14	9.05784334679061e-08	0.9999993245746286	1.1987612913950556e-07	1.00714485444604e-07	1.2446196061872396e-07	5.3104949661051185e-08	1.1293138548661662e-07	6.369537823255161e-08	1.0062639337722973e-08
KY120349	0.0	0.0	1.0	0.0	0.0	0.0	0.0	0.0	0.0	0.0
KX856011	0.0	0.0	1.0	0.0	0.0	0.0	0.0	0.0	0.0	0.0
KY648934	0.0	0.0	1.0	0.0	0.0	0.0	0.0	0.0	0.0	0.0
n381	5.428872099094864e-28	4.886776855751933e-21	3.0696413445566656e-21	6.4674102985412085e-21	5.433624713012063e-21	6.714819469565727e-21	2.8650532913162728e-21	6.092735983113879e-21	1.0	5.428872099094865e-22
n385	2.4989000481415494e-79	2.2493745841114042e-72	1.412950381529315e-72	2.97693731061933e-72	2.5010876677667137e-72	3.0908193063817473e-72	1.3187788691488998e-72	2.8044753981320454e-72	1.0	2.4989000481415492e-73
n435	1.4665882861840877e-26	1.320143404195542e-19	8.292514460717841e-20	1.7471452656562445e-19	1.467872186002041e-19	1.813981872873344e-19	7.73982794149483e-20	1.6459284839546862e-19	1.0	1.4665882861840878e-20
n440	4.423861807101774e-36	3.982120981556046e-29	2.5013794500608807e-29	5.270142469435471e-29	4.427734601820165e-29	5.471750457695971e-29	2.334665396312888e-29	4.964829070286259e-29	1.0	4.423861807101774e-30
n430	3.1517218038961967e-18	2.8370093982535617e-11	1.782074688662034e-11	3.754643263018409e-11	3.1544809252449635e-11	3.89827620639386e-11	1.663301467181659e-11	3.53712677197986e-11	0.9999999997905792	3.1517218038961964e-12
KY241684	0.0	0.0	0.0	0.0	0.0	0.0	0.0	0.0	1.0	0.0
KX280026	0.0	0.0	0.0	0.0	0.0	0.0	0.0	1.0	0.0	0.0
MH513599	0.0	0.0	0.0	0.0	0.0	0.0	0.0	1.0	0.0	0.0
n204	3.686846471830349e-13	0.0005289006033128708	2.084649915230039e-06	4.393408439851608e-06	8.811687895431822e-05	4.56015688313484e-06	1.945710163342485e-06	0.999367296174856	2.3337324595171495e-06	3.68684647183035e-07
n288	1.849830102053456e-14	1.760777707468477e-07	1.0459476215061008e-07	3.72589467040357e-06	1.866815962789667e-07	2.288002914404311e-07	9.76236265199137e-08	0.9999953447367924	1.1709217041551706e-07	1.8498301020534558e-08
KY559001	0.0	0.0	0.0	0.0	0.0	0.0	0.0	1.0	0.0	0.0
KY558995	0.0	0.0	0.0	0.0	0.0	0.0	0.0	1.0	0.0	0.0
n310	5.826121832070639e-15	2.888185047940019e-06	4.4862743912298565e-06	6.940653537144789e-08	5.831222211522757e-08	7.206318801034898e-08	3.074699352995735e-08	0.9999923523067966	3.687869765256237e-08	5.8261218320706405e-09
KY014303	0.0	1.0	0.0	0.0	0.0	0.0	0.0	0.0	0.0	0.0
n305	2.9822472946866996e-11	0.917876723098622	0.01026450174349336	0.0003552748437317052	0.0002984858052453423	0.014374731452807106	0.0001573862355052671	0.05645430140940423	0.00018877290842171556	2.9822472946866996e-05
KY317937	0.0	0.0	0.0	0.0	0.0	0.0	0.0	1.0	0.0	0.0
n304	1.4370548646550517e-13	2.0809465783259968e-06	8.211834712908688e-07	1.7119621279691563e-06	1.4383129099404945e-06	1.7894257097433872e-06	7.583967156766263e-07	0.9999903464272476	9.096396091827388e-07	1.4370548646550516e-07
MH763833	0.0	0.0	0.0	0.0	0.0	0.0	0.0	1.0	0.0	0.0
MH763832	0.0	0.0	0.0	0.0	0.0	0.0	0.0	1.0	0.0	0.0
KX520666	0.0	0.0	0.0	0.0	0.0	0.0	0.0	1.0	0.0	0.0
KU940224	0.0	0.0	0.0	0.0	0.0	0.0	0.0	1.0	0.0	0.0
KY559019	0.0	0.0	0.0	0.0	0.0	0.0	0.0	1.0	0.0	0.0
n60	0.0	0.0	0.0	0.0	0.0	0.0	0.0	1.0	0.0	0.0
n89	1.9657081106179987e-14	1.7694420104294895e-07	1.1114682900300076e-07	2.342165331189573e-07	1.9674289564130637e-07	2.431329173070448e-07	1.037390159372546e-07	0.9999987899933889	1.2442711837165004e-07	1.965708110617999e-08
n71	7.674771084729913e-16	3.178352755855466e-08	4.352550423669109e-09	1.0747252454273117e-07	7.681489832787117e-09	9.502266560785027e-09	4.050312432313607e-09	0.9999998295318068	4.858044004991053e-09	7.674771084729914e-10
n84	2.679151536990822e-11	0.01226302309317168	0.00015148697935122625	0.9711551438744914	0.0002681496954721903	0.0003313767312244635	0.000141390546487002	0.015493050250683822	0.00016958728695683128	2.6791515369908226e-05
KU365779	0.0	0.0	0.0	0.0	0.0	0.0	0.0	1.0	0.0	0.0
KU707826	0.0	0.0	0.0	0.0	0.0	0.0	0.0	1.0	0.0	0.0
KU365777	0.0	0.0	0.0	0.0	0.0	0.0	0.0	1.0	0.0	0.0
KU365780	0.0	0.0	0.0	0.0	0.0	0.0	0.0	1.0	0.0	0.0
n113	3.038308197379443e-14	2.7349206075550607e-07	0.9999979606240742	3.6195337387208214e-07	3.040968032711724e-07	3.757998100906451e-07	1.6034481457735066e-07	3.409844502516457e-07	1.923215006759229e-07	3.038308197379443e-08
KY785448	0.0	0.0	1.0	0.0	0.0	0.0	0.0	0.0	0.0	0.0
MF434522	0.0	0.0	1.0	0.0	0.0	0.0	0.0	0.0	0.0	0.0
MF434521	0.0	0.0	1.0	0.0	0.0	0.0	0.0	0.0	0.0	0.0
n155	9.96194416971876e-16	8.967203006125544e-09	0.9999999331333498	1.1867654853661686e-08	9.970665184625569e-09	1.2321649035847996e-08	5.25735372106488e-09	1.1180129978515527e-08	6.30579891145521e-09	9.961944169718763e-10
KY014312	0.0	0.0	1.0	0.0	0.0	0.0	0.0	0.0	0.0	0.0
KY785452	0.0	0.0	1.0	0.0	0.0	0.0	0.0	0.0	0.0	0.0
KX446950	0.0	0.0	1.0	0.0	0.0	0.0	0.0	0.0	0.0	0.0
KX446951	0.0	0.0	1.0	0.0	0.0	0.0	0.0	0.0	0.0	0.0
KY241695	0.0	0.0	0.0	0.0	0.0	0.0	0.0	0.0	1.0	0.0
KY241752	0.0	0.0	0.0	0.0	0.0	0.0	0.0	0.0	1.0	0.0
KY241772	0.0	0.0	0.0	0.0	0.0	0.0	0.0	0.0	1.0	0.0
KY241725	0.0	0.0	0.0	0.0	0.0	0.0	0.0	0.0	1.0	0.0
KY241737	0.0	0.0	0.0	0.0	0.0	0.0	0.0	0.0	1.0	0.0
KY241760	0.0	0.0	0.0	0.0	0.0	0.0	0.0	0.0	1.0	0.0
KY241785	0.0	0.0	0.0	0.0	0.0	0.0	0.0	0.0	1.0	0.0
KY241702	0.0	0.0	0.0	0.0	0.0	0.0	0.0	0.0	1.0	0.0
KY241709	0.0	0.0	0.0	0.0	0.0	0.0	0.0	0.0	1.0	0.0
KY241763	0.0	0.0	0.0	0.0	0.0	0.0	0.0	0.0	1.0	0.0
KY241762	0.0	0.0	0.0	0.0	0.0	0.0	0.0	0.0	1.0	0.0
KY241742	0.0	0.0	0.0	0.0	0.0	0.0	0.0	0.0	1.0	0.0
KY241757	0.0	0.0	0.0	0.0	0.0	0.0	0.0	0.0	1.0	0.0
KY241703	0.0	0.0	0.0	0.0	0.0	0.0	0.0	0.0	1.0	0.0
KY241784	0.0	0.0	0.0	0.0	0.0	0.0	0.0	0.0	1.0	0.0
KY241761	0.0	0.0	0.0	0.0	0.0	0.0	0.0	0.0	1.0	0.0
KY241746	0.0	0.0	0.0	0.0	0.0	0.0	0.0	0.0	1.0	0.0
KY241754	0.0	0.0	0.0	0.0	0.0	0.0	0.0	0.0	1.0	0.0
KY241753	0.0	0.0	0.0	0.0	0.0	0.0	0.0	0.0	1.0	0.0
KY241765	0.0	0.0	0.0	0.0	0.0	0.0	0.0	0.0	1.0	0.0
KY241733	0.0	0.0	0.0	0.0	0.0	0.0	0.0	0.0	1.0	0.0
KY241726	0.0	0.0	0.0	0.0	0.0	0.0	0.0	0.0	1.0	0.0
KY241720	0.0	0.0	0.0	0.0	0.0	0.0	0.0	0.0	1.0	0.0
KY241739	0.0	0.0	0.0	0.0	0.0	0.0	0.0	0.0	1.0	0.0
KY241705	0.0	0.0	0.0	0.0	0.0	0.0	0.0	0.0	1.0	0.0
KY241696	0.0	0.0	0.0	0.0	0.0	0.0	0.0	0.0	1.0	0.0
KY241764	0.0	0.0	0.0	0.0	0.0	0.0	0.0	0.0	1.0	0.0
KY241731	0.0	0.0	0.0	0.0	0.0	0.0	0.0	0.0	1.0	0.0
KY241750	0.0	0.0	0.0	0.0	0.0	0.0	0.0	0.0	1.0	0.0
KY241718	0.0	0.0	0.0	0.0	0.0	0.0	0.0	0.0	1.0	0.0
KY241710	0.0	0.0	0.0	0.0	0.0	0.0	0.0	0.0	1.0	0.0
n439	0.0	0.0	0.0	0.0	0.0	0.0	0.0	0.0	1.0	0.0
KY241728	0.0	0.0	0.0	0.0	0.0	0.0	0.0	0.0	1.0	0.0
KY241747	0.0	0.0	0.0	0.0	0.0	0.0	0.0	0.0	1.0	0.0
KY241715	0.0	0.0	0.0	0.0	0.0	0.0	0.0	0.0	1.0	0.0
KY241768	0.0	0.0	0.0	0.0	0.0	0.0	0.0	0.0	1.0	0.0
KY241723	0.0	0.0	0.0	0.0	0.0	0.0	0.0	0.0	1.0	0.0
n446	0.0	0.0	0.0	0.0	0.0	0.0	0.0	0.0	1.0	0.0
KY241689	0.0	0.0	0.0	0.0	0.0	0.0	0.0	0.0	1.0	0.0
KY241736	0.0	0.0	0.0	0.0	0.0	0.0	0.0	0.0	1.0	0.0
n431	1.995458983597582e-19	1.7962041837885167e-12	1.1282902388581627e-12	2.377188437168607e-12	1.997205874289338e-12	2.4681271890739275e-12	1.0530909964882147e-12	2.239471575360904e-12	0.999999999986741	1.9954589835975817e-13
KY241767	0.0	0.0	0.0	0.0	0.0	0.0	0.0	0.0	1.0	0.0
KY558989	0.0	0.0	0.0	0.0	0.0	0.0	0.0	1.0	0.0	0.0
n206	1.2416616473688033e-11	0.05085697829177812	7.020714181557546e-05	0.00014791948050759348	0.00015372409171314857	0.00015357764287272823	6.552791674882691e-05	0.9484610530162274	7.8595789446137e-05	1.2416616473688029e-05
MF098767	0.0	0.0	0.0	0.0	1.0	0.0	0.0	0.0	0.0	0.0
n289	2.4978496270685503e-11	0.00022484675660588613	0.0001412356443132069	0.012054689669205225	0.0002500042513837521	0.00030895200700498777	0.00013182245159982763	0.9867053596192039	0.00015811107943392873	2.49784962706855e-05
n290	5.90586123199808e-14	5.375818384597977e-07	3.339344902992137e-07	2.8906239895797466e-06	5.92061838696264e-07	7.304793935334372e-07	3.1167813225171373e-07	0.9999941707472548	3.7383439109346453e-07	5.9058612319980826e-08
n311	1.8755676536997645e-13	4.401181219418823e-06	0.00015052402344545234	2.2343620070126594e-06	1.8772095875620686e-06	2.3198384263197347e-06	9.8981909708552e-07	0.9998362787959785	1.1872132856366398e-06	1.8755676536997648e-07
n313	2.47257415540927e-18	1.799772179188014e-10	1.2683865547073897e-08	2.945575299014116e-11	2.4747387284785576e-11	3.0582660190437996e-11	1.3048855439346196e-11	0.9999999870201989	1.5651117043062316e-11	2.4725741554092695e-12
n306	2.4868733601996232e-11	0.9471627151724572	0.03390848706164009	0.00029626099284240623	0.0002489050451264997	0.003799482496676507	0.0001312431859817552	0.014270620992751186	0.00015741629405373846	2.4868733601996238e-05
n308	3.905669058657424e-11	0.9263726856727275	0.006727785776332806	0.0004652819928630517	0.0003909088210331165	0.02894265924482091	0.00020611924147493252	0.03660827805087051	0.0002472244702339219	3.905669058657424e-05
KY693678	0.0	0.0	0.0	0.0	0.0	0.0	0.0	1.0	0.0	0.0
KY693679	0.0	0.0	0.0	0.0	0.0	0.0	0.0	1.0	0.0	0.0
n61	0.0	0.0	0.0	0.0	0.0	0.0	0.0	1.0	0.0	0.0
KY559018	0.0	0.0	0.0	0.0	0.0	0.0	0.0	1.0	0.0	0.0
KY785450	0.0	0.0	0.0	0.0	0.0	0.0	0.0	1.0	0.0	0.0
KY014297	0.0	0.0	0.0	0.0	0.0	0.0	0.0	1.0	0.0	0.0
n72	1.3441832076356308e-13	1.2100426273032412e-06	7.600401161395292e-07	1.601646967019105e-06	1.3453599500055494e-06	1.6625824994322412e-06	7.093842796205529e-07	0.9999917256722133	8.508528920760278e-07	1.3441832076356307e-07
n74	2.868079377539549e-14	1.8953489857847956e-05	1.6217002874835694e-07	3.4562796344365196e-07	2.8705901889413504e-07	3.6362715584405323e-07	1.5136109509277322e-07	0.9999795264378505	1.815462073340108e-07	2.8680793775395497e-08
n85	2.6382694681412694e-11	0.015425376240191139	0.00014917538878503672	0.9713644604012657	0.0002640579096359201	0.0003263201429081268	0.0001392330208762447	0.012137994677415649	0.00016699949785806118	2.6382694681412704e-05
KU820898	0.0	0.0	0.0	1.0	0.0	0.0	0.0	0.0	0.0	0.0
KY785414	0.0	0.0	1.0	0.0	0.0	0.0	0.0	0.0	0.0	0.0
KY693676	0.0	0.0	1.0	0.0	0.0	0.0	0.0	0.0	0.0	0.0
KY765317	0.0	0.0	1.0	0.0	0.0	0.0	0.0	0.0	0.0	0.0
KY765318	0.0	0.0	1.0	0.0	0.0	0.0	0.0	0.0	0.0	0.0
KY241713	0.0	0.0	0.0	0.0	0.0	0.0	0.0	0.0	1.0	0.0
KX813683	0.0	0.0	0.0	0.0	0.0	0.0	0.0	0.0	1.0	0.0
KY241759	0.0	0.0	0.0	0.0	0.0	0.0	0.0	0.0	1.0	0.0
KY241692	0.0	0.0	0.0	0.0	0.0	0.0	0.0	0.0	1.0	0.0
KY241693	0.0	0.0	0.0	0.0	0.0	0.0	0.0	0.0	1.0	0.0
KY241775	0.0	0.0	0.0	0.0	0.0	0.0	0.0	0.0	1.0	0.0
n451	2.354755493472381e-19	2.119623457029703e-12	1.3314468801521213e-12	2.8052180362784502e-12	2.356816924194196e-12	2.9125309539474013e-12	1.2427074820832375e-12	2.642704279017047e-12	0.9999999999843534	2.354755493472381e-13
KY241774	0.0	0.0	0.0	0.0	0.0	0.0	0.0	0.0	1.0	0.0
n432	1.1686230647079373e-20	1.0519312375520476e-13	6.607732895803703e-14	1.392179573555438e-13	1.169646115931085e-13	1.4454370565835846e-13	6.167335123639793e-14	1.311526900445855e-13	0.9999999999992235	1.1686230647079374e-14
KY241677	0.0	0.0	0.0	0.0	0.0	0.0	0.0	0.0	1.0	0.0
n207	0.0	1.0	0.0	0.0	0.0	0.0	0.0	0.0	0.0	0.0
KY559026	0.0	0.0	0.0	0.0	0.0	0.0	0.0	1.0	0.0	0.0
KU729217	0.0	0.0	0.0	0.0	0.0	0.0	0.0	1.0	0.0	0.0
KY120352	0.0	0.0	0.0	1.0	0.0	0.0	0.0	0.0	0.0	0.0
KY785426	0.0	0.0	0.0	0.0	0.0	0.0	0.0	1.0	0.0	0.0
MF073358	0.0	0.0	0.0	0.0	0.0	0.0	0.0	1.0	0.0	0.0
n312	2.4525249881151883e-14	2.3023031999337304e-07	6.602611040733412e-07	2.92169074460427e-07	2.4546720094813273e-07	3.033459347579553e-07	1.2943047213078282e-07	0.9999979593285385	1.5524208063103458e-07	2.4525249881151877e-08
KX198135	0.0	0.0	1.0	0.0	0.0	0.0	0.0	0.0	0.0	0.0
n316	1.2890957094951915e-14	1.1606484619238897e-07	2.0034411819177868e-05	1.5356985236002345e-07	1.2902242264500428e-07	1.5944462884831616e-07	6.803121970633014e-08	0.9999792449659287	8.159831236964108e-08	1.2890957094951923e-08
n315	2.336088229092492e-14	2.10293197047851e-07	1.3298708637946718e-07	2.78297974152912e-07	2.3381333178746055e-07	2.889441938828289e-07	1.2328559500752557e-07	0.9999985611459516	1.4787176439767814e-07	2.3360882290924916e-08
KY785469	0.0	0.0	0.0	0.0	0.0	0.0	0.0	1.0	0.0	0.0
KU647676	0.0	1.0	0.0	0.0	0.0	0.0	0.0	0.0	0.0	0.0
n307	1.7672161568344988e-14	2.2882419274175683e-05	0.9999756709205626	2.1052829692498045e-07	1.7687632362182754e-07	3.02375561074938e-07	9.326372723811522e-08	5.34081274759456e-07	1.118628003552407e-07	1.7672161568344985e-08
KY075932	0.0	0.0	0.0	0.0	0.0	1.0	0.0	0.0	0.0	0.0
KY785451	0.0	1.0	0.0	0.0	0.0	0.0	0.0	0.0	0.0	0.0
KY559024	0.0	0.0	0.0	0.0	0.0	0.0	0.0	1.0	0.0	0.0
KY559023	0.0	0.0	0.0	0.0	0.0	0.0	0.0	1.0	0.0	0.0
n73	3.987655649918223e-14	3.589484557794305e-07	2.2547358758183583e-07	4.7505408852644825e-07	3.9911465753614574e-07	4.932219314405651e-07	2.1044603254401513e-07	0.9999975454505207	2.5241412949238027e-07	3.987655649918223e-08
MF073357	0.0	0.0	0.0	0.0	0.0	0.0	0.0	1.0	0.0	0.0
n75	8.22469473234056e-15	1.3834043006371705e-07	4.650480525793707e-08	9.799431241432882e-08	8.231894901719418e-08	1.0175949282458676e-07	4.3405311974273086e-08	0.9999994293906004	5.206139505167361e-08	8.224694732340563e-09
KU365778	0.0	0.0	0.0	0.0	0.0	0.0	0.0	1.0	0.0	0.0
n78	2.797621584639792e-12	0.8986304761488465	1.5818561805209243e-05	3.332804802350809e-05	2.8000707149629082e-05	0.00046162800962377715	1.4764272914563686e-05	0.10079547799644645	1.77086308079392e-05	2.797621584639791e-06
KX766028	0.0	1.0	0.0	0.0	0.0	0.0	0.0	0.0	0.0	0.0
n86	0.0	0.0	0.0	1.0	0.0	0.0	0.0	0.0	0.0	0.0
n452	0.0	0.0	0.0	0.0	0.0	0.0	0.0	0.0	1.0	0.0
KY241690	0.0	0.0	0.0	0.0	0.0	0.0	0.0	0.0	1.0	0.0
KY241675	0.0	0.0	0.0	0.0	0.0	0.0	0.0	0.0	1.0	0.0
KY241681	0.0	0.0	0.0	0.0	0.0	0.0	0.0	0.0	1.0	0.0
KY014302	0.0	1.0	0.0	0.0	0.0	0.0	0.0	0.0	0.0	0.0
KY785476	0.0	1.0	0.0	0.0	0.0	0.0	0.0	0.0	0.0	0.0
n210	9.913919768796159e-14	0.9999293793159243	5.60561705146603e-07	3.694927577791947e-05	2.9522118184394288e-05	1.2262249002757682e-06	5.232009143882866e-07	1.112623296450825e-06	6.275400004384282e-07	9.913919768796159e-08
n286	2.6206053828704763e-11	0.025851949179141787	0.00014817660987755015	0.0003121924763048813	0.9651900211220319	0.007873166007606113	0.00013830080982541493	0.00029410633410241764	0.0001658813810750842	2.6206053828704765e-05
n219	1.3611518274804596e-12	0.9999131926520667	7.69634621996253e-06	1.621538910152815e-05	1.3623434247405576e-05	1.6835704775075875e-05	7.183393626006117e-06	1.5275988393895106e-05	8.61593838092536e-06	1.3611518274804596e-06
MF438286	0.0	1.0	0.0	0.0	0.0	0.0	0.0	0.0	0.0	0.0
n277	2.310744701093556e-14	0.9999917986297773	1.3065619048889786e-07	2.7527880201199876e-07	6.958971415036345e-06	2.858095240572312e-07	1.2194810617040555e-07	2.5933116734302386e-07	1.462675475044145e-07	2.3107447010935563e-08
n222	2.5527947002012362e-15	0.9996211631173352	1.4434239770005537e-08	3.041141959652272e-08	5.723869255404717e-07	0.0003781588165590574	1.3472214346485915e-08	2.8649605007293624e-08	1.6158904092866484e-08	2.552794700201238e-09
MF098766	0.0	0.0	0.0	0.0	1.0	0.0	0.0	0.0	0.0	0.0
MH063261	0.0	1.0	0.0	0.0	0.0	0.0	0.0	0.0	0.0	0.0
MF384325	0.0	1.0	0.0	0.0	0.0	0.0	0.0	0.0	0.0	0.0
MF783072	0.0	1.0	0.0	0.0	0.0	0.0	0.0	0.0	0.0	0.0
n272	0.0	1.0	0.0	0.0	0.0	0.0	0.0	0.0	0.0	0.0
KY415990	0.0	1.0	0.0	0.0	0.0	0.0	0.0	0.0	0.0	0.0
KY415986	0.0	1.0	0.0	0.0	0.0	0.0	0.0	0.0	0.0	0.0
KY415987	0.0	1.0	0.0	0.0	0.0	0.0	0.0	0.0	0.0	0.0
n276	0.0	1.0	0.0	0.0	0.0	0.0	0.0	0.0	0.0	0.0
KY317936	0.0	0.0	0.0	0.0	0.0	0.0	0.0	1.0	0.0	0.0
KY317939	0.0	0.0	0.0	0.0	0.0	0.0	0.0	1.0	0.0	0.0
KY785466	0.0	0.0	0.0	0.0	0.0	0.0	0.0	1.0	0.0	0.0
n318	3.501148788283982e-17	3.151545786750646e-10	2.800591996103523e-10	4.170915305565616e-10	3.504213809554267e-10	4.330472632305833e-10	1.847709372437312e-10	0.9999999977628246	2.2161879088936047e-10	3.501148788283982e-11
n321	1.1988671063261082e-13	1.0791552921138715e-06	0.9998063871056277	1.4282092722958965e-06	1.1999166341820597e-06	1.4828450624804125e-06	6.326946161437671e-07	0.0001869113172345366	7.588694300285415e-07	1.1988671063261082e-07
KY317940	0.0	0.0	0.0	0.0	0.0	0.0	0.0	1.0	0.0	0.0
KY317938	0.0	0.0	0.0	0.0	0.0	0.0	0.0	1.0	0.0	0.0
KU922960	0.0	0.0	1.0	0.0	0.0	0.0	0.0	0.0	0.0	0.0
KU922923	0.0	0.0	1.0	0.0	0.0	0.0	0.0	0.0	0.0	0.0
KY441403	0.0	0.0	0.0	0.0	0.0	0.0	0.0	1.0	0.0	0.0
KY441402	0.0	0.0	0.0	0.0	0.0	0.0	0.0	1.0	0.0	0.0
KU758877	0.0	0.0	0.0	0.0	0.0	0.0	0.0	1.0	0.0	0.0
KY348640	0.0	0.0	0.0	0.0	0.0	0.0	0.0	1.0	0.0	0.0
KU937936	0.0	0.0	0.0	0.0	0.0	0.0	0.0	1.0	0.0	0.0
KY785456	0.0	0.0	0.0	0.0	0.0	0.0	0.0	1.0	0.0	0.0
n80	5.450829663045106e-13	0.9940509319518119	3.0820567864812276e-06	6.493568511712343e-06	5.455601499338908e-06	0.0035648194644628747	2.876641258340845e-06	0.002362345318125949	3.450314032098009e-06	5.450829663045105e-07
KY785481	0.0	1.0	0.0	0.0	0.0	0.0	0.0	0.0	0.0	0.0
KX056898	0.0	0.0	0.0	1.0	0.0	0.0	0.0	0.0	0.0	0.0
n87	0.0	0.0	0.0	1.0	0.0	0.0	0.0	0.0	0.0	0.0
KY241694	0.0	0.0	0.0	0.0	0.0	0.0	0.0	0.0	1.0	0.0
KY241686	0.0	0.0	0.0	0.0	0.0	0.0	0.0	0.0	1.0	0.0
n211	3.7803016913767074e-15	0.9999995376627474	2.1374919421443273e-08	1.6811267746499918e-07	1.3600694984311694e-07	4.675749020191644e-08	1.9950305708718176e-08	4.242571886325564e-08	2.392888565157306e-08	3.780301691376707e-09
n214	1.0740201153752538e-11	0.9898849679523934	6.0728204512150364e-05	0.005373782794775959	0.004291737742713084	0.0001328425324779596	5.668073976192572e-05	0.00012053555294894383	6.798426852261177e-05	1.0740201153752535e-05
KX269878	0.0	0.0	0.0	0.0	1.0	0.0	0.0	0.0	0.0	0.0
n287	2.6484924890663184e-11	0.013716069970133832	0.00014975342754052422	0.0003155146646805767	0.9703593410390035	0.014828180749989046	0.0001397725344108036	0.00029723605925126854	0.00016764660361495655	2.648492489066318e-05
MH063260	0.0	1.0	0.0	0.0	0.0	0.0	0.0	0.0	0.0	0.0
MH063264	0.0	1.0	0.0	0.0	0.0	0.0	0.0	0.0	0.0	0.0
n278	2.6230430772982525e-12	0.9988782093089362	1.4831444417285701e-05	3.124828786160636e-05	0.0009807597242838804	3.244368333504947e-05	1.3842945762400074e-05	2.9437991263373776e-05	1.6603568439788194e-05	2.6230430772982534e-06
n282	6.1803785099515315e-15	0.9999995572683161	3.494564810675831e-08	7.362679189072726e-08	1.1043643343078508e-07	7.644336648643342e-08	3.2616560987814103e-08	6.936139560761359e-08	3.9121102684852505e-08	6.180378509951534e-09
n240	1.9809349519702906e-11	0.9730791191236816	0.00011200779311892794	0.0002359885971756252	0.010530787914537954	0.015570036490054917	0.00010454260296484375	0.00022231714878841264	0.00012539096034856097	1.9809349519702903e-05
n238	1.8055348254821424e-13	0.9999703449951896	1.0209016252677868e-06	2.1509319636844827e-06	1.8333114270284162e-06	2.0347240388021148e-05	9.528597100668907e-07	2.0263227424006518e-06	1.1428832909672077e-06	1.805534825482143e-07
n225	1.8012628377464428e-15	1.022952905715122e-05	1.0184861198114826e-08	2.1458427486555058e-08	1.8033984358726364e-08	0.999989677869278	9.50605195261749e-09	2.0215283591619936e-08	1.1401791706514757e-08	1.8012628377464425e-09
KY785424	0.0	1.0	0.0	0.0	0.0	0.0	0.0	0.0	0.0	0.0
KY415988	0.0	1.0	0.0	0.0	0.0	0.0	0.0	0.0	0.0	0.0
KX673530	0.0	0.0	0.0	0.0	1.0	0.0	0.0	0.0	0.0	0.0
KY415991	0.0	1.0	0.0	0.0	0.0	0.0	0.0	0.0	0.0	0.0
KY415989	0.0	1.0	0.0	0.0	0.0	0.0	0.0	0.0	0.0	0.0
KU820897	0.0	0.0	0.0	0.0	0.0	0.0	0.0	1.0	0.0	0.0
KX247646	0.0	0.0	0.0	0.0	0.0	0.0	0.0	1.0	0.0	0.0
n320	0.0	0.0	0.0	0.0	0.0	0.0	0.0	1.0	0.0	0.0
n322	1.8629085482139937e-15	1.6768894618293697e-08	0.9999975380219469	2.2192812263837242e-08	1.8645393998773042e-08	2.3041792772486503e-08	9.83138333351341e-09	2.357842863738195e-06	1.1792002138674943e-08	1.8629085482139935e-09
KX156775	0.0	0.0	1.0	0.0	0.0	0.0	0.0	0.0	0.0	0.0
n82	7.52741077944861e-13	0.9957521971910708	4.256215826107062e-06	8.967397513030926e-06	7.534000523428183e-06	0.0038305321601012823	3.9725439529777325e-06	0.0003870229825968724	4.764766584760261e-06	7.527410779448609e-07
KX377337	0.0	1.0	0.0	0.0	0.0	0.0	0.0	0.0	0.0	0.0
KY075933	0.0	0.0	0.0	0.0	0.0	1.0	0.0	0.0	0.0	0.0
KY379148	0.0	0.0	0.0	1.0	0.0	0.0	0.0	0.0	0.0	0.0
KU955590	0.0	0.0	0.0	1.0	0.0	0.0	0.0	0.0	0.0	0.0
MF167360	0.0	0.0	0.0	1.0	0.0	0.0	0.0	0.0	0.0	0.0
KY785423	0.0	1.0	0.0	0.0	0.0	0.0	0.0	0.0	0.0	0.0
n212	1.5491312553113375e-15	0.9999998940250402	8.759236288218101e-09	2.2448508097961885e-08	1.8690391389768517e-08	1.9160769537767667e-08	8.175443297790431e-09	1.7385651327787585e-08	9.805827072527404e-09	1.5491312553113379e-09
LC190723	0.0	0.0	0.0	1.0	0.0	0.0	0.0	0.0	0.0	0.0
n215	1.9560750839642465e-11	0.9775523268090714	0.00011060214426114223	0.002325153099386478	0.019303840578646116	0.00024194143494236006	0.00010323063898130693	0.0002195271657206381	0.0001238173585903024	1.956075083964246e-05
KU853012	0.0	0.0	0.0	0.0	1.0	0.0	0.0	0.0	0.0	0.0
KX922707	0.0	0.0	0.0	0.0	0.0	1.0	0.0	0.0	0.0	0.0
n279	1.289040495561881e-13	0.9999858444858742	7.288607887159987e-07	1.5356327472926703e-06	7.2248377339329545e-06	1.5943779957720314e-06	6.802830582553739e-07	1.4466694494995102e-06	8.159481738959865e-07	1.289040495561881e-07
n280	0.0	0.0	0.0	0.0	1.0	0.0	0.0	0.0	0.0	0.0
n283	1.2042178235694426e-15	0.9999999230860299	6.808995960131593e-09	1.4345835767872276e-08	1.2167795946771837e-08	1.4894632144032878e-08	6.3551842369883436e-09	1.3514743267559925e-08	7.622563740219726e-09	1.2042178235694428e-09
n285	7.454946150661332e-14	0.9999952452404094	4.215242228552218e-07	8.881070437797901e-07	7.465209459006754e-07	9.220813576612142e-07	3.934301198420001e-07	8.366566357657141e-07	4.7188972876089255e-07	7.45494615066133e-08
n241	1.5572614529708936e-11	0.9656704550478576	8.805206777888232e-05	0.00018551641251862206	0.004382157207938713	0.029302721279306762	8.218349907374118e-05	0.0001747689523062049	9.857290311708545e-05	1.5572614529708936e-05
MF098765	0.0	0.0	0.0	0.0	1.0	0.0	0.0	0.0	0.0	0.0
KY785430	0.0	1.0	0.0	0.0	0.0	0.0	0.0	0.0	0.0	0.0
n239	5.1896185784498836e-14	0.9999966270826985	2.934360482271289e-07	6.182387801208922e-07	5.195075012115398e-07	7.050402655559999e-07	2.7387887423877404e-07	5.824225598689204e-07	3.284970345681114e-07	5.189618578449883e-08
KY325471	0.0	0.0	0.0	0.0	0.0	1.0	0.0	0.0	0.0	0.0
n237	1.9347626224802716e-13	1.7695549656131387e-06	1.0939707603092204e-06	2.3048809184411875e-06	1.9364563928828533e-06	0.9999882845655745	1.0210588715797897e-06	2.1713530239061436e-06	1.2246830368559223e-06	1.9347626224802718e-07
n228	7.56710584332551e-14	7.052495333989369e-07	4.278660563615247e-07	9.014686175685421e-07	7.573730469510366e-07	0.9999954047888847	3.993492774636006e-07	8.492441379738425e-07	4.789893114915485e-07	7.56710584332551e-08
n236	1.5864900849773234e-13	1.4514320650141295e-06	8.970473919228193e-07	1.8899841673975983e-06	1.5878789635682449e-06	0.9999903930252517	8.372602184462492e-07	1.780492347426332e-06	1.0042304273591322e-06	1.5864900849773237e-07
KY325482	0.0	0.0	0.0	0.0	0.0	1.0	0.0	0.0	0.0	0.0
KX702400	0.0	0.0	0.0	0.0	0.0	0.0	0.0	1.0	0.0	0.0
KX893855	0.0	0.0	0.0	0.0	0.0	0.0	0.0	1.0	0.0	0.0
KX156774	0.0	0.0	1.0	0.0	0.0	0.0	0.0	0.0	0.0	0.0
KX156776	0.0	0.0	1.0	0.0	0.0	0.0	0.0	0.0	0.0	0.0
n83	9.97687496325034e-14	0.999655974892563	5.641213739735919e-07	1.1885441918386573e-06	9.98560904906688e-07	0.00030845905503583366	5.265233353955247e-07	3.155700875205914e-05	6.315249936274721e-07	9.97687496325034e-08
KY075934	0.0	0.0	0.0	0.0	0.0	1.0	0.0	0.0	0.0	0.0
n213	2.5007027416913702e-14	0.9999984036420035	1.4139696766151245e-07	2.987634116483399e-07	2.509711095164324e-07	3.093049007418178e-07	1.3197302293935092e-07	2.806498532156395e-07	1.5829167838907563e-07	2.5007027416913695e-08
KY785419	0.0	1.0	0.0	0.0	0.0	0.0	0.0	0.0	0.0	0.0
MF098764	0.0	0.0	0.0	0.0	1.0	0.0	0.0	0.0	0.0	0.0
KY785413	0.0	1.0	0.0	0.0	0.0	0.0	0.0	0.0	0.0	0.0
KY785484	0.0	1.0	0.0	0.0	0.0	0.0	0.0	0.0	0.0	0.0
KY785435	0.0	1.0	0.0	0.0	0.0	0.0	0.0	0.0	0.0	0.0
MF664436	0.0	0.0	0.0	0.0	1.0	0.0	0.0	0.0	0.0	0.0
MF098768	0.0	0.0	0.0	0.0	1.0	0.0	0.0	0.0	0.0	0.0
MF098769	0.0	0.0	0.0	0.0	1.0	0.0	0.0	0.0	0.0	0.0
KY785415	0.0	1.0	0.0	0.0	0.0	0.0	0.0	0.0	0.0	0.0
KY785470	0.0	1.0	0.0	0.0	0.0	0.0	0.0	0.0	0.0	0.0
KY014314	0.0	1.0	0.0	0.0	0.0	0.0	0.0	0.0	0.0	0.0
KY785420	0.0	1.0	0.0	0.0	0.0	0.0	0.0	0.0	0.0	0.0
KY014318	0.0	1.0	0.0	0.0	0.0	0.0	0.0	0.0	0.0	0.0
n242	1.7348660728290063e-31	3.10867002669555e-22	9.809434680386854e-25	2.0667443441658435e-24	3.0902684810007026e-24	1.0	9.155647179052886e-25	1.9470123360561504e-24	1.0981507632635698e-24	1.7348660728290066e-25
KY785425	0.0	1.0	0.0	0.0	0.0	0.0	0.0	0.0	0.0	0.0
KY785453	0.0	1.0	0.0	0.0	0.0	0.0	0.0	0.0	0.0	0.0
KY014300	0.0	1.0	0.0	0.0	0.0	0.0	0.0	0.0	0.0	0.0
KY325464	0.0	0.0	0.0	0.0	0.0	1.0	0.0	0.0	0.0	0.0
KY325476	0.0	0.0	0.0	0.0	0.0	1.0	0.0	0.0	0.0	0.0
n229	3.6042673874587154e-14	3.246386039414097e-07	2.037957053956961e-07	4.2937603971611625e-07	3.6074226832608885e-07	0.9999978225444921	1.902129568118612e-07	4.045011413695831e-07	2.2814608254396905e-07	3.604267387458715e-08
n230	1.3626640470749888e-14	1.227514637064632e-07	7.704896747041975e-08	1.623340415953798e-07	1.3638569686843593e-07	0.9999991767547299	7.191374270323048e-08	1.5292959791580993e-07	8.625510561325697e-08	1.3626640470749884e-08
KY075937	0.0	0.0	0.0	0.0	0.0	1.0	0.0	0.0	0.0	0.0
KY785422	0.0	0.0	0.0	0.0	0.0	1.0	0.0	0.0	0.0	0.0
KY785464	0.0	1.0	0.0	0.0	0.0	0.0	0.0	0.0	0.0	0.0
KY785462	0.0	1.0	0.0	0.0	0.0	0.0	0.0	0.0	0.0	0.0
KY785465	0.0	1.0	0.0	0.0	0.0	0.0	0.0	0.0	0.0	0.0
KY785441	0.0	1.0	0.0	0.0	0.0	0.0	0.0	0.0	0.0	0.0
KY785443	0.0	0.0	0.0	0.0	0.0	1.0	0.0	0.0	0.0	0.0
n244	1.894526318313241e-15	1.7053500609251123e-08	1.0712199898786798e-08	2.256947446590105e-08	1.896184849216634e-08	0.9999998855561004	9.998244137439946e-09	2.126196465830875e-08	1.199213907668401e-08	1.8945263183132412e-09
n255	2.915691717043034e-14	2.6245478878990516e-07	1.6486164490979506e-07	3.4734608393738683e-07	2.918244209859174e-07	0.9999982386988939	1.5387380652733572e-07	3.2722339955396996e-07	1.8456001501550264e-07	2.9156917170430342e-08
KY325472	0.0	0.0	0.0	0.0	0.0	1.0	0.0	0.0	0.0	0.0
KX842449	0.0	0.0	0.0	0.0	0.0	1.0	0.0	0.0	0.0	0.0
KY075936	0.0	0.0	0.0	0.0	0.0	1.0	0.0	0.0	0.0	0.0
n264	4.7722984644165277e-17	4.29576480325249e-10	2.698395616536937e-10	5.685234736258708e-10	4.776476292091413e-10	0.9999999971171663	2.518550662650497e-10	5.355873935795519e-10	3.0208113947808514e-10	4.7722984644165275e-11
KY325483	0.0	0.0	0.0	0.0	0.0	1.0	0.0	0.0	0.0	0.0
n262	3.141943607678989e-14	2.8282075952099386e-07	1.7765458136331795e-07	3.742994506930221e-07	3.144694168871875e-07	0.9999981020254237	1.6581410852931412e-07	3.526152859377929e-07	1.9888150589499992e-07	3.141943607678989e-08
KX922704	0.0	0.0	0.0	0.0	0.0	1.0	0.0	0.0	0.0	0.0
KX922706	0.0	0.0	0.0	0.0	0.0	1.0	0.0	0.0	0.0	0.0
KY325478	0.0	0.0	0.0	0.0	0.0	1.0	0.0	0.0	0.0	0.0
KX922705	0.0	0.0	0.0	0.0	0.0	1.0	0.0	0.0	0.0	0.0
KY014298	0.0	0.0	0.0	0.0	0.0	1.0	0.0	0.0	0.0	0.0
n231	2.4402143450667434e-15	2.196589568298128e-08	1.3797677872068525e-08	2.9070250869538628e-08	2.442350589311667e-08	0.9999998525919574	1.2878078564452269e-08	2.7386133759123984e-08	1.5446283073551562e-08	2.4402143450667436e-09
KY325473	0.0	0.0	0.0	0.0	0.0	1.0	0.0	0.0	0.0	0.0
n245	3.5403596796005546e-16	3.1868401810744163e-09	2.0018217870550264e-09	4.217627204038609e-09	3.5434590273799895e-09	0.999999978613516	1.868402675055497e-09	3.97328881935977e-09	2.241007963249341e-09	3.540359679600555e-10
KY014326	0.0	0.0	0.0	0.0	0.0	1.0	0.0	0.0	0.0	0.0
KY325467	0.0	0.0	0.0	0.0	0.0	1.0	0.0	0.0	0.0	0.0
KX832731	0.0	0.0	0.0	0.0	0.0	1.0	0.0	0.0	0.0	0.0
KX838904	0.0	0.0	0.0	0.0	0.0	1.0	0.0	0.0	0.0	0.0
KY014324	0.0	0.0	0.0	0.0	0.0	1.0	0.0	0.0	0.0	0.0
n263	4.248278248677134e-15	3.8240701647568896e-08	2.4020994264157262e-08	5.060969939067818e-08	4.251997331750055e-08	0.9999997433714569	2.242002271674271e-08	4.7677744620859046e-08	2.6891124764076442e-08	4.2482782486771335e-09
KY325477	0.0	0.0	0.0	0.0	0.0	1.0	0.0	0.0	0.0	0.0
n232	1.837648573829685e-15	1.6541521105593228e-08	1.0390596676487706e-08	2.189189042318235e-08	1.839257312077414e-08	0.9999998889919486	9.698075398776113e-09	2.0623634865070308e-08	1.1632109334356553e-08	1.8376485738296847e-09
KX838906	0.0	0.0	0.0	0.0	0.0	1.0	0.0	0.0	0.0	0.0
n246	1.660817560065042e-16	1.4949780849516426e-09	9.390742966649309e-10	1.978530419560552e-09	1.662271494603527e-09	0.9999999899673903	8.764860784864592e-10	1.863908879209508e-09	1.0512788853221908e-09	1.660817560065042e-10
n253	2.7707898227476667e-15	2.4941150446726887e-08	1.5666847259859254e-08	3.300839347038427e-08	2.7732154636603377e-08	0.9999998326230735	1.4622669969573209e-08	3.109612926323142e-08	1.7538788765011376e-08	2.770789822747666e-09
KY785472	0.0	0.0	0.0	0.0	0.0	1.0	0.0	0.0	0.0	0.0
KY075938	0.0	0.0	0.0	0.0	0.0	1.0	0.0	0.0	0.0	0.0
n233	8.520261525983965e-16	7.669478315515458e-09	4.8176023618158965e-09	1.0150179656765246e-08	8.527720444294697e-09	0.9999999485310949	4.496514723926858e-09	9.562152697161224e-09	5.393229970027041e-09	8.520261525983963e-10
n234	6.830223283798755e-16	6.148197354141953e-09	3.862005846112657e-09	8.13683866568545e-09	6.8362026868209e-09	0.9999999587402202	3.6046076132343076e-09	7.66544991561713e-09	4.323454720705399e-09	6.830223283798755e-10
n247	3.991582264945173e-17	3.5930063324601265e-10	2.2569560908826146e-10	4.755168251630927e-10	3.9950766278768735e-10	0.9999999975887787	2.1065325719586446e-10	4.479688681419732e-10	2.526626798189109e-10	3.991582264945171e-11
n251	5.874475775827563e-16	5.287885169697731e-09	3.321598554897504e-09	6.998257545513444e-09	5.8796184859188725e-09	0.9999999645136671	3.1002178443471883e-09	6.592829834263883e-09	3.7184772692446458e-09	5.874475775827563e-10
KY785412	0.0	0.0	0.0	0.0	0.0	1.0	0.0	0.0	0.0	0.0
KY075935	0.0	0.0	0.0	0.0	0.0	1.0	0.0	0.0	0.0	0.0
KY014299	0.0	0.0	0.0	0.0	0.0	1.0	0.0	0.0	0.0	0.0
KX922708	0.0	0.0	0.0	0.0	0.0	1.0	0.0	0.0	0.0	0.0
KY785459	0.0	0.0	0.0	0.0	0.0	1.0	0.0	0.0	0.0	0.0
MF988743	0.0	0.0	0.0	0.0	0.0	1.0	0.0	0.0	0.0	0.0
n248	1.4584558169699016e-15	1.3128229955341141e-08	8.24653112702066e-09	1.737457062621002e-08	1.4597325973557401e-08	0.9999999118980984	7.696909343923676e-09	1.6368015443421106e-08	9.231861719331398e-09	1.4584558169699017e-09
n250	2.158347692717921e-16	1.942827784282862e-09	1.2203922274389255e-09	2.5712376053294498e-09	2.1602371815648353e-09	0.999999986961927	1.1390544938160105e-09	2.4222789580336196e-09	1.366209878253791e-09	2.1583476927179214e-10
KX838905	0.0	0.0	0.0	0.0	0.0	1.0	0.0	0.0	0.0	0.0
n252	1.1305525345234992e-15	1.0176622066381425e-08	6.392471104164095e-09	1.3468261862419275e-08	1.1315422575472918e-08	0.9999999317059681	5.966420282000283e-09	1.2688009557344988e-08	7.156270723952943e-09	1.130552534523499e-09
n249	0.0	0.0	0.0	0.0	0.0	1.0	0.0	0.0	0.0	0.0
KY325468	0.0	0.0	0.0	0.0	0.0	1.0	0.0	0.0	0.0	0.0
KX922703	0.0	0.0	0.0	0.0	0.0	1.0	0.0	0.0	0.0	0.0
KY785445	0.0	0.0	0.0	0.0	0.0	1.0	0.0	0.0	0.0	0.0
KY785474	0.0	0.0	0.0	0.0	0.0	1.0	0.0	0.0	0.0	0.0
KY325469	0.0	0.0	0.0	0.0	0.0	1.0	0.0	0.0	0.0	0.0
KY785468	0.0	0.0	0.0	0.0	0.0	1.0	0.0	0.0	0.0	0.0
KY075939	0.0	0.0	0.0	0.0	0.0	1.0	0.0	0.0	0.0	0.0
