node	human	monkey	mosquito
root	0.3375123958169352	0.10392413497858083	0.558563469204484
n0	0.0015100704739082012	0.0007457283779320998	0.9977442011481596
n1	0.99231105552522	0.002535563430704526	0.00515338104407532
HQ234499	0.0	0.0	1.0
KX377336	0.0	0.0	1.0
n2	0.9994748634381033	0.00018349638579448095	0.0003416401761021031
n465	0.9948413679092497	0.0024200229945012686	0.002738609096248978
n3	0.9982400426546365	0.0008404814749914089	0.000919475870371976
n5	0.9999575657249163	1.8949235058095873e-05	2.348504002559998e-05
KU681082	1.0	0.0	0.0
n466	0.9999167654504597	4.136378014813548e-05	4.187076939218075e-05
n4	0.9960345171299783	0.0019451743008010638	0.0020203085692205953
MG645981	1.0	0.0	0.0
n6	0.999560200492647	0.00021983978151146488	0.00021995972584149966
n11	0.9999824356861242	8.482540244869976e-06	9.08177363092037e-06
KY120353	1.0	0.0	0.0
KY553111	1.0	0.0	0.0
KU955593	1.0	0.0	0.0
J860885	0.9960345171299783	0.0019451743008010638	0.0020203085692205953
n7	0.999767092396495	0.00011645004617732954	0.00011645755732771637
n9	0.99949801328665	0.0002509897009942055	0.0002509970123557829
KU179098	1.0	0.0	0.0
n12	0.999988994406698	5.433451672059338e-06	5.572141629937808e-06
n8	0.9997062567036821	0.00014687112204280183	0.000146872174275108
KX051561	1.0	0.0	0.0
n10	0.9999932687318882	3.3656296834415682e-06	3.3656384283831e-06
KY272987	1.0	0.0	0.0
n13	0.9999957444967431	2.1227428824890158e-06	2.13276037453774e-06
KX051560	1.0	0.0	0.0
KY328290	1.0	0.0	0.0
KX051562	1.0	0.0	0.0
KF993678	1.0	0.0	0.0
KX694532	1.0	0.0	0.0
n14	0.9999955678802623	2.2127396340647857e-06	2.219380103725221e-06
n462	0.9997415881536612	0.0001292059091890174	0.00012920593714976238
KU681081	1.0	0.0	0.0
n15	0.9999944813885826	2.759063617903414e-06	2.759547799531352e-06
MK238035	1.0	0.0	0.0
n463	0.9999864528420938	6.773578733358644e-06	6.773579172887206e-06
n16	0.9999853392472351	7.330331434370771e-06	7.330421330566948e-06
n344	0.9995141342362849	0.00024293286906632662	0.00024293289464885452
n464	0.9999976694148774	1.1652925597958079e-06	1.1652925629003746e-06
MK238036	1.0	0.0	0.0
LC219720	1.0	0.0	0.0
n17	0.9999999997366337	1.3168304563666853e-10	1.3168331731991363e-10
n345	0.999894987829059	5.250608536399731e-05	5.25060855772043e-05
n460	0.9994085218378023	0.00029573907965643195	0.00029573908254116774
MK238038	1.0	0.0	0.0
MK238037	1.0	0.0	0.0
KX447517	1.0	0.0	0.0
n20	0.9996157084096396	0.0001921457951801111	0.00019214579518011437
n23	0.9994573889354779	0.00027130553889646034	0.000271305525625679
KX447513	1.0	0.0	0.0
n34	0.9986273476064012	0.0006863261967994521	0.0006863261967994738
n36	0.9999990810902107	4.5945489455741075e-07	4.594548945768771e-07
KX447511	1.0	0.0	0.0
n346	0.9999785269873818	1.073650628509161e-05	1.0736506333116965e-05
n458	0.9999406522652887	2.9673867347643383e-05	2.967386736367936e-05
MG807647	1.0	0.0	0.0
n461	0.9998224589048893	8.877054752108251e-05	8.877054758968734e-05
n21	0.9999742453573401	1.2877321329954633e-05	1.2877321329954675e-05
KX447515	1.0	0.0	0.0
n24	0.9999171491805783	4.1425442660271e-05	4.142537676145128e-05
KX447516	1.0	0.0	0.0
KX369547	1.0	0.0	0.0
KX447512	1.0	0.0	0.0
n37	0.9999999999901589	4.9205154775222275e-12	4.920516580671712e-12
KX447510	1.0	0.0	0.0
n347	0.9999999999995763	2.797095614234978e-17	4.23595205546048e-13
MG807646	1.0	0.0	0.0
n459	0.9999609736956463	1.951315217668614e-05	1.9513152177121396e-05
MH013290	1.0	0.0	0.0
KY126351	1.0	0.0	0.0
KY241691	1.0	0.0	0.0
KX447509	1.0	0.0	0.0
n22	0.9999898844506455	5.057774677268206e-06	5.057774677268208e-06
n25	0.9999772329434415	1.1384544025557279e-05	1.1382512532967216e-05
n31	0.9999293108596278	3.534457144910596e-05	3.5344568923201165e-05
n338	0.9993418078132832	0.0003290949853982984	0.00032909720131852287
n40	0.9992506753332366	0.0003746623333816891	0.0003746623333816892
n49	0.9995335160283101	0.00023324198584499526	0.0002332419858449954
n192	0.999760231493877	0.0001198842530615082	0.00011988425306150847
n291	0.9993612760723062	0.0003193619638469181	0.0003193619638469181
n328	0.9999979329803044	1.033509847863824e-06	1.033509847863925e-06
n348	0.9999709580496756	4.465882738995491e-07	2.859536205051072e-05
n352	0.9999999999999999	2.2753044375687807e-20	1.9208076118115788e-16
KY241708	1.0	0.0	0.0
KY241758	1.0	0.0	0.0
KY241745	1.0	0.0	0.0
n454	0.9715955831308375	1.190300590517549e-06	0.028403226568571936
n453	0.00834725044158218	9.261766431320935e-05	0.9915601318941046
n376	1.0	5.3535856939474905e-37	5.353585734842619e-37
KY241701	1.0	0.0	0.0
MG548660	1.0	0.0	0.0
LC369584	1.0	0.0	0.0
KX447514	1.0	0.0	0.0
KJ776791	1.0	0.0	0.0
n26	0.9999999726379004	2.665213801694552e-08	7.099615968611524e-10
KU761561	1.0	0.0	0.0
LC191864	1.0	0.0	0.0
KX806557	1.0	0.0	0.0
KX051563	1.0	0.0	0.0
n339	0.9999474710405167	2.6258389009013138e-05	2.6270570474306606e-05
KU729218	1.0	0.0	0.0
n41	0.9999346585888214	3.2670705589334075e-05	3.2670705589334075e-05
n50	0.9996661117386634	0.00016694413066834	0.00016694413066834
n63	0.9999019401213597	4.902993932012906e-05	4.9029939320129065e-05
n193	0.99899677527763	0.0005016123611850888	0.0005016123611850888
n194	0.9997059065062451	0.00014704674687742895	0.00014704674687742895
n292	0.9999273208219684	3.6339589015799804e-05	3.6339589015799804e-05
KY559003	1.0	0.0	0.0
KY014313	1.0	0.0	0.0
n329	0.9999999871712677	6.414366072869867e-09	6.414366072870033e-09
KY241730	1.0	0.0	0.0
n350	0.9999983395183888	5.733289611467481e-07	1.087152650129013e-06
KY241787	0.0	0.0	1.0
KY241707	1.0	0.0	0.0
KY241782	0.0	0.0	1.0
KY241734	1.0	0.0	0.0
KY241744	1.0	0.0	0.0
n358	0.9999997868564673	1.0657176642793773e-07	1.0657176644180466e-07
KY241688	1.0	0.0	0.0
n360	0.9999999999999997	2.288470679391073e-18	2.35355081023596e-16
KY241773	1.0	0.0	0.0
KY241777	0.0	0.0	1.0
KY241751	1.0	0.0	0.0
KY241727	1.0	0.0	0.0
KY241780	0.0	0.0	1.0
KY241682	1.0	0.0	0.0
n457	0.017857963132566965	6.292104304044042e-05	0.9820791158243926
KY241781	0.0	0.0	1.0
KY241779	0.0	0.0	1.0
KY241687	1.0	0.0	0.0
n383	1.0	3.8027498343036766e-41	1.7085646187852041e-37
KY241695	1.0	0.0	0.0
n381	1.0	1.575759030415578e-18	1.575759030415578e-18
KY241752	1.0	0.0	0.0
KY241741	1.0	0.0	0.0
KY241735	1.0	0.0	0.0
KY241755	1.0	0.0	0.0
n408	1.0	1.4293677869744467e-53	1.109893101669429e-51
KY241771	1.0	0.0	0.0
n30	0.9999987762551055	6.12026324819212e-07	6.117185696742296e-07
KU963796	1.0	0.0	0.0
n29	0.9901038793468233	0.009789240347898341	0.00010688030527825711
KU820899	1.0	0.0	0.0
KU744693	1.0	0.0	0.0
n340	0.9999782438744249	1.0849247661295413e-05	1.090687791379521e-05
n42	0.9999866417980546	6.679100972652655e-06	6.679100972652655e-06
n43	0.9999908788612197	4.560569390175927e-06	4.560569390175927e-06
n51	0.9999843120140054	7.843992997265234e-06	7.843992997265234e-06
KY241788	1.0	0.0	0.0
n64	0.999999903779609	4.811019545947777e-08	4.811019545947777e-08
n94	0.9999992775546894	3.6122265534638666e-07	3.6122265534638666e-07
KX197205	1.0	0.0	0.0
KY559021	1.0	0.0	0.0
n195	0.9998361372249249	8.19313875374657e-05	8.19313875374657e-05
n200	0.999932558049729	3.3720975135552454e-05	3.3720975135552454e-05
n293	0.9999996541999654	1.7290001736802925e-07	1.7290001736802925e-07
KY785429	1.0	0.0	0.0
KY014317	1.0	0.0	0.0
n335	0.9994753970573739	0.0002623014713130557	0.0002623014713130557
n332	0.9998071726437213	9.641367813936377e-05	9.641367813936377e-05
n334	0.9999999999068653	4.6567269113909085e-11	4.6567269113909085e-11
KY785427	1.0	0.0	0.0
KY241673	1.0	0.0	0.0
KY241766	1.0	0.0	0.0
KY241714	1.0	0.0	0.0
KY241738	1.0	0.0	0.0
KY241721	1.0	0.0	0.0
n363	0.9999997529619493	1.2351902540585022e-07	1.2351902541020503e-07
KY241716	1.0	0.0	0.0
KY241783	0.0	0.0	1.0
KY241749	1.0	0.0	0.0
KY241697	1.0	0.0	0.0
KY241706	1.0	0.0	0.0
KY241671	1.0	0.0	0.0
KY241778	0.0	0.0	1.0
KY241776	0.0	0.0	1.0
KY241760	1.0	0.0	0.0
KY241785	0.0	0.0	1.0
KY241702	1.0	0.0	0.0
KY241709	1.0	0.0	0.0
KY241763	1.0	0.0	0.0
KY241762	1.0	0.0	0.0
KY241742	1.0	0.0	0.0
KY241757	1.0	0.0	0.0
KY241703	1.0	0.0	0.0
n392	1.0	2.1136897135561262e-26	1.5797961003206904e-24
n382	0.9999995319082385	2.3404588077696103e-07	2.3404588077696103e-07
KY241772	1.0	0.0	0.0
KY241704	1.0	0.0	0.0
KY241719	1.0	0.0	0.0
KY241683	1.0	0.0	0.0
KY241786	0.0	0.0	1.0
KY241748	1.0	0.0	0.0
KY241722	1.0	0.0	0.0
KY241770	1.0	0.0	0.0
KY241711	1.0	0.0	0.0
KY241743	1.0	0.0	0.0
KY241699	1.0	0.0	0.0
n452	0.9999994065012873	2.9674935633483165e-07	2.9674935633483165e-07
KY241732	1.0	0.0	0.0
KY241724	1.0	0.0	0.0
n422	0.9999999827404192	8.62979033253143e-09	8.62979033253143e-09
KY241731	1.0	0.0	0.0
KY241750	1.0	0.0	0.0
KY241718	1.0	0.0	0.0
KY241710	1.0	0.0	0.0
n437	0.9999995003728893	2.498135553752216e-07	2.498135553752216e-07
KY241728	1.0	0.0	0.0
KY241747	1.0	0.0	0.0
KY241715	1.0	0.0	0.0
KY241768	1.0	0.0	0.0
KY241723	1.0	0.0	0.0
n444	0.9999998315637387	1.2404561709278676e-11	1.6842385666258608e-07
n451	0.999999404349356	2.978253219508929e-07	2.978253219508929e-07
KU997667	1.0	0.0	0.0
KX013000	1.0	0.0	0.0
MF099651	0.0	1.0	0.0
MF036115	1.0	0.0	0.0
n341	0.9999965970120529	7.512619152957412e-08	3.3278617557080118e-06
KU509998	1.0	0.0	0.0
KY003154	1.0	0.0	0.0
KY003153	1.0	0.0	0.0
KX101060	1.0	0.0	0.0
n44	0.9999999897822159	5.108891980550009e-09	5.108891980550009e-09
n52	0.9999999996260277	1.869861643075868e-10	1.869861643075868e-10
n62	0.9999871799110499	6.4100444751036016e-06	6.4100444751036016e-06
MH513600	1.0	0.0	0.0
n66	0.9999992249843138	3.875078430845323e-07	3.875078430845325e-07
n93	0.999974986427909	1.2506786045542409e-05	1.2506786045542409e-05
n95	0.999999996022494	1.9887530420511834e-09	1.9887530420511834e-09
KY785410	1.0	0.0	0.0
n101	1.0	1.8221378325679647e-23	1.8221378326553383e-23
n196	0.9999892425027509	5.378748624567087e-06	5.378748624567087e-06
n198	0.9999793522070299	1.032389648498298e-05	1.032389648498298e-05
n201	0.9999999875668781	6.216560894597389e-09	6.21656089459739e-09
KU527068	1.0	0.0	0.0
n294	0.9999536180095049	2.3190995247565442e-05	2.3190995247565442e-05
n296	0.99999999584574	2.077130017009189e-09	2.0771300170091886e-09
n325	0.9999895604398243	5.219780087909815e-06	5.219780087909815e-06
KY014309	1.0	0.0	0.0
n336	0.9997930502585117	0.00010347487074417325	0.00010347487074417325
KY014296	1.0	0.0	0.0
KY014320	1.0	0.0	0.0
MH763833	1.0	0.0	0.0
MH763832	1.0	0.0	0.0
KY241698	1.0	0.0	0.0
KY241740	1.0	0.0	0.0
KY241784	0.0	0.0	1.0
KY241761	1.0	0.0	0.0
KY241746	1.0	0.0	0.0
n396	0.999999999994253	2.8735281641430468e-12	2.8735281641430468e-12
KY241739	1.0	0.0	0.0
n403	0.999999369668972	3.151655139408576e-07	3.151655139408576e-07
KY241705	1.0	0.0	0.0
KY241725	1.0	0.0	0.0
KY241737	1.0	0.0	0.0
KY241679	1.0	0.0	0.0
KX827309	1.0	0.0	0.0
KY241674	1.0	0.0	0.0
n423	1.0	1.6252088258314425e-25	1.6252088258314425e-25
KY241713	1.0	0.0	0.0
KX813683	1.0	0.0	0.0
KY241759	1.0	0.0	0.0
KY241692	1.0	0.0	0.0
KY241693	1.0	0.0	0.0
KY241775	0.0	0.0	1.0
n449	0.9999999992618827	3.674349085509672e-10	3.706824818896327e-10
KY241774	0.0	0.0	1.0
KY241689	1.0	0.0	0.0
KY241736	1.0	0.0	0.0
MF352141	1.0	0.0	0.0
KR872956	1.0	0.0	0.0
KU321639	1.0	0.0	0.0
MF783073	0.0	0.0	1.0
n47	0.9999996478047701	1.760976149638676e-07	1.760976149638676e-07
n46	0.999997986142759	1.0069286204663644e-06	1.0069286204663644e-06
KU940228	1.0	0.0	0.0
n57	0.9999998697225746	6.513871270709556e-08	6.513871270709556e-08
KY559017	1.0	0.0	0.0
n54	0.9999999996779445	1.6102766888788854e-10	1.610276688878886e-10
KY559007	1.0	0.0	0.0
KY559005	1.0	0.0	0.0
KY441401	1.0	0.0	0.0
n67	0.9999990099482476	4.950258762191882e-07	4.950258762191882e-07
KY693680	1.0	0.0	0.0
KY631492	1.0	0.0	0.0
n96	0.9999962648779054	1.8675610472935475e-06	1.8675610472935475e-06
n98	0.9999998437875103	7.81062448058979e-08	7.81062448058979e-08
KU926309	1.0	0.0	0.0
n189	0.9999951098038851	2.4450980574829173e-06	2.4450980574829173e-06
n180	0.9999997647054875	1.1764725632303123e-07	1.1764725632303123e-07
n104	0.999999999912897	4.355152989601266e-11	4.355152989601266e-11
n172	0.9999987916819533	6.041590234332196e-07	6.041590234332196e-07
n163	0.9999999795901454	1.0204927244563043e-08	1.0204927244563043e-08
n159	0.9999982665187228	8.66740638632103e-07	8.667406386321029e-07
n121	0.9999997763517798	1.1182410992618429e-07	1.1182411015332362e-07
n143	0.9999964542009703	1.7728995149209304e-06	1.7728995149209304e-06
n148	0.99999843143628	7.842818600163895e-07	7.842818600163895e-07
KX879604	1.0	0.0	0.0
n197	0.9999976738697082	1.1630651458730303e-06	1.1630651458730303e-06
KX811222	0.956897801365828	0.021551099317085876	0.021551099317085876
KX280026	1.0	0.0	0.0
MH513599	1.0	0.0	0.0
MF073359	1.0	0.0	0.0
n203	0.9999997963676159	1.0181619207100639e-07	1.0181619207100639e-07
n287	0.999998653564887	6.732175565193619e-07	6.732175565193619e-07
KY014307	1.0	0.0	0.0
KY785433	1.0	0.0	0.0
n322	0.999999877168792	6.141560409354733e-08	6.141560409354733e-08
n298	0.999998068111131	9.659444345830127e-07	9.659444345830127e-07
KY558999	1.0	0.0	0.0
KU497555	1.0	0.0	0.0
n326	0.9999996305184465	1.8474077673770337e-07	1.8474077673770337e-07
n337	0.9998820703862169	5.896480689149112e-05	5.896480689149112e-05
KY559031	1.0	0.0	0.0
KY241754	1.0	0.0	0.0
KY241753	1.0	0.0	0.0
n399	0.9999995559476539	2.2202617313268234e-07	2.2202617313268234e-07
n400	0.9999995472313278	2.2638433619042047e-07	2.2638433619042047e-07
KY241696	1.0	0.0	0.0
KY241764	1.0	0.0	0.0
KY241685	1.0	0.0	0.0
KY241676	1.0	0.0	0.0
KY241678	1.0	0.0	0.0
KY241684	1.0	0.0	0.0
KY241767	1.0	0.0	0.0
KY241677	1.0	0.0	0.0
KY241675	1.0	0.0	0.0
KY241681	1.0	0.0	0.0
KY241756	1.0	0.0	0.0
KY241680	1.0	0.0	0.0
KY241690	1.0	0.0	0.0
KY241694	1.0	0.0	0.0
KY241686	1.0	0.0	0.0
n48	0.9999986789007533	6.605496233876048e-07	6.605496233876048e-07
KU940227	1.0	0.0	0.0
KX520666	1.0	0.0	0.0
KU940224	1.0	0.0	0.0
n58	0.9999995976656988	2.0116715058918397e-07	2.0116715058918397e-07
KY559009	1.0	0.0	0.0
KY559006	1.0	0.0	0.0
KY559011	1.0	0.0	0.0
n56	0.9999993357793584	3.3211032070444794e-07	3.3211032070444794e-07
n68	0.9999999999935005	3.249644651261022e-12	3.249644651261022e-12
n90	0.9999999606415674	1.967921624271188e-08	1.967921624271188e-08
KY559025	1.0	0.0	0.0
KY272991	1.0	0.0	0.0
KY785437	1.0	0.0	0.0
n99	0.9999953533076369	2.3233461815653885e-06	2.3233461815653885e-06
n190	0.999994769840546	2.6150797269553944e-06	2.6150797269553944e-06
MF801406	1.0	0.0	0.0
n181	0.9999980844969198	9.57751540026254e-07	9.57751540026254e-07
n187	0.9999892521843924	5.3739078038881724e-06	5.3739078038881724e-06
n106	0.9999991380140363	4.30992981891199e-07	4.30992981891199e-07
n108	0.9999994945898807	2.527050596616962e-07	2.527050596616962e-07
n115	0.9999999210620967	3.9468951581172786e-08	3.9468951581172786e-08
KY606274	1.0	0.0	0.0
n173	0.9999961283726264	1.935813686840935e-06	1.935813686840935e-06
n179	0.9999894850537512	5.257473124441835e-06	5.257473124441835e-06
n164	0.999991147484901	4.4262575494960525e-06	4.4262575494960525e-06
n167	0.9999999934147146	3.292642682938498e-09	3.292642682938498e-09
MF801381	1.0	0.0	0.0
n160	0.9999864469468163	6.776526591842292e-06	6.776526591842292e-06
n162	0.9999850894193701	7.4552903149372875e-06	7.4552903149372875e-06
n122	0.9999999024905034	4.875474650574254e-08	4.875475010779775e-08
MF801378	1.0	0.0	0.0
n144	0.9999999205683323	3.971583383810366e-08	3.971583383810366e-08
MF801383	1.0	0.0	0.0
n149	0.9999994214999192	2.8925004034822256e-07	2.8925004034822256e-07
n158	0.9999860872150373	6.9563924812940044e-06	6.9563924812940044e-06
MF794971	1.0	0.0	0.0
KX879603	1.0	0.0	0.0
n204	0.9999992145794969	3.927102515648311e-07	3.927102515648311e-07
KY558989	1.0	0.0	0.0
n288	0.9999906287050517	4.685647474143408e-06	4.685647474143408e-06
n289	0.9999924295046178	3.785247691033661e-06	3.785247691033661e-06
n323	0.9999840909590337	7.95452048308314e-06	7.95452048308314e-06
n324	0.9999952632996773	2.368350161450324e-06	2.368350161450324e-06
n299	0.9999999365433202	3.172833986718831e-08	3.172833986718831e-08
KY558996	1.0	0.0	0.0
KU991811	1.0	0.0	0.0
n327	0.9999994453044554	2.773477723411022e-07	2.773477723411022e-07
KY014301	1.0	0.0	0.0
KY785479	1.0	0.0	0.0
KY241765	1.0	0.0	0.0
KY241733	1.0	0.0	0.0
KY241726	1.0	0.0	0.0
KY241720	1.0	0.0	0.0
KX101066	1.0	0.0	0.0
KX101061	1.0	0.0	0.0
n59	0.999999099110133	4.5044493361474306e-07	4.5044493361474306e-07
KY559013	1.0	0.0	0.0
KY559010	1.0	0.0	0.0
KY559012	1.0	0.0	0.0
KU312312	1.0	0.0	0.0
n89	0.9999974500766435	1.274961678249862e-06	1.274961678249862e-06
n84	0.9999982498628328	8.750685836704032e-07	8.750685836704032e-07
n72	0.9999992191729837	3.9041350815306794e-07	3.9041350815306794e-07
n74	0.9999999819463025	9.026848826327091e-09	9.026848826327091e-09
n92	1.0	0.0	0.0
KU365779	1.0	0.0	0.0
KU707826	1.0	0.0	0.0
KY014308	1.0	0.0	0.0
KY559032	1.0	0.0	0.0
MF801377	1.0	0.0	0.0
KY765323	1.0	0.0	0.0
MF801397	1.0	0.0	0.0
n182	0.9999998453014067	7.734929660386946e-08	7.734929660386946e-08
n188	0.9999974028516273	1.2985741862737156e-06	1.2985741862737156e-06
MF801408	1.0	0.0	0.0
n107	0.9999961663515027	1.916824248721925e-06	1.916824248721925e-06
MF801387	1.0	0.0	0.0
n109	0.9999995364383953	2.3178080223533482e-07	2.3178080223533482e-07
MF801389	1.0	0.0	0.0
KY765319	1.0	0.0	0.0
KX421195	1.0	0.0	0.0
KX421194	1.0	0.0	0.0
n174	0.9999999882532585	5.873370741277614e-09	5.873370741277614e-09
MF801380	1.0	0.0	0.0
KX906952	1.0	0.0	0.0
KX262887	1.0	0.0	0.0
n165	0.9999991206409885	4.396795057286358e-07	4.396795057286358e-07
MF801403	1.0	0.0	0.0
n168	0.9999973491417136	1.3254291432555128e-06	1.3254291432555128e-06
MF801400	1.0	0.0	0.0
n171	0.9999963062473197	1.8468763401394934e-06	1.8468763401394934e-06
n161	0.9999999988770106	5.614947417417547e-10	5.614947417417547e-10
MF801426	1.0	0.0	0.0
MF593625	1.0	0.0	0.0
MF801382	1.0	0.0	0.0
n123	0.9999956377897093	2.1811051453158612e-06	2.1811051453546134e-06
n125	0.9999996732031424	1.6339819619670311e-07	1.6339866133957708e-07
n145	0.9999968976277142	1.5511861428917048e-06	1.5511861428917048e-06
n146	0.9999996388486987	1.8057565060736248e-07	1.8057565060736248e-07
n150	0.9999996243090091	1.8784549544521946e-07	1.8784549544521946e-07
n155	0.9999999846246312	7.687684366899184e-09	7.687684366899184e-09
KY765324	1.0	0.0	0.0
MF434518	1.0	0.0	0.0
n205	0.99999779723479	1.1013826049931207e-06	1.1013826049931207e-06
MF098767	1.0	0.0	0.0
KU729217	1.0	0.0	0.0
KY120352	1.0	0.0	0.0
KY785426	1.0	0.0	0.0
MF073358	1.0	0.0	0.0
KY559014	1.0	0.0	0.0
KY559015	1.0	0.0	0.0
KY785455	1.0	0.0	0.0
KY785480	1.0	0.0	0.0
n300	0.9999999022998813	4.8850059414225395e-08	4.8850059414225395e-08
n308	0.999999999999895	5.2447765019448026e-14	5.2447765019448026e-14
KY559001	1.0	0.0	0.0
KY558995	1.0	0.0	0.0
KY559019	1.0	0.0	0.0
n60	1.0	0.0	0.0
KY785450	1.0	0.0	0.0
KY014297	1.0	0.0	0.0
n85	0.9999986807570665	6.596214666912172e-07	6.596214666912172e-07
KU820898	1.0	0.0	0.0
n73	0.9999994857536126	2.5712319367807296e-07	2.5712319367807296e-07
MF073357	1.0	0.0	0.0
n75	0.9999998951992808	5.240035957649474e-08	5.240035957649474e-08
KU365778	1.0	0.0	0.0
n78	0.9999999850158402	7.49207985447065e-09	7.49207985447065e-09
KU365777	1.0	0.0	0.0
KU365780	1.0	0.0	0.0
n183	0.999998854962318	5.725188409785474e-07	5.725188409785474e-07
n185	0.9999984124023527	7.937988237107114e-07	7.937988237107114e-07
MF801384	1.0	0.0	0.0
MF801386	1.0	0.0	0.0
KY785431	1.0	0.0	0.0
KU870645	1.0	0.0	0.0
n110	0.9999999980066753	9.966624252477264e-10	9.966624252477264e-10
MF434517	1.0	0.0	0.0
MF988734	1.0	0.0	0.0
n176	0.9999985748921684	7.125539157967386e-07	7.125539157967386e-07
n178	0.99999443116343	2.784418285045501e-06	2.784418285045501e-06
KU501216	1.0	0.0	0.0
KU501217	1.0	0.0	0.0
n169	0.999995358575256	2.320712371976818e-06	2.320712371976818e-06
MG494697	1.0	0.0	0.0
MF801411	1.0	0.0	0.0
MF801399	1.0	0.0	0.0
KY325479	1.0	0.0	0.0
KY325465	1.0	0.0	0.0
MF801419	1.0	0.0	0.0
n124	0.9999959533635848	2.0233182075911145e-06	2.0233182075929407e-06
n126	0.9999999997744351	6.286141019124298e-13	2.2493644527957563e-10
n141	0.9999889431285466	5.528435700927455e-06	5.52843575254557e-06
KY606271	1.0	0.0	0.0
MF801404	1.0	0.0	0.0
n147	0.9999965820611088	1.7089694456879298e-06	1.7089694456879298e-06
MF801402	1.0	0.0	0.0
n151	0.9999999932237567	3.3881217275807235e-09	3.3881217275807235e-09
KY014310	1.0	0.0	0.0
MF801385	1.0	0.0	0.0
n157	0.999998594231082	7.028844589672005e-07	7.028844589672005e-07
KY328289	1.0	0.0	0.0
n206	1.0	7.547506213562951e-37	7.337451881853021e-35
KY559026	1.0	0.0	0.0
n301	0.9999999946298068	2.6850965153985427e-09	2.6850965153985427e-09
KX548902	1.0	0.0	0.0
KY014303	1.0	0.0	0.0
n310	0.9999989661461334	5.16926933303021e-07	5.16926933303021e-07
n313	0.9999994106745538	2.946627230582242e-07	2.946627230582242e-07
n316	0.9999995651827025	2.17408648658554e-07	2.17408648658554e-07
KY785466	1.0	0.0	0.0
KY559018	1.0	0.0	0.0
KY559024	1.0	0.0	0.0
KY559023	1.0	0.0	0.0
KX766028	1.0	0.0	0.0
n86	0.9999999343815772	3.2809211442750326e-08	3.2809211442750326e-08
KY441403	1.0	0.0	0.0
KY441402	1.0	0.0	0.0
KU758877	1.0	0.0	0.0
KY348640	1.0	0.0	0.0
KU937936	1.0	0.0	0.0
KY785456	1.0	0.0	0.0
n80	0.9999999658346004	1.7082699756816654e-08	1.7082699756816654e-08
KY785481	1.0	0.0	0.0
n184	0.9999977193413169	1.1403293416095661e-06	1.1403293416095661e-06
KY014306	1.0	0.0	0.0
MF801410	1.0	0.0	0.0
n186	0.9999982846599468	8.576700266053783e-07	8.576700266053783e-07
MF434516	1.0	0.0	0.0
n112	0.9999990601790629	4.699104686057918e-07	4.699104686057918e-07
n113	0.9999978555264153	1.0722367923726618e-06	1.0722367923726618e-06
n177	0.9999956988078865	2.1505960567142443e-06	2.1505960567142443e-06
MH063262	1.0	0.0	0.0
MH063265	1.0	0.0	0.0
MF159531	1.0	0.0	0.0
KY606273	1.0	0.0	0.0
MF801423	1.0	0.0	0.0
MF801391	1.0	0.0	0.0
MF801412	1.0	0.0	0.0
n127	0.9999977152964367	1.1423465799264005e-06	1.1423569834859322e-06
n130	0.9999999863794954	6.810241045674829e-09	6.810263508988716e-09
n138	0.9997490087322857	3.3284689504948576e-06	0.0002476627987638118
n135	0.9999952388963079	2.380546913185852e-06	2.3805567788662473e-06
n136	0.9906649943928572	0.00015118923874745332	0.009183816368395329
MF801407	1.0	0.0	0.0
MF801422	1.0	0.0	0.0
MF801396	1.0	0.0	0.0
MF801418	1.0	0.0	0.0
KY785442	1.0	0.0	0.0
KY014319	1.0	0.0	0.0
n153	0.99999853405676	7.329716199666926e-07	7.329716199666926e-07
KY014312	1.0	0.0	0.0
KY785452	1.0	0.0	0.0
KY014302	1.0	0.0	0.0
KY785476	1.0	0.0	0.0
n210	0.9999998422982475	7.885087622723154e-08	7.885087622723154e-08
n213	0.9999985505871044	7.247064477856055e-07	7.247064477856055e-07
n285	0.99999984825688	7.587155998956598e-08	7.587155998956598e-08
n217	0.999998716436982	6.41781508962444e-07	6.41781508962444e-07
n239	0.9999996645225089	1.6773874559383923e-07	1.6773874559383923e-07
n237	0.9999974691926717	1.265403664096352e-06	1.265403664096352e-06
n224	0.9999990297732136	5.677008774690242e-08	9.134566986438876e-07
KY785424	1.0	0.0	0.0
n267	0.9998237688920705	1.2523114030239924e-06	0.0001749787965264771
MF098766	1.0	0.0	0.0
n278	0.9999957543188652	2.1228405674112266e-06	2.1228405674112266e-06
n279	0.9999999867298508	6.635074543175655e-09	6.635074543175655e-09
n282	0.9999999165253641	4.173731796158589e-08	4.173731796158589e-08
n284	0.9999961585118334	1.9207440832836455e-06	1.9207440832836455e-06
n304	0.9999996549168555	1.7254157215640007e-07	1.7254157215640013e-07
KY317937	1.0	0.0	0.0
n303	0.99999748300943	1.25849528492294e-06	1.25849528492294e-06
n311	0.9999986509358307	6.74532084614958e-07	6.74532084614958e-07
KX198135	1.0	0.0	0.0
n314	0.9999988570976935	5.714511531958147e-07	5.714511531958147e-07
KY785469	1.0	0.0	0.0
n317	0.999999826227805	8.688609750800512e-08	8.688609750800512e-08
n320	0.9999999904066152	4.796692449677786e-09	4.796692449677786e-09
KX056898	1.0	0.0	0.0
n87	0.9999999959078313	2.046084314548962e-09	2.046084314548962e-09
n81	0.9999994676360399	2.6618198000480384e-07	2.6618198000480384e-07
n82	0.9999999870733177	6.463341162622398e-09	6.463341162622398e-09
KY693677	1.0	0.0	0.0
KY765325	1.0	0.0	0.0
KY785418	1.0	0.0	0.0
KY014315	1.0	0.0	0.0
KY785448	1.0	0.0	0.0
MF434522	1.0	0.0	0.0
KY785414	1.0	0.0	0.0
KY693676	1.0	0.0	0.0
MH063263	1.0	0.0	0.0
MH063259	1.0	0.0	0.0
MF801414	1.0	0.0	0.0
n128	0.9999976543363671	1.1728317655496043e-06	1.1728318674288294e-06
n132	0.999998202324471	8.988377635842654e-07	8.988377655092046e-07
MF801413	1.0	0.0	0.0
KY631493	1.0	0.0	0.0
n139	0.9854395610627228	7.825971068416128e-05	0.014482179226593119
MF801395	1.0	0.0	0.0
MF801393	1.0	0.0	0.0
MF801398	1.0	0.0	0.0
MF098771	1.0	0.0	0.0
n137	0.00010917403485884054	1.8140108572509386e-06	0.9998890119542839
MF434521	1.0	0.0	0.0
n154	0.9999997634984841	1.1825075801682877e-07	1.1825075801682877e-07
KY785423	1.0	0.0	0.0
n211	0.9999999766174136	1.1691293208645034e-08	1.1691293208645034e-08
LC190723	1.0	0.0	0.0
n214	0.999996593500642	1.7032496789971889e-06	1.7032496789971889e-06
KX269878	1.0	0.0	0.0
n286	0.99999581932991	2.090335045064395e-06	2.090335045064395e-06
n218	0.9999924723102784	3.763844860763125e-06	3.7638448607631246e-06
MF438286	1.0	0.0	0.0
n240	0.9999989968560036	5.01571998155767e-07	5.015719981557678e-07
MF098765	1.0	0.0	0.0
KY785430	1.0	0.0	0.0
n238	0.9999983507156364	8.246421817452032e-07	8.246421817452032e-07
n225	0.9999972950634568	5.595920766343004e-09	2.6993406225121173e-06
KY325471	1.0	0.0	0.0
n268	0.9533911113519883	1.6738819000148432e-05	0.04659214982901161
MH063261	1.0	0.0	0.0
KY785484	1.0	0.0	0.0
KY785435	1.0	0.0	0.0
MF664436	1.0	0.0	0.0
MF098768	1.0	0.0	0.0
MF098769	1.0	0.0	0.0
KY785415	1.0	0.0	0.0
KY785470	1.0	0.0	0.0
KY014314	1.0	0.0	0.0
KY785420	1.0	0.0	0.0
KY014318	1.0	0.0	0.0
n305	0.9999989945455015	5.027272492801148e-07	5.027272492801148e-07
n307	0.9999984059229343	7.970385328232933e-07	7.970385328232933e-07
KY693678	1.0	0.0	0.0
KY693679	1.0	0.0	0.0
KY317936	1.0	0.0	0.0
KY317939	1.0	0.0	0.0
KY317940	1.0	0.0	0.0
KY317938	1.0	0.0	0.0
n318	0.9999998463402127	7.6829893716114e-08	7.6829893716114e-08
KU820897	1.0	0.0	0.0
KX156775	1.0	0.0	0.0
KX156774	1.0	0.0	0.0
KX156776	1.0	0.0	0.0
n88	0.9999999980729418	9.635290826511996e-10	9.635290826511996e-10
KY379148	1.0	0.0	0.0
KX377337	1.0	0.0	0.0
KY075933	1.0	0.0	0.0
KY075934	1.0	0.0	0.0
KY785464	1.0	0.0	0.0
KY785462	1.0	0.0	0.0
MF801401	1.0	0.0	0.0
MF801417	1.0	0.0	0.0
KX827268	1.0	0.0	0.0
KY606272	1.0	0.0	0.0
n140	0.03517262698780049	0.00018605678471343785	0.9646413162274861
KY120349	1.0	0.0	0.0
KX856011	0.0	0.0	1.0
KY648934	0.0	0.0	1.0
KY765317	1.0	0.0	0.0
KY765318	1.0	0.0	0.0
n212	0.9999996648985667	1.6755071665450063e-07	1.6755071665450063e-07
KY785419	1.0	0.0	0.0
MF098764	1.0	0.0	0.0
KY785413	1.0	0.0	0.0
KU853012	1.0	0.0	0.0
KX922707	1.0	0.0	0.0
MH063260	1.0	0.0	0.0
MH063264	1.0	0.0	0.0
n241	0.9999997231194239	1.3844028800973913e-07	1.3844028800980562e-07
KY785425	1.0	0.0	0.0
KY785453	1.0	0.0	0.0
KY014300	1.0	0.0	0.0
n226	0.9997391080335497	3.1364313098428464e-08	0.00026086060213708544
n236	0.9999991665863841	4.1308517086336613e-07	4.203284450246676e-07
n269	0.9534011955153832	1.656413680551459e-05	0.046582240347811395
MF384325	0.0	0.0	1.0
KU647676	1.0	0.0	0.0
n306	0.9999999153698271	4.231508636006451e-08	4.231508636006451e-08
KY075932	1.0	0.0	0.0
KY785451	1.0	0.0	0.0
KX247646	1.0	0.0	0.0
n319	1.0	0.0	0.0
KU955590	1.0	0.0	0.0
MF167360	1.0	0.0	0.0
KX446950	0.0	0.0	1.0
KX446951	0.0	0.0	1.0
KY785465	1.0	0.0	0.0
KY785441	1.0	0.0	0.0
n242	1.0	2.414010619323132e-21	1.1120234501823218e-18
KY785443	1.0	0.0	0.0
n227	0.9988867963384809	3.215075721238157e-08	0.0011131715107618712
n234	0.9978305765767342	2.865691617719704e-05	0.002140766507088616
KY325464	1.0	0.0	0.0
KY325476	1.0	0.0	0.0
n270	0.9999999999990357	3.2139048661200306e-15	9.612224340753572e-13
MF783072	0.0	0.0	1.0
KU922960	1.0	0.0	0.0
KU922923	1.0	0.0	0.0
KX702400	1.0	0.0	0.0
KX893855	1.0	0.0	0.0
n244	0.9999999974054123	3.2756610230443957e-13	2.594260030722866e-09
KY014326	1.0	0.0	0.0
n254	0.999999831585233	8.420738352255333e-08	8.420738352278681e-08
n264	0.9999999761298604	1.193506977136853e-08	1.1935069771392587e-08
KY325472	1.0	0.0	0.0
KX842449	1.0	0.0	0.0
KY075936	1.0	0.0	0.0
n259	0.8381974447662581	2.3366216392723554e-06	0.16180021861210267
n228	0.9999712152134015	5.63415134625478e-07	2.822137146380258e-05
KY325473	1.0	0.0	0.0
n231	0.757970490748746	3.25901145494934e-05	0.2419969191367044
KX838906	0.0	0.0	1.0
n235	0.0	0.0	1.0
KY325482	1.0	0.0	0.0
n271	0.999997461370473	1.269314476814575e-06	1.2693150502509875e-06
KY415990	1.0	0.0	0.0
KY415986	1.0	0.0	0.0
KY415987	1.0	0.0	0.0
n275	1.0	0.0	0.0
n252	0.9999995851296798	2.0742639273683834e-07	2.0744392746193086e-07
n249	0.9999996020346726	1.989336190832502e-07	1.990317082645213e-07
n248	0.0007958730092844701	8.147258227661623e-06	0.9991959797324879
KY325468	1.0	0.0	0.0
KX838905	0.0	0.0	1.0
n251	0.9999995236271675	2.3815145119525252e-07	2.382213812829047e-07
KY325467	1.0	0.0	0.0
KX832731	1.0	0.0	0.0
n265	0.999999687667199	1.561664004925777e-07	1.561664004925799e-07
KX922704	1.0	0.0	0.0
n260	0.838112023074797	2.008255875450461e-06	0.16188596866932747
n263	0.0	0.0	1.0
KX922705	1.0	0.0	0.0
KY014298	1.0	0.0	0.0
n232	0.0034404802723719337	2.4390073672068858e-05	0.9965351296539561
n233	0.755026952659903	4.886546508119339e-05	0.2449241818750159
KY075937	0.0	0.0	1.0
KY785422	0.0	0.0	1.0
KY415988	1.0	0.0	0.0
KX673530	0.9726632584271613	0.013668370786144477	0.013668370786694401
KY415991	1.0	0.0	0.0
KY415989	1.0	0.0	0.0
KY785412	1.0	0.0	0.0
KY075935	1.0	0.0	0.0
KX922703	1.0	0.0	0.0
KY785445	1.0	0.0	0.0
KY785468	0.0	0.0	1.0
KY075939	0.0	0.0	1.0
KY785474	1.0	0.0	0.0
KY325469	1.0	0.0	0.0
KX922706	1.0	0.0	0.0
KY325478	1.0	0.0	0.0
KY325483	1.0	0.0	0.0
n261	0.7657405449852941	7.883650636202171e-06	0.23425157136406963
KX838904	0.0	0.0	1.0
KY014324	0.0	0.0	1.0
KY014299	0.0	0.0	1.0
KX922708	0.0	0.0	1.0
KY785459	1.0	0.0	0.0
MF988743	0.0	0.0	1.0
KY325477	1.0	0.0	0.0
KY785472	0.0	0.0	1.0
KY075938	0.0	0.0	1.0
