node	Africa	Caribbean	Central America	Eastern Asia	Europe	Northern America	Oceania	South America	South-eastern Asia	Southern Asia
root	2.1469879613478323e-09	0.019414965267609566	0.009787159009141653	0.025829411407991328	0.022391307377560087	0.026035955011645552	0.0028788929252335695	0.005668985552284439	0.8858463322295661	0.002146989071979673
n0	5.581948035546382e-12	5.047691425698541e-05	2.5445607515359285e-05	6.672011768986173e-05	5.8215097839217757e-05	6.769080694213171e-05	7.4848037256864336e-06	1.4738779786752656e-05	0.9997036459174675	5.581949194586902e-06
n1	5.5813272604004047e-11	0.0005047130065871884	0.0002544277767878266	0.0021056279932042702	0.0005820862366826004	0.0006768333027953826	7.491265692855362e-05	0.00014737140669381243	0.9955982085472092	5.581901729800088e-05
HQ234499	0.0	0.0	0.0	0.0	0.0	0.0	0.0	0.0	1.0	0.0
KX377336	0.0	0.0	0.0	0.0	0.0	0.0	0.0	0.0	1.0	0.0
n2	1.1115963195769846e-12	1.0052037703388571e-05	5.06727104647888e-06	3.6199575146704903e-05	1.159302954627995e-05	1.3480677226789866e-05	1.581905030409497e-06	2.9350995860155893e-06	0.9999179716255754	1.1187780270009622e-06
n465	4.4302530245076893e-10	0.004006226869737164	0.002019554444747202	0.041228121297368046	0.004620387213062986	0.005372450781522416	0.0005940723032142514	0.0011697802149358025	0.9405463793019443	0.00044302713044252063
n3	9.182335472305001e-12	8.303480386467741e-05	4.1858165467454725e-05	0.00011683290860085589	9.576415876835221e-05	0.00011135196406646164	1.2342577454824922e-05	2.4245374480970778e-05	0.9995053853401853	9.184697928913383e-06
n5	1.19207336563919e-13	1.0779782377446574e-06	5.434129948613737e-07	1.6783373894979705e-06	1.24323385259566e-06	1.4526304994692982e-06	1.1598456703010249e-06	3.147594166724973e-07	0.9999923319979696	1.978038501356944e-07
KU681082	0.0	0.0	0.0	0.0	0.0	0.0	0.0	0.0	1.0	0.0
n466	1.5481311866940136e-11	0.00013999572312691674	7.057238495959473e-05	0.9981088058939057	0.00016145726890937382	0.00018773777284676423	2.0758795166490416e-05	4.087742217659975e-05	0.0012543134092586367	1.5481314168512094e-05
n4	4.152807493697274e-11	0.00037553360663739196	0.00018930794213515152	0.0005013725454175679	0.000433103448856022	0.0005036001766893638	5.571313260148526e-05	0.00010965224820560337	0.997790186545136	4.153031279334612e-05
MG645981	0.0	0.0	0.0	0.0	0.0	0.0	0.0	0.0	1.0	0.0
n6	2.2177721229822114e-12	2.0055058302302497e-05	1.0109832381194256e-05	4.2505169695744856e-05	2.312952759544304e-05	3.9774971289051435e-05	2.9839533454318837e-06	5.855886642070451e-06	0.9998533670278184	2.2185707127392297e-06
n11	7.719685415813383e-14	6.980822758353948e-07	3.5190597257791023e-07	1.133176485948907e-06	8.050992931279939e-07	9.36637352000135e-07	9.371658061521474e-06	2.0383343914616025e-07	0.9999856939673758	8.056396669035406e-07
KY120353	0.0	0.0	0.0	1.0	0.0	0.0	0.0	0.0	0.0	0.0
KY553111	0.0	0.0	0.0	1.0	0.0	0.0	0.0	0.0	0.0	0.0
KU955593	0.0	0.0	0.0	0.0	0.0	0.0	0.0	0.0	1.0	0.0
J860885	4.152807493697274e-11	0.00037553360663739196	0.00018930794213515152	0.0005013725454175679	0.000433103448856022	0.0005036001766893638	5.571313260148526e-05	0.00010965224820560337	0.997790186545136	4.153031279334612e-05
n7	3.6051442206788543e-12	3.260090465773397e-05	1.6434242005028012e-05	0.0003669384293092926	3.75986702482383e-05	4.475949579048383e-05	4.83492979713987e-06	9.51915468035862e-06	0.9994837089611529	3.6052087535756988e-06
n9	4.899567348306217e-12	4.43062241643692e-05	2.233493879666084e-05	5.907297172477035e-05	5.109843207695929e-05	0.0006591362135495992	6.570272348603996e-06	1.2936996857942297e-05	0.9991396443403407	4.89960524078161e-06
KU179098	0.0	0.0	0.0	0.0	0.0	0.0	0.0	0.0	1.0	0.0
n12	1.438064976226648e-13	1.3004256227165141e-06	6.555495811430633e-07	2.925129163649137e-06	1.4997827417429936e-06	1.7440511501411244e-06	5.760863181160093e-05	3.797121939032667e-07	0.999929230236011	4.656481580334662e-06
n8	4.603267657375029e-11	0.00041626820128670244	0.000209842408692805	0.008323892582614088	0.0004800827154743715	0.0005587799067200197	6.17252806145016e-05	0.0001215463631504249	0.9897818297845045	4.6032710910063804e-05
KX051561	0.0	0.0	0.0	0.0	0.0	0.0	0.0	0.0	1.0	0.0
n10	9.688382030156012e-12	8.761092470063353e-05	4.4165005662593686e-05	0.00011535151616849781	0.00010104180551262405	0.017347048005180127	1.2991106296293478e-05	2.5581558323916574e-05	0.9822565216838287	9.68838463823769e-06
KY272987	0.0	0.0	0.0	0.0	0.0	0.0	0.0	0.0	1.0	0.0
n13	1.2367393160995179e-12	1.11836914316397e-05	5.637742063502001e-06	3.2491207761965825e-05	1.2898167419305506e-05	1.4997696677644087e-05	0.0008479941113357431	3.2655355195430143e-06	0.9990037761667008	6.775567985319184e-05
KX051560	0.0	0.0	0.0	0.0	0.0	0.0	0.0	0.0	1.0	0.0
KY328290	0.0	0.0	0.0	1.0	0.0	0.0	0.0	0.0	0.0	0.0
KX051562	0.0	0.0	0.0	0.0	0.0	0.0	0.0	0.0	1.0	0.0
KF993678	0.0	0.0	0.0	0.0	0.0	1.0	0.0	0.0	0.0	0.0
KX694532	0.0	0.0	0.0	0.0	0.0	0.0	0.0	0.0	1.0	0.0
n14	1.2672551085616788e-12	1.1459642234081325e-05	5.776849929262758e-06	3.517683567455801e-05	1.3216421876801919e-05	1.53677455297682e-05	0.0009586809291771741	3.3461110294926506e-06	0.9988954286188778	6.154684440377884e-05
n462	3.5146855068924446e-12	3.1782896910166886e-05	1.6021881138768552e-05	4.1830712627462484e-05	3.6655260736012303e-05	4.2621661169316145e-05	4.872867401139557e-06	9.280304184112102e-06	0.0002054337199938516	0.9996115006923244
KU681081	0.0	0.0	0.0	0.0	0.0	0.0	0.0	0.0	1.0	0.0
n15	1.0085154592709091e-11	9.119889336174911e-05	4.597371452826136e-05	0.0003764309022121817	0.00010517981493189012	0.00012230004993061993	0.012227627343996532	2.6629265780663173e-05	0.9869569884451314	4.767156004151348e-05
MK238035	0.0	0.0	0.0	0.0	0.0	0.0	0.0	0.0	0.0	1.0
n463	6.338378673940503e-15	5.731722954341021e-08	2.8893836881630234e-08	7.543527547876657e-08	6.61040433009584e-08	7.686384105682406e-08	8.684381623853868e-09	1.6736086916248628e-08	2.484980507189567e-07	0.9999994214672482
n16	2.0012535703810657e-10	0.0018097105927057067	0.0009122821023475096	0.012051823301168023	0.0020871418303953066	0.002426867276450083	0.47255100652981313	0.0005284204273806826	0.5074133333709125	0.0002194143687016421
n344	3.931948658482491e-12	3.555615961187683e-05	1.792399744625992e-05	9.526985831916447e-05	4.1006970038898565e-05	4.768170200806681e-05	0.0002619432053077653	1.0382062221605807e-05	0.999485514240344	4.72180077046373e-06
n464	4.054618260522906e-16	3.666544671822419e-09	1.8483193362758667e-09	4.825296954250415e-09	4.228631245470121e-09	4.91692827896686e-09	5.437747793786016e-10	1.0705962377409877e-09	2.0158330913132067e-09	0.9999999768840749
MK238036	0.0	0.0	0.0	0.0	0.0	0.0	0.0	0.0	0.0	1.0
LC219720	0.0	0.0	0.0	1.0	0.0	0.0	0.0	0.0	0.0	0.0
n17	1.112120859105801e-18	1.0056781071272287e-11	5.069662187868663e-12	1.2511432957654404e-10	1.1598500060596519e-11	1.3486395490652368e-11	0.9999999940202692	4.478763016833434e-09	1.334479232180457e-09	1.1627454871978465e-12
n345	4.65960747077375e-13	4.213629458312088e-06	2.124106891033411e-06	1.0610758289645219e-05	4.859584916879147e-06	5.650582689042602e-06	1.3480592770935131e-06	1.2303398051683274e-06	0.9999694947517866	4.681864202197628e-07
n460	7.7130291642272e-12	6.974803586580059e-05	3.516025438030328e-05	0.0007584168317395593	8.044051011812674e-05	9.35338639171991e-05	3.9759693136893025e-05	2.0365764487840822e-05	0.9988947714835901	7.803555051296442e-06
MK238038	0.0	0.0	0.0	0.0	0.0	0.0	0.0	0.0	0.0	1.0
MK238037	0.0	0.0	0.0	0.0	0.0	0.0	0.0	0.0	0.0	1.0
KX447517	0.0	0.0	0.0	0.0	0.0	0.0	1.0	0.0	0.0	0.0
n20	1.5831341549373421e-13	1.4316100129773999e-06	7.216801391586669e-07	1.8840466193196343e-06	1.6510778877801486e-06	1.9198248998145188e-06	0.9999910717963694	4.1802191418848054e-07	7.436285836642018e-07	1.5831341555459294e-07
n23	7.792635174823448e-12	7.046790386629414e-05	3.5523142620859504e-05	0.0030836912547815972	8.127073491884845e-05	9.449922482651911e-05	0.9965695753052063	2.0576269851192685e-05	3.660352095748157e-05	7.792635178339626e-06
KX447513	0.0	0.0	0.0	0.0	0.0	0.0	1.0	0.0	0.0	0.0
n34	6.271055886810575e-13	5.6708437320362215e-06	2.8586942369671466e-06	7.463020475006645e-06	6.540192235418144e-06	7.604743541209151e-06	0.9999646338782744	1.65587835881566e-06	2.9456429297676935e-06	6.271055891993383e-07
n36	3.578265041625659e-12	3.235783951827364e-05	1.6311711835256985e-05	4.2584028422386004e-05	3.731834267144117e-05	4.339267372390102e-05	0.9514838896538298	0.04832375932162828	1.6808159735438017e-05	3.578265056715333e-06
KX447511	0.0	0.0	0.0	0.0	0.0	0.0	1.0	0.0	0.0	0.0
n346	8.698636427164222e-14	7.866076901657856e-07	3.965319759963731e-07	1.0490569118008835e-06	9.071957808463929e-07	1.0548606228566505e-06	1.1861754485210658e-07	2.2968197828697776e-07	0.9999953704549563	8.699245187710358e-08
n458	6.147304085502939e-13	5.558936401047576e-06	2.802281319015562e-06	9.705472707985377e-05	6.411129349575669e-06	7.454673006452019e-06	8.755202890194363e-07	1.6231566584686727e-06	0.9998776046872134	6.148880684064076e-07
MG807647	0.0	0.0	0.0	0.0	0.0	0.0	0.0	0.0	1.0	0.0
n461	5.774972338153171e-11	0.000522224108309684	0.0002632551908275128	0.0218579154226977	0.0006022818154942845	0.000700315614844411	8.432046172956225e-05	0.00015248448219474603	0.975759431937671	5.777090848143034e-05
n21	7.094770026912018e-15	6.415718957627554e-08	3.234188716320918e-08	8.443299965337507e-08	7.399257904825774e-08	8.603639883356886e-08	0.9999995998854411	1.8733296801250186e-08	3.332543068362265e-08	7.094770026985401e-09
KX447515	0.0	0.0	0.0	0.0	0.0	0.0	1.0	0.0	0.0	0.0
n24	1.9616269269378456e-11	0.00017738766746785607	8.942180858108782e-05	0.10013104821920948	0.00020458145211764368	0.00023788130694653368	0.898996126517077	5.179553839303479e-05	9.214120132145783e-05	1.961626926964346e-05
KX447516	0.0	0.0	0.0	0.0	0.0	0.0	1.0	0.0	0.0	0.0
KX369547	0.0	0.0	0.0	0.0	0.0	0.0	1.0	0.0	0.0	0.0
KX447512	0.0	0.0	0.0	0.0	0.0	0.0	1.0	0.0	0.0	0.0
n37	2.5055891053657533e-19	6.1170628001880864e-12	1.1424609323629643e-12	7.1890606467936044e-12	2.8793830257912014e-12	1.08288571870143e-11	3.2192723203582124e-09	0.9999999967506895	1.6309853428692738e-12	2.5055891058762514e-13
KX447510	0.0	0.0	0.0	0.0	0.0	0.0	1.0	0.0	0.0	0.0
n347	2.562003969063921e-31	2.3167907305650385e-24	1.1679031591560134e-24	3.0506373426516278e-24	2.6719580829799197e-24	3.1068744224198176e-24	3.43774562091995e-25	6.764809000802962e-25	1.0	2.562011278311241e-25
MG807646	0.0	0.0	0.0	0.0	0.0	0.0	0.0	0.0	1.0	0.0
n459	1.4830702638939347e-11	0.0001341123386870283	6.760654813056045e-05	0.006679934627812619	0.0001546719531697842	0.00017984800668467853	1.9903400902675148e-05	3.9159529771073366e-05	0.9927099328249605	1.4830755050422998e-05
MH013290	0.0	0.0	0.0	0.0	0.0	0.0	0.0	0.0	1.0	0.0
KY126351	0.0	0.0	0.0	1.0	0.0	0.0	0.0	0.0	0.0	0.0
KY241691	0.0	0.0	0.0	0.0	0.0	0.0	0.0	0.0	1.0	0.0
KX447509	0.0	0.0	0.0	0.0	0.0	0.0	1.0	0.0	0.0	0.0
n22	3.136612559684081e-15	2.8364026720477937e-08	1.4298415465928858e-08	3.732800438276879e-08	3.2712272827142975e-08	3.8036870560668204e-08	0.9999998231085265	8.282026562449533e-09	1.4733241252280974e-08	3.1366125596842985e-09
n25	1.7339600818484838e-11	0.00015680001644432015	7.904349415122776e-05	0.9924571454430153	0.00018083768457050292	0.0002102727510511509	0.006771329608646928	4.578411647835278e-05	8.144726748393154e-05	1.7339600818486835e-05
n31	1.988885774709245e-11	0.00017985265372881553	9.066441767973033e-05	0.10017361277192616	0.00020742432431905257	0.00024118691528860484	0.8989414331687612	5.2515275995220406e-05	9.342159466521387e-05	1.9888857747187957e-05
n338	1.7550669945600056e-10	0.012937487586467268	0.0008000566401254108	0.014488067082823622	0.0018303896087098575	0.025087947584429265	0.00023533627900779465	0.9436208213672019	0.0008243869762722763	0.0001755066994560006
n40	2.2326631902204837e-12	2.018971656891471e-05	1.0177714104571109e-05	2.6570339804783742e-05	0.0001813884104529598	2.7074915859939353e-05	2.9938083208798277e-06	0.9997188852032617	1.0487226203217686e-05	2.232663190220484e-06
n49	1.3141568790924282e-12	1.1883769748476325e-05	6.01891807874688e-06	1.563943696623961e-05	1.3705568536477049e-05	1.5936433142863347e-05	1.7623064724578283e-06	0.9998808631956368	5.2876213224735116e-05	1.3141568790924283e-06
n192	3.3740444809078475e-13	3.051109867515652e-06	1.538076152890744e-06	4.0153622075008e-06	3.518849141240446e-06	4.091614945433412e-06	4.5262162896648547e-07	0.9999814101110148	1.5848502563615478e-06	3.3740444809078476e-07
n291	1.0194241124206887e-12	9.218535069403114e-06	4.6470991294038506e-06	1.2131899346477577e-05	1.0631749732862253e-05	1.236228654580314e-05	1.3669685591984903e-06	0.9999438336155025	4.788420982447771e-06	1.0194241124206884e-06
n328	3.250229712405642e-15	2.9391544910511737e-08	1.4816345316427985e-08	3.868023213668797e-08	3.389721200423305e-08	3.941486047538728e-08	4.4345510999882496e-09	0.9999998208480886	1.5266932503520835e-08	3.2502297124056435e-09
n348	1.8090344451904526e-17	1.6358890479866937e-10	8.246579900233022e-11	2.152884502400354e-10	1.8866731927748726e-10	2.1937682044616305e-10	2.4257196576664785e-11	4.776640725517317e-11	0.9999999990404987	1.8090344451904528e-11
n352	3.0170413248440925e-36	2.728275779246485e-29	1.3753343621388226e-29	3.590501844023461e-29	3.146524381672607e-29	3.658686183442437e-29	4.045526313290265e-30	7.966306280752885e-30	1.0	3.0170413248440926e-30
KY241708	0.0	0.0	0.0	0.0	0.0	0.0	0.0	0.0	1.0	0.0
KY241758	0.0	0.0	0.0	0.0	0.0	0.0	0.0	0.0	1.0	0.0
KY241745	0.0	0.0	0.0	0.0	0.0	0.0	0.0	0.0	1.0	0.0
n454	4.412957008368785e-20	3.9905862812173276e-13	2.0116699636404765e-13	5.251744530533789e-13	4.60234889981924e-13	5.351476196793123e-13	5.917298364382583e-14	1.1652133115636847e-13	0.9999999999976594	4.4129570083687854e-14
n453	8.157405747607495e-15	7.376648221360931e-08	3.718596871116135e-08	9.707914882719026e-08	8.507499007283114e-08	9.892270104403607e-08	1.0938199396999216e-08	2.153911254270718e-08	0.9999995673359833	8.157405747607497e-09
n376	2.02326259076625e-49	1.829613096773974e-42	9.223150315498704e-43	2.4078318063692096e-42	2.1100954169731402e-42	2.453557008104606e-42	2.7129764455790705e-43	5.342296557792902e-43	1.0	2.02326259076625e-43
KY241701	0.0	0.0	0.0	0.0	0.0	0.0	0.0	0.0	1.0	0.0
MG548660	0.0	0.0	0.0	0.0	0.0	0.0	0.0	0.0	1.0	0.0
LC369584	0.0	0.0	0.0	1.0	0.0	0.0	0.0	0.0	0.0	0.0
KX447514	0.0	0.0	0.0	0.0	0.0	0.0	1.0	0.0	0.0	0.0
KJ776791	0.0	0.0	0.0	0.0	0.0	0.0	1.0	0.0	0.0	0.0
n26	2.5650756497156597e-17	2.319568416059337e-10	1.169303401146425e-10	0.9999999933091752	2.675161591657053e-10	3.1105993682682764e-10	5.5494952779681714e-09	6.772919593124573e-11	1.2048628148130986e-10	2.565075649715824e-11
KU761561	0.0	0.0	0.0	1.0	0.0	0.0	0.0	0.0	0.0	0.0
LC191864	0.0	0.0	0.0	1.0	0.0	0.0	0.0	0.0	0.0	0.0
KX806557	0.0	0.0	0.0	0.0	0.0	0.0	1.0	0.0	0.0	0.0
KX051563	0.0	0.0	0.0	0.0	0.0	1.0	0.0	0.0	0.0	0.0
n339	9.863947066516148e-11	0.022296520210354037	0.0004496532823460656	0.024556630301104426	0.0010287280352878141	0.008038870191089937	0.00013226509651483438	0.9429353657304371	0.0004633275835611983	9.86394706651615e-05
KU729218	0.0	0.0	0.0	0.0	0.0	0.0	0.0	1.0	0.0	0.0
n41	1.0338294246930844e-11	9.348800615967827e-05	4.712766512881985e-05	0.00012303333154835093	0.003777991801589269	0.0001253697588335106	1.3862544784083722e-05	0.995760227733799	4.856085357185975e-05	1.0338294246930847e-05
n50	3.612353706408834e-11	0.00032666099211836017	0.00016467626853043798	0.0004298967514469506	0.00037673859217369316	0.00043806057572755286	4.8437788913670506e-05	0.9910322052829055	0.007147200174996148	3.6123537064088344e-05
n63	1.395901466733179e-13	1.2622976462369218e-06	2.334574393265596e-06	1.6612257678584455e-06	1.4558096912338084e-06	1.6927727737260643e-06	1.8717558896405362e-07	0.9999905283099969	7.382438555336671e-07	1.3959014667331792e-07
n193	1.6497442021753824e-12	1.4918447130546818e-05	7.520446840775063e-06	1.9633173573585382e-05	1.7205466537624724e-05	2.000601142117742e-05	2.2121308313276972e-06	0.9999091054284157	7.749149397403956e-06	1.6497442021753825e-06
n194	4.067499262791125e-13	3.6781930518626858e-06	1.8541912097874263e-06	4.840624322457404e-06	4.242065143166683e-06	4.932548732994002e-06	5.454090992540861e-07	0.9999775896395207	1.910578586769833e-06	4.0674992627911256e-07
n292	8.793676945528545e-14	7.952020951106513e-07	4.008644486617587e-07	1.0465124568761395e-06	9.171080164418513e-07	1.0663859353351178e-06	1.1791382796448874e-07	0.9999951550213183	4.1305504401085715e-07	8.793676945528545e-08
KY559003	0.0	0.0	0.0	0.0	0.0	0.0	0.0	1.0	0.0	0.0
KY014313	0.0	0.0	0.0	0.0	0.0	0.0	0.0	1.0	0.0	0.0
n329	1.777725997963329e-19	1.6075775761846336e-12	8.103858675778363e-13	2.115625573260589e-12	1.8540211011623423e-12	2.1558020820510234e-12	2.387056837764176e-13	0.9999999999902052	8.350303701264291e-13	1.777725997963329e-13
KY241730	0.0	0.0	0.0	0.0	0.0	0.0	0.0	0.0	1.0	0.0
n350	4.400990933020407e-15	3.979765496869169e-08	2.006215164439999e-08	5.2375040177339526e-08	4.589869273661467e-08	5.3369652538416184e-08	5.9012531507191e-09	1.1620537452555013e-08	0.9999997665740219	4.400990933020408e-09
KY241787	0.0	0.0	0.0	0.0	0.0	0.0	0.0	0.0	1.0	0.0
KY241707	0.0	0.0	0.0	0.0	0.0	0.0	0.0	0.0	1.0	0.0
KY241782	0.0	0.0	0.0	0.0	0.0	0.0	0.0	0.0	1.0	0.0
KY241734	0.0	0.0	0.0	0.0	0.0	0.0	0.0	0.0	1.0	0.0
KY241744	0.0	0.0	0.0	0.0	0.0	0.0	0.0	0.0	1.0	0.0
n358	8.286964078104784e-16	7.493806329930632e-09	3.777656726334879e-09	9.862098857836818e-09	8.642617622464687e-09	1.0049382063672112e-08	1.1111923114608495e-09	2.1881203097936065e-09	0.9999999560464286	8.286964078104784e-10
KY241688	0.0	0.0	0.0	0.0	0.0	0.0	0.0	0.0	1.0	0.0
n360	2.3069005462246292e-31	2.0861036385440898e-24	1.051612904713364e-24	2.745381906767978e-24	2.4059063278375045e-24	2.797517251602119e-24	3.0933042862373425e-25	6.091224591168367e-25	1.0	2.306900546224629e-25
KY241773	0.0	0.0	0.0	0.0	0.0	0.0	0.0	0.0	1.0	0.0
KY241777	0.0	0.0	0.0	0.0	0.0	0.0	0.0	0.0	1.0	0.0
KY241751	0.0	0.0	0.0	0.0	0.0	0.0	0.0	0.0	1.0	0.0
KY241727	0.0	0.0	0.0	0.0	0.0	0.0	0.0	0.0	1.0	0.0
KY241780	0.0	0.0	0.0	0.0	0.0	0.0	0.0	0.0	1.0	0.0
KY241682	0.0	0.0	0.0	0.0	0.0	0.0	0.0	0.0	1.0	0.0
n457	1.8049274948698297e-15	1.6321751800346518e-08	8.227858148386149e-09	2.1479969284125265e-08	1.8823899835222364e-08	2.1887878144781017e-08	2.42021268119498e-09	4.76579658365406e-09	0.9999999042677044	1.80492749486983e-09
KY241781	0.0	0.0	0.0	0.0	0.0	0.0	0.0	0.0	1.0	0.0
KY241779	0.0	0.0	0.0	0.0	0.0	0.0	0.0	0.0	1.0	0.0
KY241687	0.0	0.0	0.0	0.0	0.0	0.0	0.0	0.0	1.0	0.0
n383	1.2319584867474651e-55	1.1140458941522615e-48	5.61594839818739e-49	1.4661215217712356e-48	1.2848307326250173e-48	1.4939634591417217e-48	1.6519231718762332e-49	3.252908254781795e-49	1.0	1.2319584867474652e-49
KY241695	0.0	0.0	0.0	0.0	0.0	0.0	0.0	0.0	1.0	0.0
n381	1.1654417598617508e-26	1.053895582857992e-19	5.312728354797187e-20	1.3869617076265277e-19	1.215459292064529e-19	1.4133003844862387e-19	1.562731430724327e-20	3.077275055858949e-20	1.0	1.165441759861751e-20
KY241752	0.0	0.0	0.0	0.0	0.0	0.0	0.0	0.0	1.0	0.0
KY241741	0.0	0.0	0.0	0.0	0.0	0.0	0.0	0.0	1.0	0.0
KY241735	0.0	0.0	0.0	0.0	0.0	0.0	0.0	0.0	1.0	0.0
KY241755	0.0	0.0	0.0	0.0	0.0	0.0	0.0	0.0	1.0	0.0
n408	5.0788298892613e-75	4.59272747101028e-68	2.3152116640363675e-68	6.044182402379425e-68	5.29679920037359e-68	6.158962620392689e-68	6.810161925373503e-69	1.3410328228695558e-68	1.0	5.0788298892613e-69
KY241771	0.0	0.0	0.0	0.0	0.0	0.0	0.0	0.0	1.0	0.0
n30	3.0332171150444606e-14	2.742903360330783e-07	1.3827081822831205e-07	0.9999986096437643	3.1633943919834226e-07	3.6783021362054995e-07	4.072731300452515e-08	8.009017428925979e-08	1.4247573985905715e-07	3.03321711504446e-08
KU963796	0.0	0.0	0.0	1.0	0.0	0.0	0.0	0.0	0.0	0.0
n29	5.869842209387845e-14	5.308030816813254e-07	2.6757988445256533e-07	0.9999973094339569	6.121759578273023e-07	7.118202330750083e-07	7.878175035092628e-08	1.5498946094844014e-07	2.7571719396229133e-07	5.8698422093878444e-08
KU820899	0.0	0.0	0.0	1.0	0.0	0.0	0.0	0.0	0.0	0.0
KU744693	0.0	0.0	0.0	1.0	0.0	0.0	0.0	0.0	0.0	0.0
n340	7.6786812115682e-11	0.02830055260227708	0.00035003677408116377	0.015027197156914921	0.0008008228940278998	0.005061292875494533	0.0001029629530035979	0.9499196661944331	0.0003606816608651723	7.678681211568201e-05
n42	8.995764397252866e-12	8.13476630854974e-05	4.1007671281686015e-05	0.00010705623549395128	0.9963826516985093	0.00010908925455787644	1.206234776128279e-05	0.003215534609900804	4.225474601667969e-05	8.995764397252866e-06
n43	5.4175355261266276e-14	4.899015084221339e-07	2.4696124331591236e-07	6.447267108185467e-07	1.1029587785770103e-05	6.569701984701301e-07	7.26433232200367e-08	0.9999865505622966	2.5447152413883706e-07	5.417535526126628e-08
n51	8.913756559212795e-14	8.060607564024901e-07	4.063450881221428e-07	1.0608028170190403e-06	9.296310300756096e-07	1.080947672147224e-06	1.195238800144558e-07	0.9999860368724087	9.470678692798309e-06	8.913756559212795e-08
KY241788	0.0	0.0	0.0	0.0	0.0	0.0	0.0	0.0	1.0	0.0
n64	1.9934295406981795e-17	1.802635412668891e-10	9.347828069284351e-11	2.3723282765420125e-10	2.0789820150304003e-10	2.417379257683135e-10	2.672973594546713e-11	0.9999999988989633	9.376175249992261e-11	1.9934295406981796e-11
n94	7.586046559484767e-14	6.85997467723049e-07	8.824132118091303e-05	9.027955280727078e-07	7.911618665403428e-07	9.199397935258536e-07	1.0172068786984342e-07	0.9999079240055649	3.5719736915018427e-07	7.586046559484767e-08
KX197205	0.0	0.0	0.0	0.0	0.0	0.0	0.0	1.0	0.0	0.0
KY559021	0.0	0.0	0.0	0.0	0.0	0.0	0.0	1.0	0.0	0.0
n195	2.1776831239913534e-13	1.969253811291924e-06	9.92708454343064e-07	2.591603637684852e-06	2.2711432523835928e-06	2.6408187027921508e-06	2.9200378022825105e-07	0.9999880018023514	1.0228974798105864e-06	2.177683123991354e-07
n200	9.064549666510992e-14	8.197212457170593e-07	4.13212325963444e-07	1.0787486429369419e-06	9.453656162492575e-07	1.0992339531818423e-06	1.2154581645754726e-07	0.9999950057483826	4.2577842971444874e-07	9.064549666510993e-08
n293	6.77616869118577e-17	6.127611433155435e-10	3.0889525999842414e-10	8.06414084585192e-10	7.128810894735007e-10	8.217280473854475e-10	9.086110259526798e-11	0.9999999962604085	3.182890017664598e-10	6.776168691185771e-11
KY785429	0.0	0.0	0.0	0.0	0.0	0.0	0.0	1.0	0.0	0.0
KY014317	0.0	0.0	0.0	0.0	0.0	0.0	0.0	1.0	0.0	0.0
n335	7.836045267894959e-13	7.0860456346522295e-06	3.5721029842931203e-06	9.325472194412878e-06	8.17234662591036e-06	9.50256475388461e-06	1.0507289728662994e-06	0.9999568264001477	3.680733375711649e-06	7.836045267894958e-07
n332	3.0899581584302303e-13	2.794213633439678e-06	1.4085738892157533e-06	3.677278257490356e-06	3.2225706037855913e-06	3.7471104981461016e-06	4.143299905760175e-07	0.9999829755173012	1.4514097015090278e-06	3.08995815843023e-07
n334	1.143662539513183e-19	1.0342008843206213e-12	5.213446618483792e-13	1.36104282803456e-12	1.192745367904372e-12	1.3868893002499254e-12	1.5335278510550218e-13	0.9999999999936986	5.371991528665871e-13	1.1436625395131832e-13
KY785427	0.0	0.0	0.0	0.0	0.0	0.0	0.0	1.0	0.0	0.0
KY241673	0.0	0.0	0.0	0.0	0.0	0.0	0.0	0.0	1.0	0.0
KY241766	0.0	0.0	0.0	0.0	0.0	0.0	0.0	0.0	1.0	0.0
KY241714	0.0	0.0	0.0	0.0	0.0	0.0	0.0	0.0	1.0	0.0
KY241738	0.0	0.0	0.0	0.0	0.0	0.0	0.0	0.0	1.0	0.0
KY241721	0.0	0.0	0.0	0.0	0.0	0.0	0.0	0.0	1.0	0.0
n363	9.561446273748781e-16	8.646305925088176e-09	4.3586362254121425e-09	1.1378826731582902e-08	9.971797063786626e-09	1.159491289941134e-08	1.28208659838495e-09	2.5246392509251526e-09	0.9999999492866498	9.561446273748783e-10
KY241716	0.0	0.0	0.0	0.0	0.0	0.0	0.0	0.0	1.0	0.0
KY241783	0.0	0.0	0.0	0.0	0.0	0.0	0.0	0.0	1.0	0.0
KY241749	0.0	0.0	0.0	0.0	0.0	0.0	0.0	0.0	1.0	0.0
KY241697	0.0	0.0	0.0	0.0	0.0	0.0	0.0	0.0	1.0	0.0
KY241706	0.0	0.0	0.0	0.0	0.0	0.0	0.0	0.0	1.0	0.0
KY241671	0.0	0.0	0.0	0.0	0.0	0.0	0.0	0.0	1.0	0.0
KY241778	0.0	0.0	0.0	0.0	0.0	0.0	0.0	0.0	1.0	0.0
KY241776	0.0	0.0	0.0	0.0	0.0	0.0	0.0	0.0	1.0	0.0
KY241760	0.0	0.0	0.0	0.0	0.0	0.0	0.0	0.0	1.0	0.0
KY241785	0.0	0.0	0.0	0.0	0.0	0.0	0.0	0.0	1.0	0.0
KY241702	0.0	0.0	0.0	0.0	0.0	0.0	0.0	0.0	1.0	0.0
KY241709	0.0	0.0	0.0	0.0	0.0	0.0	0.0	0.0	1.0	0.0
KY241763	0.0	0.0	0.0	0.0	0.0	0.0	0.0	0.0	1.0	0.0
KY241762	0.0	0.0	0.0	0.0	0.0	0.0	0.0	0.0	1.0	0.0
KY241742	0.0	0.0	0.0	0.0	0.0	0.0	0.0	0.0	1.0	0.0
KY241757	0.0	0.0	0.0	0.0	0.0	0.0	0.0	0.0	1.0	0.0
KY241703	0.0	0.0	0.0	0.0	0.0	0.0	0.0	0.0	1.0	0.0
n392	8.995575298122067e-39	8.134595308376381e-32	4.1006809263223425e-32	1.0705398507469308e-31	9.38164047327909e-32	1.0908696140267829e-31	1.2062094168901484e-32	2.3752246085034474e-32	1.0	8.995575298122066e-33
n382	1.8290480623492226e-15	1.6539871318610358e-08	8.337813040337823e-09	2.1767021838893062e-08	1.9075457389468367e-08	2.218038188427887e-08	2.452555755062031e-09	4.829485412383094e-09	0.9999999029883635	1.829048062349223e-09
KY241772	0.0	0.0	0.0	0.0	0.0	0.0	0.0	0.0	1.0	0.0
KY241704	0.0	0.0	0.0	0.0	0.0	0.0	0.0	0.0	1.0	0.0
KY241719	0.0	0.0	0.0	0.0	0.0	0.0	0.0	0.0	1.0	0.0
KY241683	0.0	0.0	0.0	0.0	0.0	0.0	0.0	0.0	1.0	0.0
KY241786	0.0	0.0	0.0	0.0	0.0	0.0	0.0	0.0	1.0	0.0
KY241748	0.0	0.0	0.0	0.0	0.0	0.0	0.0	0.0	1.0	0.0
KY241722	0.0	0.0	0.0	0.0	0.0	0.0	0.0	0.0	1.0	0.0
KY241770	0.0	0.0	0.0	0.0	0.0	0.0	0.0	0.0	1.0	0.0
KY241711	0.0	0.0	0.0	0.0	0.0	0.0	0.0	0.0	1.0	0.0
KY241743	0.0	0.0	0.0	0.0	0.0	0.0	0.0	0.0	1.0	0.0
KY241699	0.0	0.0	0.0	0.0	0.0	0.0	0.0	0.0	1.0	0.0
n452	2.3141948291981227e-15	2.092699774765254e-08	1.0549380424693501e-08	2.754062641848234e-08	2.4135136612319526e-08	2.8063628355566643e-08	3.1030851312867153e-09	6.110484682764338e-09	0.9999998772564636	2.314194829198123e-09
KY241732	0.0	0.0	0.0	0.0	0.0	0.0	0.0	0.0	1.0	0.0
KY241724	0.0	0.0	0.0	0.0	0.0	0.0	0.0	0.0	1.0	0.0
n422	6.653686975553577e-17	6.016852625984065e-10	3.033118657354571e-10	7.918378564640488e-10	6.939244790648889e-10	8.068750138073348e-10	8.921875056315213e-11	1.756863848931708e-10	0.9999999964709235	6.653686975553577e-11
KY241731	0.0	0.0	0.0	0.0	0.0	0.0	0.0	0.0	1.0	0.0
KY241750	0.0	0.0	0.0	0.0	0.0	0.0	0.0	0.0	1.0	0.0
KY241718	0.0	0.0	0.0	0.0	0.0	0.0	0.0	0.0	1.0	0.0
KY241710	0.0	0.0	0.0	0.0	0.0	0.0	0.0	0.0	1.0	0.0
n437	1.939387817205817e-15	1.753766103459576e-08	8.840802691538873e-09	2.3080146356013062e-08	2.0226209704543115e-08	2.3518442895422326e-08	2.6005094400177444e-09	5.120830537454009e-09	0.9999998971360075	1.939387817205817e-09
KY241728	0.0	0.0	0.0	0.0	0.0	0.0	0.0	0.0	1.0	0.0
KY241747	0.0	0.0	0.0	0.0	0.0	0.0	0.0	0.0	1.0	0.0
KY241715	0.0	0.0	0.0	0.0	0.0	0.0	0.0	0.0	1.0	0.0
KY241768	0.0	0.0	0.0	0.0	0.0	0.0	0.0	0.0	1.0	0.0
KY241723	0.0	0.0	0.0	0.0	0.0	0.0	0.0	0.0	1.0	0.0
n444	8.656908871526658e-26	7.828343152890258e-19	3.9462980314100573e-19	1.0302360465137395e-18	9.028439421718601e-19	1.049800432588094e-18	1.1607979096317747e-19	2.2858018863467817e-19	1.0	8.656908871526659e-20
n451	2.315555052644934e-15	2.093929809187964e-08	1.0555581075745848e-08	2.7556814081388527e-08	2.4149322617014493e-08	2.8080123425389727e-08	3.1049090439062463e-09	6.114076266511744e-09	0.9999998771843182	2.3155550526449343e-09
KU997667	0.0	0.0	0.0	1.0	0.0	0.0	0.0	0.0	0.0	0.0
KX013000	0.0	0.0	0.0	1.0	0.0	0.0	0.0	0.0	0.0	0.0
MF099651	0.0	0.0	0.0	1.0	0.0	0.0	0.0	0.0	0.0	0.0
MF036115	0.0	0.0	0.0	1.0	0.0	0.0	0.0	0.0	0.0	0.0
n341	7.594119247071569e-16	8.787101629034367e-06	3.4618197187661037e-09	7.109891912966407e-08	7.920037810428643e-09	2.7370738280124883e-08	1.0182899135523607e-09	0.9999910977020571	3.567096311582228e-09	7.59411924707157e-10
KU509998	0.0	1.0	0.0	0.0	0.0	0.0	0.0	0.0	0.0	0.0
KY003154	0.0	0.0	0.0	0.0	1.0	0.0	0.0	0.0	0.0	0.0
KY003153	0.0	0.0	0.0	0.0	1.0	0.0	0.0	0.0	0.0	0.0
KX101060	0.0	0.0	0.0	0.0	0.0	0.0	0.0	1.0	0.0	0.0
n44	2.325155103340954e-18	2.1026110246552042e-11	1.0599343418315667e-11	2.767106176989692e-11	4.646094422294051e-11	2.8196540700139076e-11	3.117781732560538e-12	0.9999999998496815	1.0921677580965304e-11	2.325155103340954e-12
n52	8.548973591105925e-20	7.730738519887991e-13	3.8970967798759333e-13	1.0173909515474408e-12	8.915871858030457e-13	1.0367114067315132e-12	1.1463249645832401e-13	0.9999999999950723	6.190759135728182e-13	8.548973591105926e-14
n62	1.657027344427066e-14	1.498430774590902e-07	7.553651920442593e-08	1.9719848338770775e-07	1.7281423682879306e-07	2.0094332154943007e-07	2.2218945916153583e-08	0.9999990268271103	1.3804801546679562e-07	1.6570273444270663e-08
MH513600	0.0	0.0	0.0	0.0	0.0	0.0	0.0	1.0	0.0	0.0
n66	9.656514182683185e-16	8.732274747434005e-09	4.402060060425767e-09	1.1491964781709592e-08	1.0070945024046066e-08	1.1710199237070448e-08	1.2948341774261493e-09	0.9999999467962246	4.535845037910856e-09	9.656514182683185e-10
n93	3.296620670590991e-14	2.9810961669215715e-07	1.5027822513201214e-07	3.9232218993269827e-07	3.4381024985385237e-07	3.99772465833403e-07	4.420411997009164e-08	0.9999981836886068	1.5484828601006684e-07	3.29662067059099e-08
n95	7.636183488703077e-19	6.905312925797663e-12	1.2167581493503908e-11	9.08762192672582e-12	7.96390733274816e-12	9.260197662620729e-12	1.0239296688235495e-12	0.999999999949241	3.5869403300913062e-12	7.636183488703078e-13
KY785410	0.0	0.0	0.0	0.0	0.0	0.0	0.0	1.0	0.0	0.0
n101	1.2026545162212795e-32	1.2877216583364783e-24	1.0	5.1124618494141285e-25	1.2542691168522467e-25	5.035362488521918e-25	1.612629714786817e-26	1.3964990979288315e-23	6.006702579849967e-26	1.2026545162212805e-26
n196	1.3361675136147576e-14	1.2082809189320978e-07	6.090990799215958e-08	1.590137954708503e-07	1.3935121222822711e-07	1.6203349886432093e-07	1.7916562137943078e-08	0.9999992638230177	6.276222500976846e-08	1.3361675136147576e-08
n198	1.1271495276145585e-16	1.019268357540648e-09	5.138171173962796e-10	1.3413911251613155e-09	1.1755236632769307e-09	1.3668644076562447e-09	1.5113856866936443e-10	0.9999999937898391	5.294426900143573e-10	1.1271495276145585e-10
n201	3.1375114103763187e-18	5.693050495359669e-10	1.4302512924698435e-11	4.471492167005401e-11	2.122767807526587e-10	3.804777068518774e-11	4.207063681479523e-12	0.9999999990992708	1.4737463312218803e-11	3.1375114103763192e-12
KU527068	0.0	0.0	0.0	0.0	0.0	0.0	0.0	1.0	0.0	0.0
n294	6.241117123779521e-14	5.64377045287176e-07	2.8450464923315415e-07	7.427389992032925e-07	6.508968988864802e-07	7.568437595463867e-07	8.368663478578759e-08	0.9999965613841256	2.9315665382050355e-07	6.241117123779521e-08
n296	3.7486381377735996e-19	3.3898505462621046e-12	1.7088366709258666e-12	4.461156045632989e-12	3.909519829559709e-12	4.5458742828675914e-12	5.026518563235799e-13	0.9999999999793465	1.7608037007774232e-12	3.748638137773601e-13
n325	1.5244743720700734e-14	1.3785646458176055e-07	6.949397646107227e-08	1.8142370139285248e-07	9.047273547265247e-07	1.8486897332747296e-07	2.0441553568933732e-08	0.9999984143358754	7.160734158447176e-08	1.5244743720700735e-08
KY014309	0.0	0.0	0.0	0.0	0.0	0.0	0.0	1.0	0.0	0.0
n336	2.415361575374921e-13	2.184183700088549e-06	1.101055442710766e-06	2.874458536233412e-06	2.5190222039352016e-06	2.92904507176369e-06	3.238738803087462e-07	0.999986692285383	1.134539383190954e-06	2.415361575374921e-07
KY014296	0.0	0.0	0.0	0.0	0.0	0.0	0.0	1.0	0.0	0.0
KY014320	0.0	0.0	0.0	0.0	0.0	0.0	0.0	1.0	0.0	0.0
MH763833	0.0	0.0	0.0	0.0	0.0	0.0	0.0	1.0	0.0	0.0
MH763832	0.0	0.0	0.0	0.0	0.0	0.0	0.0	1.0	0.0	0.0
KY241698	0.0	0.0	0.0	0.0	0.0	0.0	0.0	0.0	1.0	0.0
KY241740	0.0	0.0	0.0	0.0	0.0	0.0	0.0	0.0	1.0	0.0
KY241784	0.0	0.0	0.0	0.0	0.0	0.0	0.0	0.0	1.0	0.0
KY241761	0.0	0.0	0.0	0.0	0.0	0.0	0.0	0.0	1.0	0.0
KY241746	0.0	0.0	0.0	0.0	0.0	0.0	0.0	0.0	1.0	0.0
n396	2.3971459979791932e-21	2.167711562897548e-14	1.0927517747058746e-14	2.852780654763661e-14	2.5000248644125604e-14	2.9069555230417745e-14	3.2143136826687035e-15	6.329511983257342e-15	0.9999999999998728	2.3971459979791938e-15
KY241739	0.0	0.0	0.0	0.0	0.0	0.0	0.0	0.0	1.0	0.0
n403	2.451504522090944e-15	2.2168673512218396e-08	1.1175313975338469e-08	2.917471310292458e-08	2.5567163058127542e-08	2.9728746669004558e-08	3.2872025880459187e-09	6.473042218815608e-09	0.9999998699736379	2.451504522090944e-09
KY241705	0.0	0.0	0.0	0.0	0.0	0.0	0.0	0.0	1.0	0.0
KY241725	0.0	0.0	0.0	0.0	0.0	0.0	0.0	0.0	1.0	0.0
KY241737	0.0	0.0	0.0	0.0	0.0	0.0	0.0	0.0	1.0	0.0
KY241679	0.0	0.0	0.0	0.0	0.0	0.0	0.0	0.0	1.0	0.0
KX827309	0.0	0.0	0.0	0.0	0.0	0.0	0.0	0.0	1.0	0.0
KY241674	0.0	0.0	0.0	0.0	0.0	0.0	0.0	0.0	1.0	0.0
n423	1.66524818825273e-37	1.505864789133702e-30	7.591122587330653e-31	1.9817682447512142e-30	1.7367160279596495e-30	2.0194024152710785e-30	2.232917828556256e-31	4.396982232842174e-31	1.0	1.66524818825273e-31
KY241713	0.0	0.0	0.0	0.0	0.0	0.0	0.0	0.0	1.0	0.0
KX813683	0.0	0.0	0.0	0.0	0.0	0.0	0.0	0.0	1.0	0.0
KY241759	0.0	0.0	0.0	0.0	0.0	0.0	0.0	0.0	1.0	0.0
KY241692	0.0	0.0	0.0	0.0	0.0	0.0	0.0	0.0	1.0	0.0
KY241693	0.0	0.0	0.0	0.0	0.0	0.0	0.0	0.0	1.0	0.0
KY241775	0.0	0.0	0.0	0.0	0.0	0.0	0.0	0.0	1.0	0.0
n449	9.372319699836356e-19	8.475280938930982e-12	4.272421869064607e-12	1.1153752150471058e-11	9.774553701179252e-12	1.1365564107534596e-11	1.2567267690380747e-12	2.474701578503854e-12	0.9999999999502899	9.372319699836356e-13
KY241774	0.0	0.0	0.0	0.0	0.0	0.0	0.0	0.0	1.0	0.0
KY241689	0.0	0.0	0.0	0.0	0.0	0.0	0.0	0.0	1.0	0.0
KY241736	0.0	0.0	0.0	0.0	0.0	0.0	0.0	0.0	1.0	0.0
MF352141	0.0	0.0	0.0	0.0	0.0	0.0	0.0	1.0	0.0	0.0
KR872956	0.0	0.0	0.0	0.0	0.0	0.0	0.0	1.0	0.0	0.0
KU321639	0.0	0.0	0.0	0.0	0.0	0.0	0.0	1.0	0.0	0.0
MF783073	0.0	1.0	0.0	0.0	0.0	0.0	0.0	0.0	0.0	0.0
n47	4.225955810475652e-16	3.821483248156194e-09	1.9264244712749255e-09	5.029199303744564e-09	4.407458339621777e-09	5.124704792177328e-09	5.666549970433493e-10	0.9999999767164706	1.985008516940182e-09	4.2259558104756513e-10
n46	2.514625320721594e-15	2.2739467636424157e-08	1.1463053498849518e-08	2.9925897191830936e-08	2.6225493288094732e-08	3.0494195892176026e-08	3.3718407564639947e-09	0.9999998614537702	1.1811653747472523e-08	2.514625320721594e-09
KU940228	0.0	0.0	0.0	0.0	0.0	0.0	0.0	1.0	0.0	0.0
n57	1.5524517064280946e-16	1.4038642275861163e-09	7.076933815362771e-10	1.8475321066328077e-09	1.6190786335674969e-09	1.882617106367815e-09	2.0816699382769957e-10	0.9999999914465865	7.292157672159133e-10	1.552451706428095e-10
KY559017	0.0	0.0	0.0	0.0	0.0	0.0	0.0	1.0	0.0	0.0
n54	6.205409601991135e-20	5.61148055149389e-13	2.828769028350449e-13	7.384895405773544e-13	6.471728593886397e-13	7.525136028615461e-13	8.320783551384915e-14	0.9999999999965812	2.9148864662472054e-13	6.205409601991133e-14
KY559007	0.0	0.0	0.0	0.0	0.0	0.0	0.0	1.0	0.0	0.0
KY559005	0.0	0.0	0.0	0.0	0.0	0.0	0.0	1.0	0.0	0.0
KY441401	0.0	0.0	0.0	0.0	0.0	0.0	0.0	1.0	0.0	0.0
n67	1.2253150703021569e-15	1.1080385993099606e-08	5.585664250585387e-09	1.4582264553059187e-08	1.2779021991473236e-08	1.48590716380864e-08	1.643015068490903e-09	0.9999999324897317	5.7555283682332285e-09	1.225315070302157e-09
KY693680	0.0	0.0	0.0	0.0	0.0	0.0	0.0	1.0	0.0	0.0
KY631492	0.0	0.0	0.0	0.0	0.0	0.0	0.0	1.0	0.0	0.0
n96	4.8000548391326114e-15	4.3406343986147175e-08	2.188160819375886e-08	5.712419518221212e-08	5.006059897266016e-08	5.8208994935155615e-08	6.436354715144898e-09	0.9999997355351115	2.2546733013865732e-08	4.800054839132611e-09
n98	1.6548356424488228e-16	1.4964488436896792e-09	7.545710000658194e-10	1.96937654676483e-09	1.725856604531311e-09	2.006775396491617e-09	2.2189557300954373e-10	0.999999990882286	7.773064840890636e-10	1.6548356424488227e-10
KU926309	0.0	0.0	0.0	0.0	0.0	0.0	0.0	1.0	0.0	0.0
n189	1.772295943392337e-14	1.6026668432405313e-07	0.9999990575277078	2.1091629738397165e-07	1.8483579762407178e-07	2.1492163954352536e-07	2.3764572977142764e-08	4.6796350414354446e-08	8.324797276515661e-08	1.7722959433923368e-08
n180	8.532640359831798e-16	7.71596856663973e-09	0.9999999546250885	1.0154471764800316e-08	8.898837649710308e-09	1.034730718990504e-08	1.1441348453961213e-09	2.2529895739312164e-09	4.007936794859025e-09	8.532640359831798e-10
n104	3.499500370603406e-20	3.164557946873581e-13	0.9999999999968887	4.164663715523226e-13	3.649689233323631e-13	1.6744414185702682e-12	4.6924517460418646e-14	9.240208794049449e-14	1.6437791477760916e-13	3.499500370603406e-14
n172	3.261997185384191e-14	2.2725407338070128e-05	0.9999757069083748	3.882017396605104e-07	3.401993069249449e-07	4.555326861956708e-07	4.373985645699589e-08	8.613096695673257e-08	2.2125972640093907e-07	3.261997185384192e-08
n163	2.396658351356055e-17	2.1672705896633458e-10	0.999999998725504	2.85220031929222e-10	2.4995162893470787e-10	2.9063641668850703e-10	3.213659801255397e-11	6.328224383274968e-11	1.1257541377608769e-10	2.396658351356055e-11
n159	1.1510330490150892e-13	1.0408659513148628e-06	0.9999274602917689	3.555799221171395e-05	1.2004321992586872e-06	3.3626389165506704e-05	1.5434109068750975e-07	3.039229768653198e-07	5.40661215602586e-07	1.1510330490150893e-07
n121	8.264354632134002e-16	7.473360867909175e-09	0.9999999560517797	9.835191948480968e-09	8.619037841699189e-09	1.0021964186791403e-08	1.108160629135171e-09	2.182150428971683e-09	3.881918095578382e-09	8.264354632134004e-10
n143	1.3401667504592681e-14	1.211897382817066e-07	0.9999992873255542	1.5948973417099575e-07	1.397682995291735e-07	1.6251847573442341e-07	1.797018757593533e-08	3.538625312661752e-08	6.295007645814146e-08	1.340166750459268e-08
n148	5.63849299910004e-15	5.098824386069838e-08	0.9999997001559788	6.710222808044646e-08	5.8804815006885544e-08	6.83765126495583e-08	7.560609663290211e-09	1.4888083176995588e-08	2.6485029962159973e-08	5.63849299910004e-09
KX879604	0.0	0.0	0.0	0.0	0.0	0.0	0.0	1.0	0.0	0.0
n197	2.6258003806448067e-15	2.3744810920085857e-08	1.1969850932700175e-08	3.1248962455726085e-08	2.7384924598377885e-08	3.1842386426839925e-08	3.520914495255849e-09	0.9999998553284842	1.2333863279980802e-08	2.625800380644807e-09
KX811222	0.0	0.0	0.0	0.0	0.0	0.0	0.0	1.0	0.0	0.0
KX280026	0.0	0.0	0.0	0.0	0.0	0.0	0.0	1.0	0.0	0.0
MH513599	0.0	0.0	0.0	0.0	0.0	0.0	0.0	1.0	0.0	0.0
MF073359	0.0	0.0	0.0	0.0	0.0	0.0	0.0	1.0	0.0	0.0
n203	1.1763614120754313e-14	1.0491993608269167e-05	5.362506171191056e-08	1.3999713042413838e-07	3.570045410872553e-06	1.4265423577907484e-07	1.5773735040691408e-08	0.9999855188913509	5.525584096693817e-08	1.1763614120754307e-08
n287	4.762285899647193e-15	4.306943173116689e-08	2.1709133998860435e-08	1.3653183316248268e-06	4.966823636932747e-08	5.775098099971271e-08	6.3857106496311e-09	0.9999984289665584	2.236932541384008e-08	4.7622858996471934e-09
KY014307	0.0	0.0	0.0	0.0	0.0	0.0	0.0	1.0	0.0	0.0
KY785433	0.0	0.0	0.0	0.0	0.0	0.0	0.0	1.0	0.0	0.0
n322	1.4745880014551765e-16	1.3334529745459135e-09	6.721987967824727e-10	1.7548685511204516e-09	1.5378732342460646e-09	1.7881938516290168e-09	1.9772631259723618e-10	0.9999999918755863	6.926408777418975e-10	1.4745880014551767e-10
n298	2.4402526624024598e-15	2.206707670635563e-08	1.1124024977560314e-08	2.904080766839334e-08	2.5449815474731163e-08	2.9592300452275404e-08	3.2721150603848375e-09	0.9999998655512928	1.146231180730125e-08	2.4402526624024605e-09
KY558999	0.0	0.0	0.0	0.0	0.0	0.0	0.0	1.0	0.0	0.0
KU497555	0.0	0.0	0.0	0.0	0.0	0.0	0.0	1.0	0.0	0.0
n326	6.857788301908826e-14	6.201419108591287e-07	3.126159334385732e-07	8.161274206344706e-07	4.0628422298327266e-05	8.316258416004148e-07	9.195552874231907e-08	0.9999563084102912	3.221228237388876e-07	6.857788301908824e-08
n337	1.5476873183495561e-13	1.3995558462290005e-06	7.055215098462822e-07	1.841862133192016e-06	1.614109771149397e-06	1.8768394590111263e-06	2.0752814088326553e-07	0.9999914728372928	7.269769600686837e-07	1.547687318349556e-07
KY559031	0.0	0.0	0.0	0.0	0.0	0.0	0.0	1.0	0.0	0.0
KY241754	0.0	0.0	0.0	0.0	0.0	0.0	0.0	0.0	1.0	0.0
KY241753	0.0	0.0	0.0	0.0	0.0	0.0	0.0	0.0	1.0	0.0
n399	1.7256952923779617e-15	1.5605264103559378e-08	7.866673931989515e-09	2.0537047598530543e-08	1.799757354362884e-08	2.092705019007711e-08	2.313970861634435e-09	4.556588977794876e-09	0.9999999084701339	1.725695292377962e-09
n400	1.7577862869433466e-15	1.589545927749918e-08	8.012962440461518e-09	2.0918954118055974e-08	1.833225605526903e-08	2.1316209189864315e-08	2.3570014167232445e-09	4.641323213768605e-09	0.9999999067680463	1.7577862869433468e-09
KY241696	0.0	0.0	0.0	0.0	0.0	0.0	0.0	0.0	1.0	0.0
KY241764	0.0	0.0	0.0	0.0	0.0	0.0	0.0	0.0	1.0	0.0
KY241685	0.0	0.0	0.0	0.0	0.0	0.0	0.0	0.0	1.0	0.0
KY241676	0.0	0.0	0.0	0.0	0.0	0.0	0.0	0.0	1.0	0.0
KY241678	0.0	0.0	0.0	0.0	0.0	0.0	0.0	0.0	1.0	0.0
KY241684	0.0	0.0	0.0	0.0	0.0	0.0	0.0	0.0	1.0	0.0
KY241767	0.0	0.0	0.0	0.0	0.0	0.0	0.0	0.0	1.0	0.0
KY241677	0.0	0.0	0.0	0.0	0.0	0.0	0.0	0.0	1.0	0.0
KY241675	0.0	0.0	0.0	0.0	0.0	0.0	0.0	0.0	1.0	0.0
KY241681	0.0	0.0	0.0	0.0	0.0	0.0	0.0	0.0	1.0	0.0
KY241756	0.0	0.0	0.0	0.0	0.0	0.0	0.0	0.0	1.0	0.0
KY241680	0.0	0.0	0.0	0.0	0.0	0.0	0.0	0.0	1.0	0.0
KY241690	0.0	0.0	0.0	0.0	0.0	0.0	0.0	0.0	1.0	0.0
KY241694	0.0	0.0	0.0	0.0	0.0	0.0	0.0	0.0	1.0	0.0
KY241686	0.0	0.0	0.0	0.0	0.0	0.0	0.0	0.0	1.0	0.0
n48	1.634432493061486e-15	1.477998510299998e-08	7.450647599001137e-09	1.9450952931751384e-08	1.704577910593433e-08	1.982033037098837e-08	2.191597312084727e-09	0.999999909949046	7.677227506848105e-09	1.634432493061486e-09
KU940227	0.0	0.0	0.0	0.0	0.0	0.0	0.0	1.0	0.0	0.0
KX520666	0.0	0.0	0.0	0.0	0.0	0.0	0.0	1.0	0.0	0.0
KU940224	0.0	0.0	0.0	0.0	0.0	0.0	0.0	1.0	0.0	0.0
n58	4.875621556897706e-16	4.4089685126018095e-09	2.222578063074006e-09	5.802349489431134e-09	5.0848697292470645e-09	5.912537252646863e-09	6.537681515878536e-10	0.9999999731371979	2.290168373773648e-09	4.875621556897706e-10
KY559009	0.0	0.0	0.0	0.0	0.0	0.0	0.0	1.0	0.0	0.0
KY559006	0.0	0.0	0.0	0.0	0.0	0.0	0.0	1.0	0.0	0.0
KY559011	0.0	0.0	0.0	0.0	0.0	0.0	0.0	1.0	0.0	0.0
n56	8.357314206562525e-16	7.55742314218893e-09	3.809726207204125e-09	9.945820702769736e-09	8.715986983574623e-09	1.0134693802981827e-08	1.120625503292713e-09	0.9999999539544085	3.925582903545815e-09	8.357314206562524e-10
n68	2.0829059215403134e-20	6.828249718819994e-13	9.495037618558796e-14	2.0537072651878517e-11	2.1722984742993286e-13	2.5259712962232107e-13	2.7929517054708863e-14	0.9999999999780689	9.783788992860595e-14	2.082905921540314e-14
n90	9.32795958376933e-18	8.435166596510302e-11	4.252200073851962e-11	1.1100960357852742e-10	9.7282897718027e-11	1.1311769768552948e-10	1.2507785569492317e-11	0.9999999994860651	4.3815127393345276e-11	9.32795958376933e-12
KY559025	0.0	0.0	0.0	0.0	0.0	0.0	0.0	1.0	0.0	0.0
KY272991	0.0	0.0	0.0	0.0	0.0	0.0	0.0	1.0	0.0	0.0
KY785437	0.0	0.0	0.0	0.0	0.0	0.0	0.0	1.0	0.0	0.0
n99	5.989421489969674e-15	5.416164985286397e-08	2.7303105945281695e-08	7.127853611843102e-08	6.246470870357509e-08	7.263212960232705e-08	8.031166838694405e-09	0.9999996700058703	2.8133405086016766e-08	5.9894214899696735e-09
n190	1.8988426001594028e-14	1.7171015298850856e-07	0.9999989902326726	2.2597628349472323e-07	1.9803356649975351e-07	2.3026761776602861e-07	2.546142686374484e-08	5.0137734631767686e-08	8.919210002863261e-08	1.898842600159403e-08
MF801406	0.0	0.0	1.0	0.0	0.0	0.0	0.0	0.0	0.0	0.0
n181	7.15655429136037e-15	6.471589757554932e-08	0.9999996194284511	8.516827783693439e-08	7.463693778769428e-08	8.67856402603598e-08	9.596165773329227e-09	1.8896427745403598e-08	3.3615640715126676e-08	7.156554291360372e-09
n187	4.084484665635173e-14	3.693552518552915e-07	0.9999978279510037	4.860838200353944e-07	4.2597794339635325e-07	4.95314647816902e-07	5.476852456408288e-08	1.0784822726009482e-07	1.9185569400653115e-07	4.084484665635173e-08
n106	1.921478209312015e-14	1.7375706509710397e-07	0.9999893887366966	2.2867008804203904e-07	2.0039427317971207e-07	9.82247138044127e-06	2.576494591630199e-08	5.073541353618388e-08	9.025533587323571e-08	1.921478209312015e-08
n108	1.8528613128902318e-15	1.675521180513657e-08	0.9999999014684496	2.20504170952842e-08	1.9323809882412875e-08	2.24691713663449e-08	2.4844867501317134e-09	4.892362790226032e-09	8.703227510516981e-09	1.8528613128902317e-09
n115	9.649197462162035e-17	8.725658315781846e-10	0.9999999948687456	1.148325712211768e-09	1.0063314290146566e-09	1.1701326789471529e-09	1.2938530842737916e-10	2.5478093957171253e-10	4.532404029533235e-10	9.649197462162036e-11
KY606274	0.0	0.0	1.0	0.0	0.0	0.0	0.0	0.0	0.0	0.0
n173	6.321679390988251e-12	0.012493102466534555	0.9871569249625083	7.523265035768562e-05	6.592988360174239e-05	0.0001099039119890981	8.47668877115872e-06	1.6691993517834293e-05	6.741575700697119e-05	6.321679390988249e-06
n179	4.026312124436905e-14	4.624415560867516e-07	0.9999977599780373	4.79160858300533e-07	4.199110288427828e-07	4.885231090624788e-07	5.398849366364197e-08	1.0631221820215106e-07	1.894215369674352e-07	4.026312124436905e-08
n164	3.380936155617248e-14	3.057341690547088e-07	0.9999982020843301	4.023563549265148e-07	3.5260365706385744e-07	4.099971816029744e-07	4.5334699490106626e-08	8.927147503592784e-08	1.5880873736291765e-07	3.3809361556172495e-08
n167	6.474143023320982e-18	5.854493094428201e-11	0.9999999996557177	7.704708010556281e-11	6.751995309301162e-11	7.851021937950673e-11	8.681126022761085e-12	1.70945640699302e-11	3.041023053133758e-11	6.474143023320983e-12
MF801381	0.0	0.0	1.0	0.0	0.0	0.0	0.0	0.0	0.0	0.0
n160	6.432167039670089e-12	5.8165346950646465e-05	0.9960532180184493	9.371132499766696e-05	6.70821783270029e-05	0.003665569326209963	8.624840765748666e-06	1.6983729147171498e-05	3.021306168057151e-05	6.432167039670089e-06
n162	6.730376164664311e-12	6.086201777902521e-05	0.996069333835004	0.003634728429958184	7.019225267336625e-05	9.974343896317046e-05	9.024706969798665e-06	1.777113142961854e-05	3.1613804327892725e-05	6.730376164664311e-06
n122	3.324398611921177e-16	3.00621543986769e-09	0.9999999823214989	3.956279699612279e-09	3.4670725922126294e-09	4.0314102327782245e-09	4.457659213894836e-10	8.777863705013182e-10	1.5615306582263845e-09	3.324398611921178e-10
MF801378	0.0	0.0	1.0	0.0	0.0	0.0	0.0	0.0	0.0	0.0
n144	2.439865824902091e-16	2.2063426111790516e-09	0.999999987025271	2.90362040166403e-09	2.5445781079783176e-09	2.958760726780552e-09	3.271596353108996e-10	6.442310977002032e-10	1.1460494761010796e-09	2.4398658249020905e-10
MF801383	0.0	0.0	1.0	0.0	0.0	0.0	0.0	0.0	0.0	0.0
n149	2.092909678047675e-15	1.8925941569802992e-08	0.9999998887031599	2.4907169804155885e-08	2.1827315643268093e-08	2.5380161879823387e-08	2.8063656616699666e-09	5.526195274816551e-09	9.830778461556056e-09	2.092909678047675e-09
n158	5.32491661465849e-14	4.81526086721092e-07	0.999997168313573	6.33704376760251e-07	5.553447286394833e-07	6.457385480804063e-07	7.140137625324254e-08	1.4060104620552853e-07	2.5012104494541984e-07	5.3249166146584904e-08
MF794971	0.0	0.0	0.0	0.0	0.0	0.0	0.0	1.0	0.0	0.0
KX879603	0.0	0.0	0.0	0.0	0.0	0.0	0.0	1.0	0.0	0.0
n204	1.3376189173022591e-12	0.001395374742823104	6.097607100253396e-06	1.591865355189124e-05	0.0004731103755535178	1.622095067490633e-05	1.7936023887179475e-06	0.9980838634076439	6.283040008803203e-06	1.3376189173022584e-06
KY558989	0.0	0.0	0.0	0.0	0.0	0.0	0.0	1.0	0.0	0.0
n288	3.40115695665212e-12	3.075627298400692e-05	1.5504355193917958e-05	0.002585048409231064	3.5471252488680035e-05	4.1244930464004436e-05	4.560583857590157e-06	0.9972680371808964	1.5975854526611606e-05	3.40115695665212e-06
n289	9.727539538126813e-15	8.796510524816851e-08	4.434350724891436e-08	1.3943438565261194e-07	1.014502136949783e-07	1.1796329806279248e-07	1.3043579098836852e-08	0.9999994403803343	4.5692027314125525e-08	9.727539538126816e-09
n323	2.0711210702117887e-14	1.8728909694459998e-07	9.44131574385778e-08	2.464786929020785e-07	2.1600078497943877e-07	2.511593719788363e-07	2.777149493630043e-08	0.9999988588918355	9.72843339675606e-08	2.071121070211789e-08
n324	6.047913460585747e-15	5.4690586017569935e-08	2.7569735731131662e-08	7.197463373773833e-08	6.307473154336862e-08	7.334144625295797e-08	8.109598249061562e-09	0.9999996667831964	2.8408152539646746e-08	6.047913460585748e-09
n299	7.398171793790325e-17	7.141669354621433e-10	3.3819860952233576e-10	8.804370443742326e-10	7.715680835152887e-10	8.977812145430664e-10	9.920148728346379e-11	0.9999999958771592	3.4750562190113154e-10	7.398171793790324e-11
KY558996	0.0	0.0	0.0	0.0	0.0	0.0	0.0	1.0	0.0	0.0
KU991811	0.0	0.0	0.0	0.0	1.0	0.0	0.0	0.0	0.0	0.0
n327	7.104792225441683e-15	6.424781916519804e-08	3.238757388916988e-08	8.455227105041443e-08	3.7904834953065704e-06	8.615793538325496e-08	9.526758437745273e-09	0.9999958921668426	3.337250485116823e-08	7.10479222544168e-09
KY014301	0.0	0.0	0.0	0.0	0.0	0.0	0.0	1.0	0.0	0.0
KY785479	0.0	0.0	0.0	0.0	0.0	0.0	0.0	1.0	0.0	0.0
KY241765	0.0	0.0	0.0	0.0	0.0	0.0	0.0	0.0	1.0	0.0
KY241733	0.0	0.0	0.0	0.0	0.0	0.0	0.0	0.0	1.0	0.0
KY241726	0.0	0.0	0.0	0.0	0.0	0.0	0.0	0.0	1.0	0.0
KY241720	0.0	0.0	0.0	0.0	0.0	0.0	0.0	0.0	1.0	0.0
KX101066	0.0	0.0	0.0	0.0	0.0	0.0	0.0	1.0	0.0	0.0
KX101061	0.0	0.0	0.0	0.0	0.0	0.0	0.0	1.0	0.0	0.0
n59	1.1097969878107256e-15	1.003576655311864e-08	5.059068696757496e-09	1.320740322120714e-08	1.1574264005262561e-08	1.3458214417858399e-08	1.488117805887387e-09	0.9999999388544483	5.212918855953976e-09	1.1097969878107257e-09
KY559013	0.0	0.0	0.0	0.0	0.0	0.0	0.0	1.0	0.0	0.0
KY559010	0.0	0.0	0.0	0.0	0.0	0.0	0.0	1.0	0.0	0.0
KY559012	0.0	0.0	0.0	0.0	0.0	0.0	0.0	1.0	0.0	0.0
KU312312	0.0	0.0	0.0	0.0	0.0	0.0	0.0	1.0	0.0	0.0
n89	3.224950699559869e-15	2.9162858538310676e-08	1.4701109583036697e-08	3.8379300677603526e-08	3.3633566508677605e-08	3.910812380859042e-08	4.324310312457351e-09	0.999999822317595	1.5148181600644826e-08	3.224950699559868e-09
n84	1.716745424964415e-11	0.009914490270274795	7.825875484553353e-05	0.9722504758232382	0.00017904233834299807	0.00020818517516096337	2.3019700567983146e-05	0.01724872180255053	8.06386636018538e-05	1.7167454249644146e-05
n72	9.068679244504514e-16	8.200702469934234e-09	4.134005749764372e-09	1.0792401842293401e-08	9.457881838551325e-09	1.0997347361710364e-08	1.2160118659404888e-09	0.9999999500350559	4.259724035238781e-09	9.068679244504514e-10
n74	1.2073114384660699e-15	1.523166757196338e-06	5.503593515449914e-09	1.4368005787160066e-08	1.2591259013006798e-08	1.4734277526265602e-08	1.6188741441594933e-09	0.9999984211389582	5.670962015300179e-09	1.2073114384660697e-09
n92	0.0	0.0	0.0	0.0	0.0	0.0	0.0	1.0	0.0	0.0
KU365779	0.0	0.0	0.0	0.0	0.0	0.0	0.0	1.0	0.0	0.0
KU707826	0.0	0.0	0.0	0.0	0.0	0.0	0.0	1.0	0.0	0.0
KY014308	0.0	0.0	0.0	0.0	0.0	0.0	0.0	1.0	0.0	0.0
KY559032	0.0	0.0	0.0	0.0	0.0	0.0	0.0	1.0	0.0	0.0
MF801377	0.0	0.0	1.0	0.0	0.0	0.0	0.0	0.0	0.0	0.0
KY765323	0.0	0.0	1.0	0.0	0.0	0.0	0.0	0.0	0.0	0.0
MF801397	0.0	0.0	1.0	0.0	0.0	0.0	0.0	0.0	0.0	0.0
n182	4.981279618830474e-16	4.504513883120787e-09	0.9999999735105299	5.928090381039621e-09	5.195062342538138e-09	6.040665988630518e-09	6.679357556654131e-10	1.3152752926155612e-09	2.3397978852803254e-09	4.981279618830473e-10
n188	9.487171604342964e-15	8.579140195576034e-08	0.9999994954907842	1.1290434393277888e-07	9.894334731301621e-08	1.150484197313761e-07	1.2721271680311843e-08	2.5050274955104667e-08	4.4562975290965454e-08	9.487171604342966e-09
MF801408	0.0	0.0	1.0	0.0	0.0	0.0	0.0	0.0	0.0	0.0
n107	2.3866510479334705e-12	2.1582211002451586e-05	0.9980639354780338	2.8402908896478147e-05	2.4890795001805974e-05	0.0018380893765602931	3.2002410890263763e-06	6.301800733239991e-06	1.1210535248306155e-05	2.38665104793347e-06
MF801387	0.0	0.0	1.0	0.0	0.0	0.0	0.0	0.0	0.0	0.0
n109	1.693896672419044e-15	1.5317712839567787e-08	0.9999999099218905	2.0158620552604033e-08	1.7665940257135997e-08	2.05414368203575e-08	2.2713323492909666e-09	4.472626738427443e-09	7.956541602336305e-09	1.693896672419044e-09
MF801389	0.0	0.0	1.0	0.0	0.0	0.0	0.0	0.0	0.0	0.0
KY765319	0.0	0.0	1.0	0.0	0.0	0.0	0.0	0.0	0.0	0.0
KX421195	0.0	0.0	1.0	0.0	0.0	0.0	0.0	0.0	0.0	0.0
KX421194	0.0	0.0	1.0	0.0	0.0	0.0	0.0	0.0	0.0	0.0
n174	6.192345753076309e-12	0.981848269316625	0.01227594467400897	7.369348461410376e-05	6.458104080761404e-05	0.0026995279853363574	8.303266342020018e-06	1.635049624912725e-05	0.0030071373840712605	6.1923457530763095e-06
MF801380	0.0	0.0	1.0	0.0	0.0	0.0	0.0	0.0	0.0	0.0
KX906952	0.0	0.0	1.0	0.0	0.0	0.0	0.0	0.0	0.0	0.0
KX262887	0.0	0.0	1.0	0.0	0.0	0.0	0.0	0.0	0.0	0.0
n165	3.2303793395903737e-15	2.9211948929596144e-08	0.9999998282147499	3.844389826610643e-08	3.369018273091708e-08	3.917395548981403e-08	4.331589531972159e-09	8.529611779024268e-09	1.5173680912940625e-08	3.2303793395903737e-09
MF801403	0.0	0.0	1.0	0.0	0.0	0.0	0.0	0.0	0.0	0.0
n168	9.781075649860347e-15	8.844914244544048e-08	0.9999994798615424	1.1640201898517696e-07	1.0200852324374514e-07	1.1861251632407976e-07	1.3115365238107072e-08	2.5826309948216606e-08	4.594349619482581e-08	9.781075649860349e-09
MF801400	0.0	0.0	1.0	0.0	0.0	0.0	0.0	0.0	0.0	0.0
n171	1.4144765886707342e-14	1.2790949150757747e-07	0.9999992478090368	1.6833315334892638e-07	1.475182005930115e-07	1.715298331898001e-07	1.896660218698267e-08	3.734835727809554e-08	6.644054508482607e-08	1.4144765886707343e-08
n161	1.3418188432900777e-15	1.2133913513677281e-08	7.515467166484953e-07	1.5981480019452793e-08	1.3994059913707487e-08	0.9999991933570203	1.7992340355096827e-09	3.542987559007564e-09	6.302767827148282e-09	1.3418188432900778e-09
MF801426	0.0	0.0	1.0	0.0	0.0	0.0	0.0	0.0	0.0	0.0
MF593625	0.0	0.0	0.0	1.0	0.0	0.0	0.0	0.0	0.0	0.0
MF801382	0.0	0.0	1.0	0.0	0.0	0.0	0.0	0.0	0.0	0.0
n123	1.5918563106825673e-14	1.4394973581279485e-07	0.9999991534819727	1.8944264938835392e-07	1.6601743742906607e-07	1.9304020272976958e-07	2.134507253451782e-08	4.203195634551662e-08	7.47723941319258e-08	1.5918563106825676e-08
n125	1.0997179384307817e-15	9.944622868493931e-09	0.9999999415191525	1.3087455094919663e-08	1.146914788073335e-08	1.3335988452955693e-08	1.4746028900843614e-09	2.9037354735041497e-09	5.165575722788496e-09	1.0997179384307818e-09
n145	1.1700377050807156e-14	1.058051643274e-07	0.9999993777968504	1.3924312216327954e-07	1.2202524825220883e-07	1.4188737656441362e-07	1.5688940965004486e-08	3.08941035773975e-08	5.4958804916252843e-08	1.1700377050807155e-08
n146	1.2559961956063571e-15	1.1357829178808586e-08	0.9999999332085807	1.494728169374384e-08	1.309900073366633e-08	1.523113352634873e-08	1.684155141289143e-09	3.3163783005782e-09	5.899643198688509e-09	1.2559961956063574e-09
n150	1.3684896179785307e-15	1.2375094262502479e-08	0.9999999272264007	1.628603644377588e-08	1.4272214018340605e-08	1.6595311493591163e-08	1.8349966615995152e-09	3.613410048140736e-09	6.4280453200618026e-09	1.3684896179785305e-09
n155	1.7875605343753784e-17	1.6164704373498328e-10	0.9999999990494102	2.12732896368598e-10	1.8642776811877104e-10	2.1677273610178814e-10	2.396925464316767e-11	4.719940225862314e-11	8.396497844311081e-11	1.7875605343753786e-11
KY765324	0.0	0.0	1.0	0.0	0.0	0.0	0.0	0.0	0.0	0.0
MF434518	0.0	0.0	1.0	0.0	0.0	0.0	0.0	0.0	0.0	0.0
n205	3.157295147005031e-12	0.007529574853361252	1.439269814215938e-05	3.7574142971117445e-05	0.00023279268553096127	3.828768282447738e-05	4.233591529175544e-06	0.9921251566562054	1.4830391131310671e-05	3.1572951470050306e-06
MF098767	0.0	0.0	0.0	0.0	1.0	0.0	0.0	0.0	0.0	0.0
KU729217	0.0	0.0	0.0	0.0	0.0	0.0	0.0	1.0	0.0	0.0
KY120352	0.0	0.0	0.0	1.0	0.0	0.0	0.0	0.0	0.0	0.0
KY785426	0.0	0.0	0.0	0.0	0.0	0.0	0.0	1.0	0.0	0.0
MF073358	0.0	0.0	0.0	0.0	0.0	0.0	0.0	1.0	0.0	0.0
KY559014	0.0	0.0	0.0	0.0	0.0	0.0	0.0	1.0	0.0	0.0
KY559015	0.0	0.0	0.0	0.0	0.0	0.0	0.0	1.0	0.0	0.0
KY785455	0.0	0.0	0.0	0.0	0.0	0.0	0.0	1.0	0.0	0.0
KY785480	0.0	0.0	0.0	0.0	0.0	0.0	0.0	1.0	0.0	0.0
n300	1.2338609155774825e-16	1.1038700784999372e-08	7.230152839890938e-10	1.4683855524843894e-09	1.286814808430925e-09	1.6334986164693769e-09	1.654474123309222e-10	0.9999999829811843	5.795669751372157e-10	1.2338609155774827e-10
n308	5.463393935459392e-21	3.5034354991077452e-12	5.176534078328261e-10	6.501841999432084e-14	5.697867670239342e-14	6.625315204983523e-14	7.32582074490265e-15	0.9999999994786163	2.5662557725764744e-14	5.463393935459394e-15
KY559001	0.0	0.0	0.0	0.0	0.0	0.0	0.0	1.0	0.0	0.0
KY558995	0.0	0.0	0.0	0.0	0.0	0.0	0.0	1.0	0.0	0.0
KY559019	0.0	0.0	0.0	0.0	0.0	0.0	0.0	1.0	0.0	0.0
n60	0.0	0.0	0.0	0.0	0.0	0.0	0.0	1.0	0.0	0.0
KY785450	0.0	0.0	0.0	0.0	0.0	0.0	0.0	1.0	0.0	0.0
KY014297	0.0	0.0	0.0	0.0	0.0	0.0	0.0	1.0	0.0	0.0
n85	1.630082018482393e-11	0.014268869941413577	7.430815728847525e-05	0.9738424062357443	0.00017000406235887384	0.00019767573316907365	2.1857637959044537e-05	0.011332009470237974	7.656792534312838e-05	1.6300820184823927e-05
KU820898	0.0	0.0	0.0	1.0	0.0	0.0	0.0	0.0	0.0	0.0
n73	5.678534074014164e-16	5.135033071629499e-09	2.588590011763071e-09	6.757874721079518e-09	5.922241027629135e-09	6.886208017013631e-09	7.614300416825346e-10	0.999999968713458	2.6673110193701805e-09	5.678534074014165e-10
MF073357	0.0	0.0	0.0	0.0	0.0	0.0	0.0	1.0	0.0	0.0
n75	2.5441953948784588e-17	2.833381780028573e-10	1.1597850257329551e-10	3.0277803280642e-10	2.6533852141179796e-10	3.085311382406361e-10	3.4114910297639356e-11	0.9999999985449733	1.1950549778761888e-10	2.5441953948784594e-11
KU365778	0.0	0.0	0.0	0.0	0.0	0.0	0.0	1.0	0.0	0.0
n78	1.0593066851873445e-12	0.5895398117305835	4.828905962223814e-06	1.26065313567485e-05	1.1047691939662144e-05	4.9307817514300925e-05	1.4204157674211316e-06	0.41037494184243567	4.975756696120963e-06	1.0593066851873448e-06
KU365777	0.0	0.0	0.0	0.0	0.0	0.0	0.0	1.0	0.0	0.0
KU365780	0.0	0.0	0.0	0.0	0.0	0.0	0.0	1.0	0.0	0.0
n183	4.157252234293569e-15	3.7593553941882425e-08	0.9999997789254637	4.94743697754059e-08	4.335669985111523e-08	5.041389783244377e-08	5.574425900741839e-09	1.0976960876211472e-08	1.9527371941952497e-08	4.1572522342935696e-09
n185	5.828227476984579e-15	5.270399092799158e-08	0.9999996900662707	6.936020839748594e-08	6.078358856822706e-08	7.067737245894358e-08	7.815023090278972e-09	1.5389065033094322e-08	2.7376247408457934e-08	5.82822747698458e-09
MF801384	0.0	0.0	1.0	0.0	0.0	0.0	0.0	0.0	0.0	0.0
MF801386	0.0	0.0	1.0	0.0	0.0	0.0	0.0	0.0	0.0	0.0
KY785431	0.0	0.0	1.0	0.0	0.0	0.0	0.0	0.0	0.0	0.0
KU870645	0.0	0.0	0.0	0.0	0.0	1.0	0.0	0.0	0.0	0.0
n110	1.954842730438167e-18	1.7677418037905467e-11	0.9999999998960453	2.3264071229706476e-11	2.0387391657543834e-11	2.3705860539700617e-11	2.6212328081851724e-12	5.161638255710146e-12	9.182252828056922e-12	1.954842730438167e-12
MF434517	0.0	0.0	1.0	0.0	0.0	0.0	0.0	0.0	0.0	0.0
MF988734	0.0	0.0	0.0	0.0	0.0	0.0	0.0	0.0	1.0	0.0
n176	3.5305792334120523e-13	0.9994472951207396	0.00036904580590974923	4.201649855986635e-06	3.6821019148393896e-06	8.301553635274331e-05	4.7341251418432974e-07	9.322270560307801e-07	9.100108738049328e-05	3.530579233412052e-07
n178	1.4391504851944926e-11	0.9800044732495863	0.007462819185897928	0.0001712695291366321	0.00015009148377490112	0.0102734142438435	1.929745247006066e-05	3.7999855867887046e-05	0.0018662434801793428	1.4391504851944929e-05
KU501216	0.0	0.0	1.0	0.0	0.0	0.0	0.0	0.0	0.0	0.0
KU501217	0.0	0.0	1.0	0.0	0.0	0.0	0.0	0.0	0.0	0.0
n169	1.7243576802166998e-14	1.5593168230587583e-07	0.9999990830203378	2.052112902661026e-07	1.798362335592682e-07	2.0910829321330918e-07	2.3121772683048365e-08	4.553057097712981e-08	8.099622511424474e-08	1.7243576802166998e-08
MG494697	0.0	0.0	1.0	0.0	0.0	0.0	0.0	0.0	0.0	0.0
MF801411	0.0	0.0	1.0	0.0	0.0	0.0	0.0	0.0	0.0	0.0
MF801399	0.0	0.0	1.0	0.0	0.0	0.0	0.0	0.0	0.0	0.0
KY325479	0.0	0.0	0.0	0.0	0.0	1.0	0.0	0.0	0.0	0.0
KY325465	0.0	0.0	0.0	0.0	0.0	1.0	0.0	0.0	0.0	0.0
MF801419	0.0	0.0	1.0	0.0	0.0	0.0	0.0	0.0	0.0	0.0
n124	1.4684838303198708e-14	1.327933042708271e-07	0.9999992190890428	1.7476041369617622e-07	1.5315070887974088e-07	1.7807914848092376e-07	1.9690780922622293e-08	3.877438424303241e-08	6.897736372320924e-08	1.468483830319871e-08
n126	8.554333622222496e-23	7.735585534384262e-16	0.999999999999966	1.0180288348078543e-15	3.029839861826955e-14	1.0405727771212456e-15	1.147043677406476e-16	2.2587175422891557e-16	4.018126515844515e-16	8.554333622222494e-17
n141	4.261442343478241e-14	3.8535733119160596e-07	0.9999977338483743	5.071430897039157e-07	4.4443316451959934e-07	5.167738371772582e-07	5.714133575549029e-08	1.1252068251889551e-07	2.0016771886930203e-07	4.261442343478241e-08
KY606271	0.0	0.0	1.0	0.0	0.0	0.0	0.0	0.0	0.0	0.0
MF801404	0.0	0.0	1.0	0.0	0.0	0.0	0.0	0.0	0.0	0.0
n147	1.280005648063061e-14	1.1574943896698565e-07	0.999999319318051	1.5233011897735134e-07	1.3349399450195447e-07	1.552228980336756e-07	1.71634922192087e-08	3.379773737136615e-08	6.012419975708953e-08	1.280005648063061e-08
MF801402	0.0	0.0	1.0	0.0	0.0	0.0	0.0	0.0	0.0	0.0
n151	7.73423424363047e-18	6.993979096062325e-11	0.9999999995887086	9.204309561553526e-11	8.066166154488468e-11	9.379101218688291e-11	1.0370772149557672e-11	2.042175502353497e-11	3.632910880790514e-11	7.734234243630469e-12
KY014310	0.0	0.0	1.0	0.0	0.0	0.0	0.0	0.0	0.0	0.0
MF801385	0.0	0.0	1.0	0.0	0.0	0.0	0.0	0.0	0.0	0.0
n157	5.2123063360595194e-15	4.713428687099285e-08	0.9999997228197515	6.203029225065049e-08	5.43600408655503e-08	6.320825975625609e-08	6.9891394134444e-09	1.3762764321534353e-08	2.4483153478159245e-08	5.21230633605952e-09
KY328289	0.0	0.0	1.0	0.0	0.0	0.0	0.0	0.0	0.0	0.0
n206	2.395865090900293e-33	0.9999999999999998	1.0921678663895346e-26	1.1431862209493379e-24	2.282455314255703e-16	5.367591271209708e-21	3.212596124725462e-27	5.653491860368467e-24	1.1253815288573633e-26	2.395865090900293e-27
KY559026	0.0	0.0	0.0	0.0	0.0	0.0	0.0	1.0	0.0	0.0
n301	1.54081813645367e-15	4.601823947952102e-06	8.125504891012012e-08	1.8336872997679547e-08	1.6069457829933298e-08	8.213282183281086e-08	2.066070578380397e-09	0.9999951895374566	7.2375038005240825e-09	1.540818136453671e-09
KX548902	0.0	0.0	0.0	0.0	0.0	0.0	0.0	1.0	0.0	0.0
KY014303	0.0	1.0	0.0	0.0	0.0	0.0	0.0	0.0	0.0	0.0
n310	2.766341820147495e-13	2.5015736689386655e-06	0.0001568648246122142	3.2921509309959715e-06	2.8850655486412587e-06	3.3546695276292594e-06	3.7093653748810665e-07	0.99982915474351	1.2994012053198733e-06	2.7663418201474953e-07
n313	7.106630054545084e-16	6.426454829044735e-09	3.241241378778014e-09	8.457414257312252e-09	7.41162693199403e-09	8.618022225050123e-09	9.529222767927198e-10	0.9999999608435407	3.338113746964922e-09	7.106630054545084e-10
n316	3.3399279760017983e-13	3.0202605998882233e-06	0.0005509521735150791	3.974760788985778e-06	3.483268433541648e-06	4.050242281690372e-06	4.4784824126026183e-07	0.9994321686279241	1.5688250837587767e-06	3.3399279760017983e-07
KY785466	0.0	0.0	0.0	0.0	0.0	0.0	0.0	1.0	0.0	0.0
KY559018	0.0	0.0	0.0	0.0	0.0	0.0	0.0	1.0	0.0	0.0
KY559024	0.0	0.0	0.0	0.0	0.0	0.0	0.0	1.0	0.0	0.0
KY559023	0.0	0.0	0.0	0.0	0.0	0.0	0.0	1.0	0.0	0.0
KX766028	0.0	1.0	0.0	0.0	0.0	0.0	0.0	0.0	0.0	0.0
n86	9.508105648434225e-15	3.1025591025935827e-06	4.3343206171740356e-08	0.9999941360989206	9.916167206580547e-08	1.153022813449032e-07	1.2749341970737563e-08	2.4366160537075827e-06	4.466130631400205e-08	9.508105648434224e-09
KY441403	0.0	0.0	0.0	0.0	0.0	0.0	0.0	1.0	0.0	0.0
KY441402	0.0	0.0	0.0	0.0	0.0	0.0	0.0	1.0	0.0	0.0
KU758877	0.0	0.0	0.0	0.0	0.0	0.0	0.0	1.0	0.0	0.0
KY348640	0.0	0.0	0.0	0.0	0.0	0.0	0.0	1.0	0.0	0.0
KU937936	0.0	0.0	0.0	0.0	0.0	0.0	0.0	1.0	0.0	0.0
KY785456	0.0	0.0	0.0	0.0	0.0	0.0	0.0	1.0	0.0	0.0
n80	1.0197154846802159e-12	0.9913890809965146	4.648427365370004e-06	1.21353668508797e-05	1.063478848796081e-05	0.002313072181017444	1.3673282468401476e-06	0.00626325140540572	4.789789606716657e-06	1.019715484680216e-06
KY785481	0.0	1.0	0.0	0.0	0.0	0.0	0.0	0.0	0.0	0.0
n184	8.405543378419126e-15	7.601036227745947e-08	0.9999995530096559	1.0003216976748783e-07	8.766286017898426e-08	1.0193180043543925e-07	1.127092513943426e-08	2.21943042202451e-08	3.9482370247014324e-08	8.405543378419125e-09
KY014306	0.0	0.0	1.0	0.0	0.0	0.0	0.0	0.0	0.0	0.0
MF801410	0.0	0.0	1.0	0.0	0.0	0.0	0.0	0.0	0.0	0.0
n186	6.288712139754182e-15	5.686810078556444e-08	0.9999996655785979	7.484031573709694e-08	6.55860624583244e-08	7.626154811967756e-08	8.432483250589272e-09	1.6604945581698154e-08	2.9539227852437322e-08	6.288712139754183e-09
MF434516	0.0	0.0	1.0	0.0	0.0	0.0	0.0	0.0	0.0	0.0
n112	3.52391113913981e-15	3.186632324179006e-08	0.9999998126053035	4.193714331675631e-08	3.675147644430785e-08	4.2733537954161094e-08	4.725183948159366e-09	9.304663880265277e-09	1.655245330959952e-08	3.52391113913981e-09
n113	7.954384813239137e-15	7.193058724804793e-08	0.9999995770013854	9.466304987215646e-08	8.295764976754709e-08	9.646071989248035e-08	1.0665970267960548e-08	2.1003048640875618e-08	3.736319618430211e-08	7.954384813239135e-09
n177	7.768402097942828e-14	0.9999830824351978	9.366451229137849e-06	9.24497182988397e-07	8.101800398467154e-07	2.873210297591308e-06	1.0416587549085372e-07	2.0511973075958386e-07	2.556256347771134e-06	7.768402097942829e-08
MH063262	0.0	1.0	0.0	0.0	0.0	0.0	0.0	0.0	0.0	0.0
MH063265	0.0	1.0	0.0	0.0	0.0	0.0	0.0	0.0	0.0	0.0
MF159531	0.0	0.0	0.0	0.0	0.0	1.0	0.0	0.0	0.0	0.0
KY606273	0.0	0.0	1.0	0.0	0.0	0.0	0.0	0.0	0.0	0.0
MF801423	0.0	0.0	1.0	0.0	0.0	0.0	0.0	0.0	0.0	0.0
MF801391	0.0	0.0	1.0	0.0	0.0	0.0	0.0	0.0	0.0	0.0
MF801412	0.0	0.0	1.0	0.0	0.0	0.0	0.0	0.0	0.0	0.0
n127	8.484783107931308e-15	7.672691804022582e-08	0.9999995487958417	1.0097518103017945e-07	8.848926543454052e-08	1.0289271966837743e-07	1.137717705191547e-08	2.2403531700724066e-08	3.9854573708233226e-08	8.484783107931307e-09
n130	1.0565019370220293e-16	9.553825536854886e-10	0.9999999364300545	1.257315278334141e-09	1.101844075791011e-09	5.9232866910436826e-08	1.4166549032886125e-10	2.7896263624964123e-10	4.962582282459983e-10	1.05650193702203e-10
n138	4.3009774393085646e-15	3.889324444489503e-08	0.9999997712824381	5.118480578895853e-08	4.4855635013200804e-08	5.215681536386242e-08	5.76714586582261e-09	1.1356458165156497e-08	2.020247544243521e-08	4.300977439308563e-09
n135	1.7936284628604292e-14	1.621957595308075e-07	0.9999990461834911	2.1345502464160412e-07	1.8706060327877043e-07	2.1750857773342306e-07	2.4050619005502692e-08	4.735962206205629e-08	8.42500001107097e-08	1.7936284628604293e-08
n136	2.3950234520078573e-12	2.165792168981313e-05	0.9985054955504216	2.850254668406977e-05	0.0013921199026100946	2.9043815677052932e-05	3.2114675779410355e-06	6.323907535229598e-06	1.1249861957198199e-05	2.3950234520078565e-06
MF801407	0.0	0.0	1.0	0.0	0.0	0.0	0.0	0.0	0.0	0.0
MF801422	0.0	0.0	1.0	0.0	0.0	0.0	0.0	0.0	0.0	0.0
MF801396	0.0	0.0	1.0	0.0	0.0	0.0	0.0	0.0	0.0	0.0
MF801418	0.0	0.0	1.0	0.0	0.0	0.0	0.0	0.0	0.0	0.0
KY785442	0.0	0.0	1.0	0.0	0.0	0.0	0.0	0.0	0.0	0.0
KY014319	0.0	0.0	1.0	0.0	0.0	0.0	0.0	0.0	0.0	0.0
n153	5.435782657787756e-15	4.915515755243023e-08	0.9999997109357182	6.468982541200774e-08	5.669071393009888e-08	6.591829797781039e-08	7.2887970059686315e-09	1.4352839376431121e-08	2.553286251881077e-08	5.435782657787757e-09
KY014312	0.0	0.0	1.0	0.0	0.0	0.0	0.0	0.0	0.0	0.0
KY785452	0.0	0.0	1.0	0.0	0.0	0.0	0.0	0.0	0.0	0.0
KY014302	0.0	1.0	0.0	0.0	0.0	0.0	0.0	0.0	0.0	0.0
KY785476	0.0	1.0	0.0	0.0	0.0	0.0	0.0	0.0	0.0	0.0
n210	2.2444383975841053e-15	0.9999998907099655	1.0231392014694169e-08	2.671047339976103e-08	2.340763476812499e-08	2.721771056700059e-08	3.009549296264527e-09	5.926297248964979e-09	1.0542536492946824e-08	2.2444383975841045e-09
n213	5.3539219337488456e-12	0.9938877820325458	2.4406138381528563e-05	0.0034264542651237942	0.0025446139723059084	6.492559463781476e-05	7.179030623122842e-06	1.4136691326124964e-05	2.5148347768284216e-05	5.353921933748845e-06
n285	1.3805218764545336e-11	0.6227394818913865	6.293182525335155e-05	0.00016429229199838274	0.371960905954304	0.0049387740633298595	1.8511306196835976e-05	3.645180463573803e-05	6.48456303256056e-05	1.3805218764545339e-05
n217	1.8177967494585503e-14	0.9999991148473063	8.286523331077653e-08	2.163312291165934e-07	1.8958115509556315e-07	2.204394018996163e-07	2.4374689605977126e-08	4.799777034241369e-08	8.53852286102174e-08	1.8177967494585504e-08
n239	2.5932101718289806e-12	0.9953465744368079	1.1821286729470373e-05	3.086111491818396e-05	0.0015388075761882183	0.003046837169918004	3.4772145477882153e-06	6.847207000129839e-06	1.2180781125387724e-05	2.5932101718289807e-06
n237	3.6705296842784796e-14	0.9999982126828876	1.6732305124457073e-07	4.3682012213159746e-07	3.828058651468792e-07	4.4511542255653317e-07	4.9217835696131667e-08	9.691800850314366e-08	1.7241147356328987e-07	3.670529684278479e-08
n224	3.6801037400500934e-13	0.0005716041762845934	1.6775948967779023e-06	4.379595054280639e-06	3.8380435991379535e-06	0.9994149387973909	4.93462134357073e-07	9.71708053740305e-07	1.728611844239951e-06	3.680103740050093e-07
KY785424	0.0	1.0	0.0	0.0	0.0	0.0	0.0	0.0	0.0	0.0
n267	4.022202816769385e-15	0.9999998041440189	1.833542583537652e-08	4.786718203600715e-08	4.1948246244551076e-08	4.877618928033122e-08	5.393339228945309e-09	1.0620371453926871e-08	1.889302019759968e-08	4.022202816769386e-09
MF098766	0.0	0.0	0.0	0.0	1.0	0.0	0.0	0.0	0.0	0.0
n278	6.179348574004437e-14	0.9999969910458708	2.816888969825765e-07	7.353880859080774e-07	6.44454909878262e-07	7.493532509553232e-07	8.285838529712365e-08	1.6316178022055016e-07	2.9025527238441167e-07	6.179348574004438e-08
n279	1.2576202643442465e-14	8.787012397159209e-06	5.732928978571854e-08	1.4966609310340256e-07	0.9999907317650115	1.5250828178203002e-07	1.68633284192573e-08	3.3206665510839135e-08	5.907271745747176e-08	1.2576202643442467e-08
n282	7.848872330106262e-16	0.999999961780928	3.5779502689422327e-09	9.34073734512322e-09	8.18572419017033e-09	9.518119792822984e-09	1.0524489432620418e-09	2.072444962065084e-09	3.686758480771584e-09	7.848872330106262e-10
n284	5.58485985927107e-14	0.9999972805244867	2.5458881218944573e-07	6.646395413348078e-07	5.824546575074648e-07	6.772611775423144e-07	7.488693419831506e-08	1.4746468272632923e-07	2.623310532279948e-07	5.584859859271071e-08
n304	2.1425455584987897e-11	0.9011091768728944	0.01467429975401313	0.0002549787341441773	0.0002234497679281596	0.012718931831403853	2.8729220123552492e-05	0.0708683690700363	0.00010063927244600709	2.1425455584987903e-05
KY317937	0.0	0.0	0.0	0.0	0.0	0.0	0.0	1.0	0.0	0.0
n303	3.162664100180938e-15	3.3715206160605944e-08	1.4499942155644528e-08	3.763803694108586e-08	3.298396883169713e-08	3.8423536304747577e-08	4.240790715069716e-09	0.9999998204802415	1.4855610083564767e-08	3.1626641001809387e-09
n311	2.2385336144399512e-15	2.024280587483339e-08	2.39899476383339e-07	2.664020212242366e-08	2.3346052767086298e-08	2.7146104824222595e-08	3.001631620299256e-09	0.99999964697039	1.051480064960749e-08	2.238533614439951e-09
KX198135	0.0	0.0	1.0	0.0	0.0	0.0	0.0	0.0	0.0	0.0
n314	1.4018329707526865e-15	1.267661444274092e-08	6.390341526238302e-09	1.6682846950266767e-08	1.461995758952293e-08	1.6999657510000986e-08	1.8797064936824875e-09	0.9999999227643758	6.584665129185153e-09	1.4018329707526867e-09
KY785469	0.0	0.0	0.0	0.0	0.0	0.0	0.0	1.0	0.0	0.0
n317	3.3123412722641264e-16	2.995312506986292e-09	9.950536863058051e-08	3.94193057554952e-09	3.4544977848913345e-09	4.016788616014451e-09	4.441491624657922e-10	0.9999998837548512	1.5558671058883409e-09	3.3123412722641274e-10
n320	4.113060365748517e-15	3.719393197038117e-08	0.9999930189565482	4.894845392468398e-08	4.2895815239745634e-08	4.98779947358077e-08	5.515169381594984e-09	6.7731792273350565e-06	1.9319794675706638e-08	4.113060365748515e-09
KX056898	0.0	0.0	0.0	1.0	0.0	0.0	0.0	0.0	0.0	0.0
n87	1.134691045512712e-16	6.130763572142431e-09	5.172549585098915e-10	0.9999999856135956	1.1833888422313304e-09	1.3760098068619407e-09	1.5214980465386004e-10	4.380383271716128e-09	5.329850785129194e-10	1.1346910455127121e-10
n81	2.2137228833609736e-12	0.9913543992505864	1.0091373706645242e-05	2.6344936111460514e-05	2.3087297377744192e-05	0.0037060332901409387	2.968363111642962e-06	0.0048644635037471675	1.039826012076145e-05	2.2137228833609734e-06
n82	7.752619968770004e-14	0.9982547331681217	3.5340731172132624e-07	9.226189931396644e-07	8.085340944024791e-07	0.0016115827603630096	1.0395425419709599e-07	0.00013105387588538848	3.6415469912064416e-07	7.752619968770005e-08
KY693677	0.0	0.0	1.0	0.0	0.0	0.0	0.0	0.0	0.0	0.0
KY765325	0.0	0.0	1.0	0.0	0.0	0.0	0.0	0.0	0.0	0.0
KY785418	0.0	0.0	1.0	0.0	0.0	0.0	0.0	0.0	0.0	0.0
KY014315	0.0	0.0	1.0	0.0	0.0	0.0	0.0	0.0	0.0	0.0
KY785448	0.0	0.0	1.0	0.0	0.0	0.0	0.0	0.0	0.0	0.0
MF434522	0.0	0.0	1.0	0.0	0.0	0.0	0.0	0.0	0.0	0.0
KY785414	0.0	0.0	1.0	0.0	0.0	0.0	0.0	0.0	0.0	0.0
KY693676	0.0	0.0	1.0	0.0	0.0	0.0	0.0	0.0	0.0	0.0
MH063263	0.0	1.0	0.0	0.0	0.0	0.0	0.0	0.0	0.0	0.0
MH063259	0.0	1.0	0.0	0.0	0.0	0.0	0.0	0.0	0.0	0.0
MF801414	0.0	0.0	1.0	0.0	0.0	0.0	0.0	0.0	0.0	0.0
n128	8.65238041153911e-15	7.824248118593057e-08	0.9999995398833457	1.0296971263537143e-07	9.023716612920438e-08	1.0492512782277535e-07	1.1601906920942673e-08	2.2846061752060732e-08	4.064180880958715e-08	8.652380411539112e-09
n132	1.1118428900739895e-12	1.00542674120416e-05	0.9991062314410118	1.3231750968082369e-05	1.1595601072479084e-05	0.0008481259549226909	1.490861139686728e-06	2.935750639366721e-06	5.2225288319989445e-06	1.1118428900739896e-06
MF801413	0.0	0.0	1.0	0.0	0.0	0.0	0.0	0.0	0.0	0.0
KY631493	0.0	0.0	1.0	0.0	0.0	0.0	0.0	0.0	0.0	0.0
n139	3.0487221803833607e-15	2.7569244126350448e-08	0.999999837874922	3.628204400265332e-08	3.179564891873391e-08	3.697104718676514e-08	4.088006916275801e-09	8.049957570638729e-09	1.432040410560815e-08	3.0487221803833614e-09
MF801395	0.0	0.0	1.0	0.0	0.0	0.0	0.0	0.0	0.0	0.0
MF801393	0.0	0.0	1.0	0.0	0.0	0.0	0.0	0.0	0.0	0.0
MF801398	0.0	0.0	1.0	0.0	0.0	0.0	0.0	0.0	0.0	0.0
MF098771	0.0	0.0	0.0	0.0	1.0	0.0	0.0	0.0	0.0	0.0
n137	3.6346946136985787e-16	3.2868125464022045e-09	0.999999933333314	4.325554842581175e-09	5.112877717149002e-08	4.407697983672474e-09	4.873732613275308e-10	9.597180619069558e-10	1.7072823494233867e-09	3.634694613698578e-10
MF434521	0.0	0.0	1.0	0.0	0.0	0.0	0.0	0.0	0.0	0.0
n154	8.609049650606334e-16	7.785064609711113e-09	0.9999999542187591	1.0245404460076101e-08	8.978526215600539e-09	1.043996671503033e-08	1.1543805054029232e-09	2.2731649625807727e-09	4.043827632284451e-09	8.609049650606334e-10
KY785423	0.0	1.0	0.0	0.0	0.0	0.0	0.0	0.0	0.0	0.0
n211	2.802598569413497e-16	0.9999999863531076	1.277579489566545e-09	3.3352991384884897e-09	2.9228783371621673e-09	3.398637128107145e-09	3.7579817567589504e-10	7.40008378476603e-10	1.3164316616987998e-09	2.802598569413496e-10
LC190723	0.0	0.0	0.0	1.0	0.0	0.0	0.0	0.0	0.0	0.0
n214	9.527632065872468e-12	0.9868452584817042	4.3432218385962106e-05	0.0014218452313149621	0.011481711695477162	0.00011553907304246843	1.2775524785967907e-05	2.515710823781462e-05	4.4753025457927226e-05	9.527632065872469e-06
KX269878	0.0	0.0	0.0	0.0	1.0	0.0	0.0	0.0	0.0	0.0
n286	1.9130163768673316e-10	0.2525414553832683	0.0008720587075736902	0.0022766306753004713	0.5760078716073521	0.16645046845474784	0.00025651481889370285	0.0005051198421688464	0.0008985786817066342	0.00019130163768673315
n218	1.1053234499187458e-13	0.9999946177699495	5.038675835935519e-07	1.315416481867617e-06	1.1527608707795286e-06	1.3403965007544674e-06	1.4821192751060954e-07	2.918536471092644e-07	5.1919058325777e-07	1.105323449918746e-07
MF438286	0.0	1.0	0.0	0.0	0.0	0.0	0.0	0.0	0.0	0.0
n240	5.027896024133909e-12	0.9881733750947681	2.291993190252332e-05	5.983567343792984e-05	0.000873821657734705	0.010821385090788657	6.741865117532767e-06	1.3275840587997326e-05	2.3616944610388975e-05	5.0278960241339106e-06
MF098765	0.0	0.0	0.0	0.0	1.0	0.0	0.0	0.0	0.0	0.0
KY785430	0.0	1.0	0.0	0.0	0.0	0.0	0.0	0.0	0.0	0.0
n238	2.3682796515328774e-14	0.9999988467967535	1.079592896884049e-07	2.818427572062325e-07	2.469919654333288e-07	2.8719500685125574e-07	3.1756070321646176e-08	6.253292226138317e-08	1.1124241448846958e-07	2.3682796515328772e-08
n225	7.033028139000622e-15	1.0333656558487449e-05	3.2060433477677533e-08	8.369822545753675e-08	7.334866226102901e-08	0.999989409166874	9.430530554601594e-09	1.857026477399268e-08	3.303541584885823e-08	7.033028139000621e-09
KY325471	0.0	0.0	0.0	0.0	0.0	1.0	0.0	0.0	0.0	0.0
n268	2.9464610088263455e-16	0.999999985652588	1.3431599490439543e-09	3.506506058905546e-09	3.0729149542193054e-09	3.5730953017694888e-09	3.9508857383339744e-10	7.779943432435339e-10	1.384006473246618e-09	2.9464610088263465e-10
MH063261	0.0	1.0	0.0	0.0	0.0	0.0	0.0	0.0	0.0	0.0
KY785484	0.0	1.0	0.0	0.0	0.0	0.0	0.0	0.0	0.0	0.0
KY785435	0.0	1.0	0.0	0.0	0.0	0.0	0.0	0.0	0.0	0.0
MF664436	0.0	0.0	0.0	0.0	1.0	0.0	0.0	0.0	0.0	0.0
MF098768	0.0	0.0	0.0	0.0	1.0	0.0	0.0	0.0	0.0	0.0
MF098769	0.0	0.0	0.0	0.0	1.0	0.0	0.0	0.0	0.0	0.0
KY785415	0.0	1.0	0.0	0.0	0.0	0.0	0.0	0.0	0.0	0.0
KY785470	0.0	1.0	0.0	0.0	0.0	0.0	0.0	0.0	0.0	0.0
KY014314	0.0	1.0	0.0	0.0	0.0	0.0	0.0	0.0	0.0	0.0
KY785420	0.0	1.0	0.0	0.0	0.0	0.0	0.0	0.0	0.0	0.0
KY014318	0.0	1.0	0.0	0.0	0.0	0.0	0.0	0.0	0.0	0.0
n305	2.673941316122973e-11	0.9204738403487974	0.04309323004625653	0.0003182187511749176	0.00027886994709220485	0.00559883281832854	3.5854662862890986e-05	0.030048814085248347	0.00012559990033840238	2.6739413161229742e-05
n307	3.083290233086383e-11	0.9202407573791824	0.006871615748025512	0.0003669342934216609	0.00032156165095553215	0.03920189481553788	4.1343589385890875e-05	0.03278023182479087	0.00014482776553657517	3.083290233086384e-05
KY693678	0.0	0.0	0.0	0.0	0.0	0.0	0.0	1.0	0.0	0.0
KY693679	0.0	0.0	0.0	0.0	0.0	0.0	0.0	1.0	0.0	0.0
KY317936	0.0	0.0	0.0	0.0	0.0	0.0	0.0	1.0	0.0	0.0
KY317939	0.0	0.0	0.0	0.0	0.0	0.0	0.0	1.0	0.0	0.0
KY317940	0.0	0.0	0.0	0.0	0.0	0.0	0.0	1.0	0.0	0.0
KY317938	0.0	0.0	0.0	0.0	0.0	0.0	0.0	1.0	0.0	0.0
n318	1.8168878255857876e-16	1.6429907730044842e-09	1.7102310160265643e-09	2.16223060467581e-09	1.8948636185038766e-09	2.2032917910658727e-09	2.436250191927307e-10	0.9999999891076531	8.534253479822316e-10	1.8168878255857879e-10
KU820897	0.0	0.0	0.0	0.0	0.0	0.0	0.0	1.0	0.0	0.0
KX156775	0.0	0.0	1.0	0.0	0.0	0.0	0.0	0.0	0.0	0.0
KX156774	0.0	0.0	1.0	0.0	0.0	0.0	0.0	0.0	0.0	0.0
KX156776	0.0	0.0	1.0	0.0	0.0	0.0	0.0	0.0	0.0	0.0
n88	4.70352636075363e-17	4.2953169484165304e-10	2.144127551022032e-10	0.9999999978365457	4.905388683967034e-10	5.703841961937947e-10	6.30692045912447e-11	1.2754896406209183e-10	2.2093321143123219e-10	4.7035263607536293e-11
KY379148	0.0	0.0	0.0	1.0	0.0	0.0	0.0	0.0	0.0	0.0
KX377337	0.0	1.0	0.0	0.0	0.0	0.0	0.0	0.0	0.0	0.0
KY075933	0.0	0.0	0.0	0.0	0.0	1.0	0.0	0.0	0.0	0.0
KY075934	0.0	0.0	0.0	0.0	0.0	1.0	0.0	0.0	0.0	0.0
KY785464	0.0	1.0	0.0	0.0	0.0	0.0	0.0	0.0	0.0	0.0
KY785462	0.0	1.0	0.0	0.0	0.0	0.0	0.0	0.0	0.0	0.0
MF801401	0.0	0.0	1.0	0.0	0.0	0.0	0.0	0.0	0.0	0.0
MF801417	0.0	0.0	1.0	0.0	0.0	0.0	0.0	0.0	0.0	0.0
KX827268	0.0	0.0	0.0	0.0	0.0	1.0	0.0	0.0	0.0	0.0
KY606272	0.0	0.0	1.0	0.0	0.0	0.0	0.0	0.0	0.0	0.0
n140	7.511987784840423e-15	6.793004178832275e-08	0.9999996005271935	8.93981987308213e-08	7.834381493283662e-08	9.109588818775718e-08	1.0072763670301201e-08	1.983492734372992e-08	3.528517665777605e-08	7.511987784840424e-09
KY120349	0.0	0.0	1.0	0.0	0.0	0.0	0.0	0.0	0.0	0.0
KX856011	0.0	0.0	1.0	0.0	0.0	0.0	0.0	0.0	0.0	0.0
KY648934	0.0	0.0	1.0	0.0	0.0	0.0	0.0	0.0	0.0	0.0
KY765317	0.0	0.0	1.0	0.0	0.0	0.0	0.0	0.0	0.0	0.0
KY765318	0.0	0.0	1.0	0.0	0.0	0.0	0.0	0.0	0.0	0.0
n212	4.814574045996512e-15	0.9999997655605234	2.1947492299804416e-08	5.7296984459539265e-08	5.0212022282721705e-08	5.838506551499841e-08	6.4558234022100355e-09	1.2712577433374675e-08	2.261493237352746e-08	4.8145740459965115e-09
KY785419	0.0	1.0	0.0	0.0	0.0	0.0	0.0	0.0	0.0	0.0
MF098764	0.0	0.0	0.0	0.0	1.0	0.0	0.0	0.0	0.0	0.0
KY785413	0.0	1.0	0.0	0.0	0.0	0.0	0.0	0.0	0.0	0.0
KU853012	0.0	0.0	0.0	0.0	1.0	0.0	0.0	0.0	0.0	0.0
KX922707	0.0	0.0	0.0	0.0	0.0	1.0	0.0	0.0	0.0	0.0
MH063260	0.0	1.0	0.0	0.0	0.0	0.0	0.0	0.0	0.0	0.0
MH063264	0.0	1.0	0.0	0.0	0.0	0.0	0.0	0.0	0.0	0.0
n241	1.2471255179111793e-12	0.0026558065708825233	5.685088117817065e-06	1.4841714082322679e-05	1.5204761077976055e-05	0.9972963915467066	1.6722605213059662e-06	3.2929558386928693e-06	5.8579760077247286e-06	1.24712551791118e-06
KY785425	0.0	1.0	0.0	0.0	0.0	0.0	0.0	0.0	0.0	0.0
KY785453	0.0	1.0	0.0	0.0	0.0	0.0	0.0	0.0	0.0	0.0
KY014300	0.0	1.0	0.0	0.0	0.0	0.0	0.0	0.0	0.0	0.0
n226	1.6683471949124512e-16	6.147730142218356e-08	7.605249574298031e-10	1.9854562913930496e-09	1.7399480354013511e-09	0.9999999324220574	2.2370732615242187e-10	4.4051649633915164e-10	7.83653104678757e-10	1.6683471949124514e-10
n236	2.1266297551165882e-14	2.1581387673261968e-07	9.694355041390942e-08	2.530846360778916e-07	2.2178988137030496e-07	0.9999990065419421	2.8515806403131626e-08	5.6152309998261966e-08	9.989167813398657e-08	2.1266297551165883e-08
n269	2.0003354550773208e-16	0.9999999902596244	9.118635745947583e-10	2.380546822802229e-09	2.086184312526229e-09	2.4257538773088e-09	2.682233634748421e-10	5.281758910020437e-10	9.395940452626216e-10	2.0003354550773215e-10
MF384325	0.0	1.0	0.0	0.0	0.0	0.0	0.0	0.0	0.0	0.0
KU647676	0.0	1.0	0.0	0.0	0.0	0.0	0.0	0.0	0.0	0.0
n306	1.0793545205135799e-13	0.0001606239302681951	0.9998284964380939	1.2845115392840476e-06	1.125677426854611e-06	2.2239718022972186e-06	1.4472977476807113e-07	5.485813031252592e-06	5.069925034961951e-07	1.07935452051358e-07
KY075932	0.0	0.0	0.0	0.0	0.0	1.0	0.0	0.0	0.0	0.0
KY785451	0.0	1.0	0.0	0.0	0.0	0.0	0.0	0.0	0.0	0.0
KX247646	0.0	0.0	0.0	0.0	0.0	0.0	0.0	1.0	0.0	0.0
n319	0.0	0.0	0.0	0.0	0.0	0.0	0.0	1.0	0.0	0.0
KU955590	0.0	0.0	0.0	1.0	0.0	0.0	0.0	0.0	0.0	0.0
MF167360	0.0	0.0	0.0	1.0	0.0	0.0	0.0	0.0	0.0	0.0
KX446950	0.0	0.0	1.0	0.0	0.0	0.0	0.0	0.0	0.0	0.0
KX446951	0.0	0.0	1.0	0.0	0.0	0.0	0.0	0.0	0.0	0.0
KY785465	0.0	1.0	0.0	0.0	0.0	0.0	0.0	0.0	0.0	0.0
KY785441	0.0	1.0	0.0	0.0	0.0	0.0	0.0	0.0	0.0	0.0
n242	7.232476830537329e-30	1.161669110603843e-20	3.2969630964285486e-23	8.607181208644253e-23	8.503079710229883e-23	1.0	9.697969692116472e-24	1.909689639517503e-23	3.3972262728353607e-23	7.23247683053733e-24
KY785443	0.0	0.0	0.0	0.0	0.0	1.0	0.0	0.0	0.0	0.0
n227	1.6634915560664624e-19	1.5489794871948467e-12	7.58311488591961e-13	1.979677722804389e-12	1.7348840059856022e-12	0.9999999999923682	2.2305623746637954e-13	4.3923439569580476e-13	7.813723225559105e-13	1.6634915560664628e-13
n234	2.2585162477194402e-14	2.0979152822639522e-07	1.0295566644576536e-07	2.687801020628263e-07	2.355445509259035e-07	0.9999989643373891	3.028426171661651e-08	5.9634689194453e-08	1.0608662722543399e-07	2.258516247719441e-08
KY325464	0.0	0.0	0.0	0.0	0.0	1.0	0.0	0.0	0.0	0.0
KY325476	0.0	0.0	0.0	0.0	0.0	1.0	0.0	0.0	0.0	0.0
n270	1.2397421192960218e-24	0.9999999999999992	5.651430501856771e-18	1.4753846189614075e-17	7.229698445557784e-16	1.5034024643777114e-17	1.662360181813377e-18	3.2734604428967025e-18	5.823294837848976e-18	1.239742119296022e-18
MF783072	0.0	1.0	0.0	0.0	0.0	0.0	0.0	0.0	0.0	0.0
KU922960	0.0	0.0	1.0	0.0	0.0	0.0	0.0	0.0	0.0	0.0
KU922923	0.0	0.0	1.0	0.0	0.0	0.0	0.0	0.0	0.0	0.0
KX702400	0.0	0.0	0.0	0.0	0.0	0.0	0.0	1.0	0.0	0.0
KX893855	0.0	0.0	0.0	0.0	0.0	0.0	0.0	1.0	0.0	0.0
n244	1.1134410140578873e-24	1.006871906347153e-17	5.075680184551804e-18	1.3250769822958213e-17	1.1612268182864415e-17	1.0	1.4930040512125068e-18	2.9399703843949083e-18	5.230035511816325e-18	1.1134410140578875e-18
KY014326	0.0	0.0	0.0	0.0	0.0	1.0	0.0	0.0	0.0	0.0
n254	4.331882805984774e-15	3.9172718122162095e-08	1.9747118565361626e-08	5.155260246157085e-08	4.517795217234486e-08	0.9999998024234297	5.808586622063147e-09	1.14380618258801e-08	2.0347643586217884e-08	4.3318828059847735e-09
n264	6.017880202375137e-16	5.441899871688399e-09	2.7432827523465084e-09	7.161721579951105e-09	6.276150951872278e-09	0.9999999725525324	8.069326896009696e-10	1.5889831026917354e-09	2.8267080848381676e-09	6.017880202375138e-10
KY325472	0.0	0.0	0.0	0.0	0.0	1.0	0.0	0.0	0.0	0.0
KX842449	0.0	0.0	0.0	0.0	0.0	1.0	0.0	0.0	0.0	0.0
KY075936	0.0	0.0	0.0	0.0	0.0	1.0	0.0	0.0	0.0	0.0
n259	1.659130943654965e-16	1.5003330351817902e-09	7.563236801916861e-10	1.9744882722073333e-09	1.730336248167764e-09	0.9999999924327269	2.22471526474604e-10	4.3808300364308113e-10	7.793240633776102e-10	1.6591309436549651e-10
n228	2.299422973546293e-14	2.079341765131536e-07	1.0482042133688934e-07	2.7364830434115825e-07	2.3981078384517716e-07	0.9999989512363883	3.083277669505034e-08	6.071480534730793e-08	1.0800809074299264e-07	2.2994229735462936e-08
KY325473	0.0	0.0	0.0	0.0	0.0	1.0	0.0	0.0	0.0	0.0
n231	5.407604754614794e-15	4.8900348727624555e-08	2.4650854380562146e-08	6.43544875680408e-08	5.639684172282072e-08	0.9999997533599007	7.251013483482258e-09	1.4278437410115055e-08	2.5400505768536195e-08	5.407604754614792e-09
KX838906	0.0	0.0	0.0	0.0	0.0	1.0	0.0	0.0	0.0	0.0
n235	0.0	0.0	0.0	0.0	0.0	1.0	0.0	0.0	0.0	0.0
KY325482	0.0	0.0	0.0	0.0	0.0	1.0	0.0	0.0	0.0	0.0
n271	5.6465598818230344e-14	0.9999411188962999	2.574014405900475e-07	6.719822993847183e-07	5.672047361548499e-05	6.847433760183535e-07	7.57142648109558e-08	1.4909383269232677e-07	2.652292158154371e-07	5.6465598818230335e-08
KY415990	0.0	1.0	0.0	0.0	0.0	0.0	0.0	0.0	0.0	0.0
KY415986	0.0	1.0	0.0	0.0	0.0	0.0	0.0	0.0	0.0	0.0
KY415987	0.0	1.0	0.0	0.0	0.0	0.0	0.0	0.0	0.0	0.0
n275	0.0	1.0	0.0	0.0	0.0	0.0	0.0	0.0	0.0	0.0
n252	1.0619363876038037e-14	9.60296864859709e-08	4.840893600794666e-08	1.263782675606574e-07	1.1075117559264353e-07	0.9999995156522951	1.4239419141246268e-08	2.8039756846106085e-08	4.988108887974814e-08	1.0619363876038038e-08
n249	1.0206787815177153e-14	9.229880860678959e-08	4.652818605326325e-08	1.21468307941866e-07	1.064483487665632e-07	0.9999995344698316	1.3686199237792476e-08	2.695037592253051e-08	4.794314387647962e-08	1.0206787815177153e-08
n248	4.2679995207308544e-15	3.859502891909286e-08	1.9455903205954603e-08	5.079234421910767e-08	4.451170238326319e-08	0.9999998053371371	5.72292604149834e-09	1.1269382062575988e-08	2.0047572144380268e-08	4.267999520730855e-09
KY325468	0.0	0.0	0.0	0.0	0.0	1.0	0.0	0.0	0.0	0.0
KX838905	0.0	0.0	0.0	0.0	0.0	1.0	0.0	0.0	0.0	0.0
n251	1.2218203064204309e-14	1.1048780542542417e-07	5.5697329630240994e-08	1.454056338951395e-07	1.2742574496798607e-07	0.9999994427294627	1.6383289678644542e-08	3.2261390325806934e-08	5.7391128142015213e-08	1.221820306420431e-08
KY325467	0.0	0.0	0.0	0.0	0.0	1.0	0.0	0.0	0.0	0.0
KX832731	0.0	0.0	0.0	0.0	0.0	1.0	0.0	0.0	0.0	0.0
n265	8.018063983776773e-15	7.250643066520537e-08	3.655077185688117e-08	9.542087899885256e-08	8.36217708090834e-08	0.99999963429722	1.0751357152752993e-08	2.1171189452216123e-08	3.766230886209102e-08	8.018063983776771e-09
KX922704	0.0	0.0	0.0	0.0	0.0	1.0	0.0	0.0	0.0	0.0
n260	7.874707318222599e-17	7.121007282216129e-10	3.5897272859188503e-10	9.371482887687781e-10	8.212667944348933e-10	0.999999996408357	1.055913135925481e-10	2.0792665268345018e-10	3.6988936458669824e-10	7.874707318222601e-11
n263	0.0	0.0	0.0	0.0	0.0	1.0	0.0	0.0	0.0	0.0
KX922705	0.0	0.0	0.0	0.0	0.0	1.0	0.0	0.0	0.0	0.0
KY014298	0.0	0.0	0.0	0.0	0.0	1.0	0.0	0.0	0.0	0.0
n232	1.1564082326559393e-14	1.0457266681033277e-07	5.2715485397407575e-08	1.3762111435479338e-07	1.2060380708928048e-07	0.9999994725638183	1.5506184471493266e-08	3.05342260016853e-08	5.4318603739101e-08	1.1564082326559393e-08
n233	1.2311274398071645e-14	1.1132943879959601e-07	5.6121600264334666e-08	1.4651325145783117e-07	1.2839640194519367e-07	0.9999994384844921	1.6508088277547653e-08	3.2507139280400294e-08	5.7828301171491005e-08	1.2311274398071647e-08
KY075937	0.0	0.0	0.0	0.0	0.0	1.0	0.0	0.0	0.0	0.0
KY785422	0.0	0.0	0.0	0.0	0.0	1.0	0.0	0.0	0.0	0.0
KY415988	0.0	1.0	0.0	0.0	0.0	0.0	0.0	0.0	0.0	0.0
KX673530	0.0	0.0	0.0	0.0	1.0	0.0	0.0	0.0	0.0	0.0
KY415991	0.0	1.0	0.0	0.0	0.0	0.0	0.0	0.0	0.0	0.0
KY415989	0.0	1.0	0.0	0.0	0.0	0.0	0.0	0.0	0.0	0.0
KY785412	0.0	0.0	0.0	0.0	0.0	1.0	0.0	0.0	0.0	0.0
KY075935	0.0	0.0	0.0	0.0	0.0	1.0	0.0	0.0	0.0	0.0
KX922703	0.0	0.0	0.0	0.0	0.0	1.0	0.0	0.0	0.0	0.0
KY785445	0.0	0.0	0.0	0.0	0.0	1.0	0.0	0.0	0.0	0.0
KY785468	0.0	0.0	0.0	0.0	0.0	1.0	0.0	0.0	0.0	0.0
KY075939	0.0	0.0	0.0	0.0	0.0	1.0	0.0	0.0	0.0	0.0
KY785474	0.0	0.0	0.0	0.0	0.0	1.0	0.0	0.0	0.0	0.0
KY325469	0.0	0.0	0.0	0.0	0.0	1.0	0.0	0.0	0.0	0.0
KX922706	0.0	0.0	0.0	0.0	0.0	1.0	0.0	0.0	0.0	0.0
KY325478	0.0	0.0	0.0	0.0	0.0	1.0	0.0	0.0	0.0	0.0
KY325483	0.0	0.0	0.0	0.0	0.0	1.0	0.0	0.0	0.0	0.0
n261	4.6666015573036103e-17	4.2199541303410186e-10	2.1272951826411788e-10	5.553600263558608e-10	4.866879170230108e-10	0.9999999978715696	6.257408288793876e-11	1.232186546123627e-10	2.1919878606992252e-10	4.6666015573036096e-11
KX838904	0.0	0.0	0.0	0.0	0.0	1.0	0.0	0.0	0.0	0.0
KY014324	0.0	0.0	0.0	0.0	0.0	1.0	0.0	0.0	0.0	0.0
KY014299	0.0	0.0	0.0	0.0	0.0	1.0	0.0	0.0	0.0	0.0
KX922708	0.0	0.0	0.0	0.0	0.0	1.0	0.0	0.0	0.0	0.0
KY785459	0.0	0.0	0.0	0.0	0.0	1.0	0.0	0.0	0.0	0.0
MF988743	0.0	0.0	0.0	0.0	0.0	1.0	0.0	0.0	0.0	0.0
KY325477	0.0	0.0	0.0	0.0	0.0	1.0	0.0	0.0	0.0	0.0
KY785472	0.0	0.0	0.0	0.0	0.0	1.0	0.0	0.0	0.0	0.0
KY075938	0.0	0.0	0.0	0.0	0.0	1.0	0.0	0.0	0.0	0.0
