node	human	monkey	mosquito
root	0.2231231468450006	0.19251735213690624	0.5843595010180931
n0	2.2075006196438494e-07	2.0780508232041902e-07	0.9999995714448557
n1	0.9474284024714832	0.025426833591303537	0.027144763937213275
HQ234499	0.0	0.0	1.0
KX377336	0.0	0.0	1.0
n2	0.9949777900748606	0.002465593664129514	0.0025566162610099704
n467	0.9639491355365863	0.017814840633118126	0.01823602383029555
n3	0.9975499791331903	0.0012171101504592215	0.0012329107163504573
n5	0.9995213036541933	0.00023858696613403556	0.00024010937967265225
KU681082	1.0	0.0	0.0
n468	0.9999853881704838	7.294768036204137e-06	7.3170614799590144e-06
n4	0.9999882538280793	5.8718708692856735e-06	5.874301051397676e-06
MG645981	1.0	0.0	0.0
n6	0.9997588470835974	0.00012054428935938116	0.00012060862704314861
n11	0.9997096779081356	0.00014508961940841276	0.00014523247245602788
KY120353	1.0	0.0	0.0
KY553111	1.0	0.0	0.0
KU955593	1.0	0.0	0.0
J860885	0.9999235688260921	3.821437198081365e-05	3.821680192712699e-05
n7	0.999761949793129	0.00011901875116000051	0.0001190314557110346
n9	0.9978827671894871	0.001058612211968441	0.0010586205985444602
KU179098	1.0	0.0	0.0
n12	0.9998246892106653	8.763401359920258e-05	8.767677573562182e-05
n8	0.9991806386846432	0.00040967839795374956	0.00040968291740306034
KX051561	1.0	0.0	0.0
n10	0.999999981575807	9.212090916186569e-09	9.212101883965247e-09
KY272987	1.0	0.0	0.0
n13	0.9998593572739236	7.031791588169664e-05	7.032481019469283e-05
KX051560	1.0	0.0	0.0
KY328290	1.0	0.0	0.0
KX051562	1.0	0.0	0.0
KF993678	1.0	0.0	0.0
KX694532	1.0	0.0	0.0
n14	0.9998676979723397	6.61492561726706e-05	6.615277148773046e-05
n464	0.9994983995570076	0.00025080021484455135	0.00025080022814792235
KU681081	1.0	0.0	0.0
n15	0.999924209612674	3.789513788668952e-05	3.7895249439377135e-05
MK238035	1.0	0.0	0.0
n465	0.9999605009025274	1.9749548554820955e-05	1.9749548917767482e-05
n16	0.9995294453852492	0.00023527729368647143	0.0002352773210642987
n345	0.9998349546939371	8.252264523895984e-05	8.252266082390495e-05
n466	0.99999898582536	5.070873195835131e-07	5.070873205310029e-07
MK238036	1.0	0.0	0.0
LC219720	1.0	0.0	0.0
n17	0.9999874223828814	6.288808519545964e-06	6.288808599064428e-06
n346	0.9999336435539076	3.317801273882148e-05	3.3178433353595704e-05
n462	0.9993393082039679	0.00033034589573663044	0.00033034590029554337
MK238038	1.0	0.0	0.0
MK238037	1.0	0.0	0.0
KX447517	1.0	0.0	0.0
n18	0.9999999989453526	5.27323663556261e-10	5.273236662055299e-10
n347	0.9999858952800368	7.04798515879957e-06	7.05673480457808e-06
n460	0.9998624204107124	6.878974303037855e-05	6.878984625723759e-05
MG807647	1.0	0.0	0.0
n463	0.9994736528765695	0.0002631735616276417	0.00026317356180285116
n19	0.9999999999956074	2.1963643600573347e-12	2.196364363751539e-12
n32	0.9999999966485669	1.6757165395494893e-09	1.6757165395499281e-09
n348	0.9999999397345946	9.535673463637411e-10	5.9311838055716474e-08
MG807646	1.0	0.0	0.0
n461	0.999827441957184	8.627901893714313e-05	8.627902387887919e-05
MH013290	1.0	0.0	0.0
KY126351	1.0	0.0	0.0
KY241691	1.0	0.0	0.0
n20	0.9999999967157158	1.6421421138245338e-09	1.6421421138267896e-09
n23	0.9999999669165635	1.654171825650726e-08	1.6541718256509932e-08
KX447513	1.0	0.0	0.0
n33	0.9999999998839153	5.804238651065412e-11	5.80423865106634e-11
n349	0.9992279950162182	5.018277047182578e-08	0.0007719548010114545
n353	0.9999999998006756	6.345762589525111e-12	1.92978808722567e-10
MG548660	1.0	0.0	0.0
LC369584	1.0	0.0	0.0
n21	0.9999999925303722	3.734813877424515e-09	3.734813877424517e-09
KX447515	1.0	0.0	0.0
n24	0.9999880694021939	5.9652989030943716e-06	5.965298903069003e-06
KX447516	1.0	0.0	0.0
n34	0.9999997432003285	1.2839983572418876e-07	1.2839983572418876e-07
n35	0.9999999879344321	6.03278400457106e-09	6.0327840045710695e-09
n350	0.9959418625314964	1.312568728707866e-07	0.00405800621163067
n352	0.9997370965321903	1.7063029397262836e-06	0.0002611971648700927
n354	0.9999998970517769	9.97235973700231e-12	1.029382507054498e-07
n372	0.999999999999926	3.404637086432081e-14	4.0084167158473105e-14
KX447509	1.0	0.0	0.0
n22	0.9999999839647955	8.017602192796347e-09	8.017602192796347e-09
n25	0.9999963245417599	1.8377291247296843e-06	1.837729115433675e-06
n31	0.9999778579376561	1.1071031171948443e-05	1.1071031171936883e-05
KX369547	1.0	0.0	0.0
KX447512	1.0	0.0	0.0
n36	0.9999984368708649	7.815645675308779e-07	7.815645675308891e-07
KX447511	1.0	0.0	0.0
n351	0.9998459172469921	8.829113824148342e-07	0.00015319984162544595
KY241787	0.0	0.0	1.0
KY241769	1.0	0.0	0.0
KY241730	1.0	0.0	0.0
n355	0.9999674739552593	1.0495631709391384e-09	3.252499517758199e-05
KY241707	1.0	0.0	0.0
n373	0.9999999999998979	3.384494836239737e-14	6.817722214633436e-14
KY241708	1.0	0.0	0.0
KX447514	1.0	0.0	0.0
KJ776791	1.0	0.0	0.0
n26	0.9999999973335909	1.3336285012647166e-09	1.3327806055590018e-09
KU761561	1.0	0.0	0.0
LC191864	1.0	0.0	0.0
KX806557	1.0	0.0	0.0
n37	0.9999993322486918	3.3387565415388824e-07	3.3387565415449143e-07
KX447510	1.0	0.0	0.0
KY241673	1.0	0.0	0.0
KY241766	1.0	0.0	0.0
n356	0.9999999218040317	1.9794166380191288e-13	7.81957702071126e-08
KY241782	0.0	0.0	1.0
n374	0.9999999989383631	9.018547049982098e-14	1.0615467038647418e-09
KY241758	1.0	0.0	0.0
n27	0.9999999999981303	1.6916744134235644e-12	1.7806911901814767e-13
n30	0.9999999359927261	3.200363826894624e-08	3.2003635594126895e-08
n38	0.999999999993121	3.439538730841728e-12	3.439538730841927e-12
n339	0.9999931064686584	3.4467656706243077e-06	3.446765671101671e-06
n357	0.9999999999974026	3.3932601193261915e-14	2.5633585925277682e-12
n370	0.9999998449672723	9.870122874449898e-10	1.5404571532425525e-07
n375	0.9999671810319997	6.804992814572085e-10	3.281828750111595e-05
KY241745	1.0	0.0	0.0
n28	0.9999999766694948	2.1956207513035923e-08	1.3742977054247071e-09
KU963796	1.0	0.0	0.0
KU997667	1.0	0.0	0.0
KX013000	1.0	0.0	0.0
n39	0.9999999999957265	2.1367100663087884e-12	2.1367100663087884e-12
n192	0.999999999999577	2.1152558156807582e-13	2.1152558156807584e-13
KX051563	1.0	0.0	0.0
n340	0.9999998668720786	6.656395404526281e-08	6.656396730476764e-08
n358	0.9999999999997174	1.4109334427397744e-13	1.4143439867127566e-13
KY241734	1.0	0.0	0.0
KY241773	1.0	0.0	0.0
n371	0.9999753150244306	3.100026503628305e-07	2.4374972918979807e-05
n376	0.9999669587655677	1.3881472707468645e-09	3.303984628511241e-05
n456	0.6818005532567902	1.0324580700324552e-05	0.3181891221625094
n29	0.9993080126195136	0.0006618824436379196	3.010493684837072e-05
KU820899	1.0	0.0	0.0
n40	0.999999890439864	5.4780067988678756e-08	5.4780067988678756e-08
n49	0.9999999996238889	1.880555417105691e-10	1.880555417105691e-10
n193	0.999999996035792	1.982103913612816e-09	1.982103913612816e-09
n291	0.9999999975883902	1.2058049227269596e-09	1.2058049227269596e-09
KU744693	1.0	0.0	0.0
n341	0.9999999978735234	1.0632315760148052e-09	1.0632450481175076e-09
n359	0.9999999999997614	1.192356424668775e-13	1.1923568132563955e-13
n361	0.999999993369465	3.3152673327294427e-09	3.3152676058130154e-09
KY241777	0.0	0.0	1.0
KY241751	1.0	0.0	0.0
n377	0.9999999989278149	1.1366231075725609e-13	1.0720714228549044e-09
n455	0.009463088720977765	3.0043264542219053e-05	0.99050686801448
n457	0.17210377758176168	8.753489104863884e-08	0.8278961348833472
KY241727	1.0	0.0	0.0
MF099651	0.0	1.0	0.0
MF036115	1.0	0.0	0.0
KU729218	1.0	0.0	0.0
n41	0.9999625365112025	1.873174439875048e-05	1.873174439875048e-05
n50	0.9999998842140475	5.789297620903798e-08	5.789297620903798e-08
n63	0.99999987160515	6.419742502171016e-08	6.419742502171016e-08
n194	0.999961869371138	1.9065314431049555e-05	1.9065314431049555e-05
n195	0.9999998081933689	9.59033156159051e-08	9.59033156159051e-08
n292	0.9999997429235942	1.2853820292527103e-07	1.2853820292527103e-07
n329	0.9999974829321899	1.2585339049648479e-06	1.2585339049648479e-06
n342	0.9999999901429623	3.2859626186070777e-09	6.571075098167226e-09
KU509998	1.0	0.0	0.0
KY241744	1.0	0.0	0.0
n360	0.9999999947207102	2.639644958266746e-09	2.639644958294573e-09
KY241688	1.0	0.0	0.0
n362	0.999999999993308	3.324808953387736e-12	3.3670850265714557e-12
n378	0.9999999999899635	3.3220647436992574e-12	6.714526445622278e-12
KY241701	1.0	0.0	0.0
KY241781	0.0	0.0	1.0
KY241779	0.0	0.0	1.0
n458	0.17209627976800926	2.259360541731632e-07	0.8279034942959366
KY241780	0.0	0.0	1.0
n42	0.9999999631520444	1.842397777693612e-08	1.842397777693612e-08
n43	0.9999940666281252	2.9666859374786194e-06	2.9666859374786194e-06
n51	0.999997178669446	1.4106652770268952e-06	1.4106652770268952e-06
KY241788	1.0	0.0	0.0
n64	0.9999999622846867	1.8857656593388364e-08	1.8857656593388364e-08
n94	0.9999999788397576	1.0580121281846555e-08	1.058012128184656e-08
KX197205	1.0	0.0	0.0
KY559021	1.0	0.0	0.0
n196	0.9999923799247203	3.8100376398589183e-06	3.8100376398589183e-06
n201	0.9999977493513471	1.1253243264317867e-06	1.1253243264317867e-06
n293	0.9999998347656777	8.261716109078119e-08	8.261716109078119e-08
KY559003	1.0	0.0	0.0
KY014313	1.0	0.0	0.0
n330	0.9999999854094339	7.295283064061921e-09	7.295283064061919e-09
MF352141	1.0	0.0	0.0
n343	0.9999999956677263	4.203299169378002e-13	4.331853382214304e-09
KY241714	1.0	0.0	0.0
KY241738	1.0	0.0	0.0
n363	0.9999999999864985	7.74315916187244e-14	1.342403718419135e-11
n367	0.99999999999875	6.249501721378878e-13	6.249753298736969e-13
KY241687	1.0	0.0	0.0
n379	0.9999999999999319	3.3949472181772975e-14	3.4060303417218875e-14
KY241682	1.0	0.0	0.0
n459	0.0027110563132764806	8.743707340832883e-06	0.9972801999793827
KY003154	1.0	0.0	0.0
KY003153	1.0	0.0	0.0
KX101060	1.0	0.0	0.0
n44	0.9999999978519738	1.0740131696336983e-09	1.0740131696336983e-09
n52	0.9999999981058312	9.470843500547022e-10	9.470843500547022e-10
n62	0.9999974332390453	1.2833804773026623e-06	1.2833804773026623e-06
n65	0.9999999837434705	8.128264713943451e-09	8.128264713943451e-09
MH513600	1.0	0.0	0.0
n95	0.9999999997784323	1.1078380592988272e-10	1.1078380592988272e-10
n100	0.9999999141168557	4.294157212971578e-08	4.294157212971578e-08
n197	0.9999999831462849	8.426857489095388e-09	8.426857489095386e-09
n199	0.9999981116091597	9.441954201560937e-07	9.441954201560937e-07
n202	0.9999999800969729	9.951513647711957e-09	9.951513647711957e-09
KU527068	1.0	0.0	0.0
n294	0.999999998922919	5.385405304651416e-10	5.385405304651416e-10
KY785429	1.0	0.0	0.0
n331	0.999999999995042	2.4790040888645336e-12	2.4790040888645323e-12
KY014317	1.0	0.0	0.0
n344	0.9999676505050421	1.046315848598314e-09	3.2348448642017826e-05
KR872956	1.0	0.0	0.0
KY241721	1.0	0.0	0.0
n364	0.9999995859961774	1.3268185223285358e-09	4.126770039678994e-07
n368	0.999999992074695	3.962652431290463e-09	3.962652451191788e-09
n369	0.9999999940453128	2.977343592725203e-09	2.9773436113395927e-09
n380	0.9999999999998984	3.38463907200686e-14	6.768512626684653e-14
n406	0.9999999999999323	3.384201225386366e-14	3.38420158386021e-14
KY241778	0.0	0.0	1.0
KY241776	0.0	0.0	1.0
n45	0.9999999999865576	6.7212198117587006e-12	6.7212198117587006e-12
n47	0.9999997342341818	1.3288290909649402e-07	1.3288290909649402e-07
n53	0.9999999999387631	3.061842337437823e-11	3.0618423374378237e-11
n57	0.9999998611358759	6.94320620781034e-08	6.94320620781034e-08
KY559007	1.0	0.0	0.0
KY559005	1.0	0.0	0.0
n66	0.9999999368350889	3.158245559648976e-08	3.158245559648976e-08
n93	0.9999173825822004	4.1308708899807404e-05	4.1308708899807404e-05
n96	0.9999999459441672	2.7027916398792345e-08	2.7027916398792345e-08
n97	0.999999999440766	2.796170451460635e-10	2.796170451460635e-10
KY785410	1.0	0.0	0.0
n101	0.9999999942892948	2.8553525433959096e-09	2.85535254339591e-09
KX879604	1.0	0.0	0.0
n198	0.999999989881446	5.059276933606775e-09	5.0592769336067756e-09
KX811222	0.9751162057738306	0.012441897113084629	0.012441897113084629
n200	0.9999999999388519	3.0573994623061876e-11	3.0573994623061876e-11
MF073359	1.0	0.0	0.0
n203	0.9999999945251865	2.7374067270725777e-09	2.7374067270725777e-09
n295	0.9999873189336645	6.340533167761525e-06	6.340533167761525e-06
n296	0.9999999999353407	3.2329655442561093e-11	3.2329655442561093e-11
n332	0.9999999843489294	7.825535268970648e-09	7.825535268970648e-09
n336	0.9999999998238597	8.807024197765144e-11	8.807024197765144e-11
KU321639	1.0	0.0	0.0
MF783073	0.0	0.0	1.0
n365	0.9999999979973785	9.81356139225336e-10	1.0212653911477219e-09
n366	0.9998692054362928	4.1393015054274077e-07	0.00013038063355668865
KY241749	1.0	0.0	0.0
KY241697	1.0	0.0	0.0
KY241706	1.0	0.0	0.0
KY241671	1.0	0.0	0.0
n381	0.9999999999999323	3.384200895496571e-14	3.3843103438984964e-14
n385	0.9999999989536211	1.0152164772608686e-13	1.0462772613754992e-09
n407	0.9999999999999323	3.3842008777937677e-14	3.384200877805433e-14
KY241741	1.0	0.0	0.0
n46	0.9999999980377989	9.811005468213676e-10	9.811005468213676e-10
KU940228	1.0	0.0	0.0
n48	0.9999926382914215	3.680854289314296e-06	3.680854289314296e-06
KU940227	1.0	0.0	0.0
KY559017	1.0	0.0	0.0
n54	0.9999999997237802	1.3810992549319535e-10	1.3810992549319535e-10
n58	0.9999996679661569	1.6601692148772996e-07	1.6601692148772996e-07
KY559009	1.0	0.0	0.0
KY441401	1.0	0.0	0.0
n67	0.9999968725020448	1.5637489775785962e-06	1.5637489775785962e-06
KY693680	1.0	0.0	0.0
KY631492	1.0	0.0	0.0
KY559025	1.0	0.0	0.0
KY272991	1.0	0.0	0.0
n98	0.999999990287389	4.8563055819837345e-09	4.8563055819837345e-09
KU926309	1.0	0.0	0.0
n102	0.9999999999997422	1.2895793787613283e-13	1.2895793787613285e-13
n190	0.9999983308356264	8.345821867966623e-07	8.345821867966627e-07
MF794971	1.0	0.0	0.0
KX879603	1.0	0.0	0.0
KX280026	1.0	0.0	0.0
MH513599	1.0	0.0	0.0
n204	0.9999997431046446	1.2844767773232346e-07	1.2844767773232346e-07
n288	0.9999998131002737	9.344986313010822e-08	9.344986313010822e-08
KY014307	1.0	0.0	0.0
KY785433	1.0	0.0	0.0
n297	0.9999999990502255	4.748872429881769e-10	4.748872429881769e-10
n326	0.9999999885008711	5.749564497269516e-09	5.749564497269516e-09
n333	0.9999999893201453	5.339927326089317e-09	5.339927326089317e-09
n334	0.999990150532208	4.924733896056391e-06	4.924733896056391e-06
KY014309	1.0	0.0	0.0
n337	0.9999999961959467	1.902026676779055e-09	1.902026676779055e-09
KY241698	1.0	0.0	0.0
KY241740	1.0	0.0	0.0
KY241716	1.0	0.0	0.0
KY241783	0.0	0.0	1.0
n382	0.9999999999999323	3.38420122176223e-14	3.384201225302243e-14
KY241695	1.0	0.0	0.0
KY241760	1.0	0.0	0.0
n386	0.9999676527443748	1.0462434193598022e-09	3.2346209381754954e-05
n408	0.9999999999999323	3.3842012217732856e-14	3.3842012239828415e-14
KY241735	1.0	0.0	0.0
KX520666	1.0	0.0	0.0
KU940224	1.0	0.0	0.0
KX101066	1.0	0.0	0.0
KX101061	1.0	0.0	0.0
KY559006	1.0	0.0	0.0
n55	0.9999999984916785	7.541607555944054e-10	7.541607555944054e-10
n59	0.999999997345657	1.3271715040512316e-09	1.3271715040512316e-09
KY559013	1.0	0.0	0.0
n68	0.999999924963861	3.751806942336336e-08	3.751806942336336e-08
n90	0.9999999787326003	1.0633699873710448e-08	1.0633699873710448e-08
KY785437	1.0	0.0	0.0
n99	0.9999997829228444	1.0853857780362545e-07	1.0853857780362545e-07
n103	0.9999999999933554	3.322251301223917e-12	3.322251301223917e-12
n181	0.9999999999609795	1.9510216129043863e-11	1.9510216129043863e-11
n191	0.9999924996018463	3.750199076831549e-06	3.750199076831549e-06
MF801406	1.0	0.0	0.0
n205	0.9999938131328173	3.0934335913546653e-06	3.0934335913546653e-06
KY558989	1.0	0.0	0.0
n289	0.9999712791169136	1.4360441543234976e-05	1.4360441543234976e-05
n290	0.9999997239114963	1.3804425181907226e-07	1.3804425181907226e-07
n298	0.999999993738566	3.1307170122603982e-09	3.1307170122603982e-09
n323	0.9999999194883448	4.0255827635273474e-08	4.0255827635273474e-08
KU497555	1.0	0.0	0.0
n327	0.9999998912837229	5.43581385973687e-08	5.435813859736869e-08
KY014296	1.0	0.0	0.0
KY014320	1.0	0.0	0.0
n335	0.9999998844040054	5.779799728964899e-08	5.779799728964899e-08
KY785427	1.0	0.0	0.0
n338	0.9999868933750431	6.553312478479808e-06	6.553312478479808e-06
KY559031	1.0	0.0	0.0
n383	0.999999999999932	3.394835513296385e-14	3.3948355132965e-14
KY241752	1.0	0.0	0.0
KY241785	0.0	0.0	1.0
n387	0.9999999989536211	1.0152164761952862e-13	1.0462772602737778e-09
n409	0.999999999999932	3.394835874087187e-14	3.394904188121075e-14
KY241755	1.0	0.0	0.0
KY559011	1.0	0.0	0.0
n56	0.99999992143127	3.928436493892758e-08	3.928436493892758e-08
KY559019	1.0	0.0	0.0
n60	0.9999999999811006	9.44968827341422e-12	9.44968827341422e-12
n69	0.9999999363365023	3.183174883557455e-08	3.183174883557456e-08
KU312312	1.0	0.0	0.0
n91	0.9999999999992445	3.777885755915307e-13	3.777885755915307e-13
n92	0.9999999973795267	1.3102366231167238e-09	1.3102366231167238e-09
KY014308	1.0	0.0	0.0
KY559032	1.0	0.0	0.0
n104	0.9999999996006228	1.9968855854629424e-10	1.9968855854629424e-10
n117	0.9999999999998173	9.140236725847197e-14	9.140236725847197e-14
n182	0.9999999925931522	3.7034238982139996e-09	3.7034238982139996e-09
n188	0.9999936008172229	3.199591388546878e-06	3.199591388546878e-06
MF801377	1.0	0.0	0.0
KY765323	1.0	0.0	0.0
n206	0.9999828037355483	8.598132225851067e-06	8.598132225851067e-06
MF098767	1.0	0.0	0.0
KU729217	1.0	0.0	0.0
KY120352	1.0	0.0	0.0
KY785426	1.0	0.0	0.0
MF073358	1.0	0.0	0.0
n299	0.9999940378405415	2.98107972932431e-06	2.98107972932431e-06
KY558999	1.0	0.0	0.0
n324	0.9999267268516584	3.663657417078033e-05	3.663657417078033e-05
n325	0.9999951248171591	2.437591420520679e-06	2.437591420520679e-06
KU991811	1.0	0.0	0.0
n328	0.9999998610977711	6.945111446574535e-08	6.945111446574536e-08
MH763833	1.0	0.0	0.0
MH763832	1.0	0.0	0.0
KY014301	1.0	0.0	0.0
KY785479	1.0	0.0	0.0
n384	0.9999999999933568	3.3215952762027598e-12	3.3215952762027598e-12
KY241772	1.0	0.0	0.0
KY241702	1.0	0.0	0.0
n388	0.9999999999998984	3.384529244115089e-14	6.768292285930765e-14
n410	0.9999999999933354	3.321706133450477e-12	3.3428271410320073e-12
KY241771	1.0	0.0	0.0
KY559010	1.0	0.0	0.0
KY559012	1.0	0.0	0.0
n61	0.9999999999999317	3.414547119957605e-14	3.414547119957605e-14
KY559018	1.0	0.0	0.0
n70	0.9999999619369925	1.9031503717260626e-08	1.9031503717260626e-08
n89	0.9999999999325867	3.370668490628964e-11	3.370668490628964e-11
KU365779	1.0	0.0	0.0
KU707826	1.0	0.0	0.0
KU365777	1.0	0.0	0.0
KU365780	1.0	0.0	0.0
n105	0.9999999999971643	1.4178268122696532e-12	1.417826812269653e-12
n114	0.9999998760500668	6.197496664583972e-08	6.197496664583972e-08
n118	0.9999999999933541	3.322934246924344e-12	3.322934246924344e-12
n173	0.9999999964764571	1.7617715065697977e-09	1.761771506569798e-09
MF801397	1.0	0.0	0.0
n183	0.9999999274969011	3.625154949534366e-08	3.625154949534366e-08
n189	0.9999988388468848	5.80576557589756e-07	5.80576557589756e-07
MF801408	1.0	0.0	0.0
n207	0.9999999260621465	3.6968926800412804e-08	3.6968926800412804e-08
KY559026	1.0	0.0	0.0
n300	0.9999991847971499	4.0760142508091193e-07	4.0760142508091193e-07
KY558996	1.0	0.0	0.0
KY559014	1.0	0.0	0.0
KY559015	1.0	0.0	0.0
KY785455	1.0	0.0	0.0
KY785480	1.0	0.0	0.0
KY559001	1.0	0.0	0.0
KY558995	1.0	0.0	0.0
KY241725	1.0	0.0	0.0
KY241737	1.0	0.0	0.0
KY241709	1.0	0.0	0.0
n389	0.9999999999999323	3.384200891932813e-14	3.384310336760411e-14
n411	0.9999999999932565	3.4810806130104796e-14	6.708674816185136e-12
KY241704	1.0	0.0	0.0
KY559024	1.0	0.0	0.0
KY559023	1.0	0.0	0.0
n71	0.9999999597308652	2.013456738738219e-08	2.013456738738219e-08
n84	0.9999887139817195	5.643009140263941e-06	5.643009140263941e-06
KY785450	1.0	0.0	0.0
KY014297	1.0	0.0	0.0
n106	0.9999999902619554	4.869022233061919e-09	4.869022233061919e-09
n108	0.9999999890653865	5.467306802321457e-09	5.467306802321457e-09
n115	0.9999999482839248	2.5858037518688253e-08	2.5858037518688253e-08
KY606274	1.0	0.0	0.0
n119	0.9999999999998427	7.870351868822358e-14	7.870351868823335e-14
n164	0.9999999945072618	2.746369037489704e-09	2.7463690374897043e-09
n174	0.9999869600597479	6.519970126078204e-06	6.519970126078204e-06
n180	0.9999976672852259	1.1663573871215379e-06	1.1663573871215379e-06
n184	0.9999987872321942	6.063839030021194e-07	6.063839030021194e-07
n186	0.9999984345494394	7.82725280353934e-07	7.82725280353934e-07
MF801384	1.0	0.0	0.0
MF801386	1.0	0.0	0.0
n208	0.999999956269215	2.1865392457207404e-08	2.1865392457207404e-08
KY014302	1.0	0.0	0.0
n301	0.9999983794940379	8.102529811276864e-07	8.102529811276864e-07
n309	0.999999992020817	3.989591419597363e-09	3.989591419597363e-09
KY241763	1.0	0.0	0.0
n390	0.9999999999999323	3.38420087777254e-14	3.384200884852333e-14
n412	0.9999997942671077	1.9960592107211006e-11	2.0571293174367973e-07
KY241719	1.0	0.0	0.0
n72	0.9999999266995666	3.665021675503679e-08	3.665021675503679e-08
n74	0.9999999277693051	3.6115347468185726e-08	3.6115347468185726e-08
n85	0.9999916971206095	4.151439695266287e-06	4.151439695266287e-06
KU820898	1.0	0.0	0.0
n107	0.9999939850599676	3.007470016204475e-06	3.007470016204475e-06
MF801387	1.0	0.0	0.0
n109	0.9999993491858916	3.2540705412271703e-07	3.2540705412271703e-07
MF801389	1.0	0.0	0.0
KY765319	1.0	0.0	0.0
n116	0.9999999999982596	8.702222588459756e-13	8.702222588459756e-13
n120	0.99999999999958	2.099419116882067e-13	2.099419118180156e-13
n160	0.9999999972423207	1.3788395863179695e-09	1.3788395863179695e-09
n165	0.9999999247742055	3.7612897305793496e-08	3.7612897305793496e-08
n167	0.999999946541476	2.6729261976309582e-08	2.6729261976309582e-08
n175	0.9999982253806363	8.87309681876543e-07	8.87309681876543e-07
MF801380	1.0	0.0	0.0
KX906952	1.0	0.0	0.0
KX262887	1.0	0.0	0.0
n185	0.999996850062535	1.5749687324782075e-06	1.5749687324782075e-06
KY014306	1.0	0.0	0.0
MF801410	1.0	0.0	0.0
n187	0.9999999919093652	4.045317352838282e-09	4.045317352838282e-09
KY785476	1.0	0.0	0.0
n209	0.99999999999334	3.330052097002034e-12	3.3300520971642475e-12
n302	0.9999998936459418	5.3177029053544016e-08	5.3177029053544016e-08
KX548902	1.0	0.0	0.0
n310	0.9999999999976148	1.1926126743166073e-12	1.1926126743166077e-12
KY014303	1.0	0.0	0.0
KY241762	1.0	0.0	0.0
n391	0.9999999999999323	3.384200891932813e-14	3.384310336760525e-14
KY241683	1.0	0.0	0.0
n413	0.9999674480677588	1.052863503767998e-09	3.255087937769474e-05
n73	0.9999999566236364	2.168818177442156e-08	2.168818177442156e-08
MF073357	1.0	0.0	0.0
n75	0.9999996078408813	1.960795594452329e-07	1.960795594452329e-07
n77	0.9999998750354278	6.248228615895511e-08	6.248228615895511e-08
KX766028	1.0	0.0	0.0
n86	0.999999995004209	2.4978954756332366e-09	2.4978954756332366e-09
KY785431	1.0	0.0	0.0
KU870645	1.0	0.0	0.0
n110	0.9999999886334086	5.683295658427128e-09	5.683295658427128e-09
MF434517	1.0	0.0	0.0
KX421195	1.0	0.0	0.0
KX421194	1.0	0.0	0.0
n121	0.9999999898411198	5.079440163665864e-09	5.079440167453652e-09
n143	0.9999999998754575	6.227127248236551e-11	6.22712724823728e-11
n161	0.999992997546191	3.5012269045340896e-06	3.5012269045340896e-06
n163	0.9999498858977304	2.5057051134853517e-05	2.5057051134853517e-05
n166	0.9999999947273774	2.6363113161406967e-09	2.6363113161406967e-09
MF801403	1.0	0.0	0.0
n168	0.999999788685537	1.0565723156939197e-07	1.0565723156939198e-07
MF801381	1.0	0.0	0.0
n176	0.9999999641427393	1.7928630385421983e-08	1.7928630385421983e-08
MF988734	1.0	0.0	0.0
KY693677	1.0	0.0	0.0
KY765325	1.0	0.0	0.0
KY785418	1.0	0.0	0.0
KY014315	1.0	0.0	0.0
n210	0.9999999999993149	3.426231176966113e-13	3.4262311769666424e-13
n216	0.9999999999998429	7.859799951895961e-14	7.859805064954177e-14
n303	0.9999998438045579	7.809772114397826e-08	7.809772114397825e-08
n305	0.9999985438972283	7.280513858975957e-07	7.280513858975957e-07
n311	0.9999999867727509	6.613624589648382e-09	6.613624589648382e-09
n313	0.9999999999993369	3.3155529130239717e-13	3.315552913023972e-13
KY241742	1.0	0.0	0.0
n392	0.9999999999998984	3.384529244115431e-14	6.768292289471349e-14
n414	0.9999999989369743	1.0292064852970055e-13	1.0629227748480522e-09
KY241786	0.0	0.0	1.0
KY441403	1.0	0.0	0.0
KY441402	1.0	0.0	0.0
KU758877	1.0	0.0	0.0
n76	0.9999995140284943	2.429857528866199e-07	2.429857528866199e-07
KU365778	1.0	0.0	0.0
n78	0.9999966452997119	1.6773501440419627e-06	1.6773501440419627e-06
KX056898	1.0	0.0	0.0
n87	0.9999999993477872	3.261064116867109e-10	3.261064116867109e-10
n111	0.9999999960706585	1.9646707056694664e-09	1.9646707056694664e-09
MF434516	1.0	0.0	0.0
n122	0.9999996940947319	1.5295263022549818e-07	1.529526378841636e-07
MF801378	1.0	0.0	0.0
n144	0.9999999833894927	8.30525368790437e-09	8.305253687904377e-09
n149	0.9999957328890335	2.133555483290348e-06	2.133555483290348e-06
n162	0.9999999999185508	4.072454721213368e-11	4.072454721213368e-11
MF801426	1.0	0.0	0.0
MF593625	1.0	0.0	0.0
MF801382	1.0	0.0	0.0
KU501216	1.0	0.0	0.0
KU501217	1.0	0.0	0.0
n169	0.9999977612605279	1.1193697360497502e-06	1.1193697360497502e-06
n171	0.9999996932891146	1.5335544262226725e-07	1.5335544262226725e-07
n177	0.9999936815346199	3.159232690056166e-06	3.159232690056166e-06
n179	0.9999999130099881	4.349500589592738e-08	4.349500589592739e-08
n211	0.9999999999402566	2.987175043699242e-11	2.987175043699242e-11
n214	0.9999999815602415	9.219879250208131e-09	9.219879250208131e-09
n217	0.9999999999908594	4.569931052691099e-12	4.570614692419097e-12
n286	0.9999999972689525	1.3655237913259933e-09	1.3655237913549415e-09
KY317937	1.0	0.0	0.0
n304	0.999992130718252	3.934640873983727e-06	3.934640873983727e-06
n306	0.9999999944976884	2.751155833915884e-09	2.751155833915884e-09
n308	0.999995762537079	2.1187314604440794e-06	2.1187314604440794e-06
n312	0.9999989663899725	5.168050136925413e-07	5.168050136925413e-07
KX198135	1.0	0.0	0.0
n314	0.9999999951477531	2.426123541909671e-09	2.426123541909671e-09
n316	0.9999999959219241	2.039037884212725e-09	2.039037884212725e-09
KY241757	1.0	0.0	0.0
n393	0.9999999989536211	1.015216476903392e-13	1.0462772613684037e-09
n415	0.9999999999699474	9.997216550642715e-12	2.0055403490343076e-11
KY241748	1.0	0.0	0.0
KY348640	1.0	0.0	0.0
KU937936	1.0	0.0	0.0
n79	0.9999988694858278	5.65257086100695e-07	5.65257086100695e-07
KY785456	1.0	0.0	0.0
n88	0.9999999993479494	3.260253646026612e-10	3.260253646026612e-10
KY379148	1.0	0.0	0.0
n112	0.9999999153149989	4.2342500617488637e-08	4.2342500617488637e-08
n113	0.9999991547970906	4.226014547512428e-07	4.226014547512428e-07
n123	0.9999964823382018	1.7588308990229304e-06	1.758830899201241e-06
n126	0.9999875522621845	6.22386836149746e-06	6.223869454065464e-06
n145	0.9999999884034393	5.798280367965668e-09	5.798280367965669e-09
MF801383	1.0	0.0	0.0
n150	0.9999994691168204	2.654415898404739e-07	2.654415898404739e-07
n159	0.9998906945605569	5.465271972155495e-05	5.465271972155495e-05
KY325479	1.0	0.0	0.0
KY325465	1.0	0.0	0.0
n170	0.9999999691552893	1.542235535799197e-08	1.542235535799197e-08
MG494697	1.0	0.0	0.0
MF801400	1.0	0.0	0.0
n172	0.9998842200639568	5.7889968021506514e-05	5.7889968021506514e-05
n178	0.9999244956456563	3.7752177171907334e-05	3.7752177171907334e-05
MH063262	1.0	0.0	0.0
MH063265	1.0	0.0	0.0
MF159531	1.0	0.0	0.0
KY785423	1.0	0.0	0.0
n212	0.9999999990252003	4.873997569012027e-10	4.873997569012027e-10
LC190723	1.0	0.0	0.0
n215	0.9999939738663258	3.0130668370384785e-06	3.0130668370384785e-06
n218	0.9999922014429884	3.899278505673948e-06	3.899278505869595e-06
n220	0.9999999999997659	3.850226595741821e-14	1.9570467431648591e-13
KX269878	1.0	0.0	0.0
n287	0.9999964771451233	1.7614274383465193e-06	1.7614274383465203e-06
KY693678	1.0	0.0	0.0
KY693679	1.0	0.0	0.0
KU647676	1.0	0.0	0.0
n307	0.9999999973796553	1.310172390629929e-09	1.310172390629929e-09
KY075932	1.0	0.0	0.0
KY785451	1.0	0.0	0.0
KY317936	1.0	0.0	0.0
KY317939	1.0	0.0	0.0
n315	0.9999989604751204	5.197624397638399e-07	5.197624397638399e-07
KY785469	1.0	0.0	0.0
n317	0.9999968803647792	1.5598176104397151e-06	1.5598176104397151e-06
KY785466	1.0	0.0	0.0
KY241703	1.0	0.0	0.0
n394	0.999967652744341	1.0462434204544282e-09	3.234620941559698e-05
n416	0.9999999999999314	3.416429669841363e-14	3.4489619872882625e-14
KY241722	1.0	0.0	0.0
n80	0.9999997425220427	1.2873897858540488e-07	1.2873897858540488e-07
KY785481	1.0	0.0	0.0
KU955590	1.0	0.0	0.0
MF167360	1.0	0.0	0.0
KY785448	1.0	0.0	0.0
MF434522	1.0	0.0	0.0
KY785414	1.0	0.0	0.0
KY693676	1.0	0.0	0.0
MF801419	1.0	0.0	0.0
n124	0.9999972965138163	1.3517430918260827e-06	1.3517430918389716e-06
n127	0.9999999941908846	2.891193388220102e-09	2.9179219171030452e-09
n142	0.9938650243401539	0.003067487829804652	0.00306748783004143
n146	0.9999817553063112	9.122346844462226e-06	9.122346844462226e-06
n147	0.9999999835332474	8.233376355885962e-09	8.233376355885962e-09
n151	0.9999996018792415	1.9906037919908613e-07	1.9906037919908613e-07
n156	0.9999999714927279	1.42536360854924e-08	1.4253636085492403e-08
KY765324	1.0	0.0	0.0
MF434518	1.0	0.0	0.0
KY606273	1.0	0.0	0.0
MF801423	1.0	0.0	0.0
MF801411	1.0	0.0	0.0
MF801399	1.0	0.0	0.0
MH063263	1.0	0.0	0.0
MH063259	1.0	0.0	0.0
n213	0.9999999688687637	1.5565618094343313e-08	1.5565618094343313e-08
KY785419	1.0	0.0	0.0
MF098764	1.0	0.0	0.0
KY785413	1.0	0.0	0.0
n219	0.9999238865591734	3.805672041328163e-05	3.805672041331698e-05
MF438286	1.0	0.0	0.0
n221	0.9999999948896742	1.3772354239839868e-10	4.972602374705504e-09
n277	0.999999999998074	9.629064755744115e-13	9.630510179086802e-13
KU853012	1.0	0.0	0.0
KX922707	1.0	0.0	0.0
KU922960	1.0	0.0	0.0
KU922923	1.0	0.0	0.0
KY317940	1.0	0.0	0.0
KY317938	1.0	0.0	0.0
n318	0.9999996099717646	1.9501411770237995e-07	1.9501411770237995e-07
n321	0.9999999870354128	6.482293651207242e-09	6.482293651207242e-09
KY241784	0.0	0.0	1.0
n395	0.9999999989535874	1.0152493156789213e-13	1.0463111044890362e-09
n417	0.9999999999999323	3.384201920284754e-14	3.3842029725138335e-14
KY241770	1.0	0.0	0.0
n81	0.9999984291540015	7.854229992058475e-07	7.854229992058475e-07
n82	0.9999999521607414	2.3919629247491254e-08	2.3919629247491254e-08
MF801391	1.0	0.0	0.0
n125	0.9999033290344109	4.8335482794591026e-05	4.833548279459438e-05
n128	0.999989428983125	5.285506861228646e-06	5.285510013784629e-06
n130	0.9999999999385955	1.2485586125570954e-11	4.891890984529381e-11
MF801407	1.0	0.0	0.0
MF801422	1.0	0.0	0.0
KY606271	1.0	0.0	0.0
MF801404	1.0	0.0	0.0
n148	0.9999942950824197	2.8524587901463012e-06	2.8524587901463012e-06
MF801402	1.0	0.0	0.0
n152	0.9999999768939175	1.1553041252761109e-08	1.1553041252761109e-08
KY014310	1.0	0.0	0.0
n157	0.9999999920690509	3.965474546477599e-09	3.965474546477599e-09
MF801385	1.0	0.0	0.0
KY785465	1.0	0.0	0.0
KY785441	1.0	0.0	0.0
MH063260	1.0	0.0	0.0
MH063264	1.0	0.0	0.0
n222	0.9999999992698475	3.6496736379766106e-10	3.6518508012455733e-10
n267	0.999998387489786	4.241489284053137e-08	1.570095321152828e-06
n278	0.9999999716509479	1.417452595133186e-08	1.417452608592997e-08
n282	0.9999999979990835	1.0004582007003667e-09	1.0004582713355845e-09
n319	0.9999999959810689	2.0094655753509797e-09	2.0094655753509797e-09
KU820897	1.0	0.0	0.0
n322	0.999999993711313	3.1443434681636957e-09	3.1443434681636957e-09
KX156775	1.0	0.0	0.0
n396	0.9999999999998984	3.38452960231254e-14	6.768402443589027e-14
n403	0.9999999999998984	3.3845306514887855e-14	6.768404541704001e-14
n418	0.9999999999999323	3.384200880015389e-14	3.384200880049422e-14
KY241711	1.0	0.0	0.0
KX377337	1.0	0.0	0.0
KY075933	1.0	0.0	0.0
n83	0.9999999495411076	2.5229446245198052e-08	2.522944624519805e-08
KY075934	1.0	0.0	0.0
MF801412	1.0	0.0	0.0
MF801415	1.0	0.0	0.0
MF801414	1.0	0.0	0.0
n129	0.9999975445432638	1.227728360857024e-06	1.2277283752351878e-06
n131	0.9999999977696391	1.1151784562055855e-09	1.1151824739794254e-09
n134	0.999999996905574	9.688118463533131e-13	3.093457256411189e-09
MF801396	1.0	0.0	0.0
MF801418	1.0	0.0	0.0
KY785442	1.0	0.0	0.0
n153	0.9999999709816679	1.4509166051599521e-08	1.4509166051599523e-08
n158	0.9999980333270566	9.83336471763095e-07	9.83336471763095e-07
KY328289	1.0	0.0	0.0
n223	0.9999999997700326	1.1488833520659112e-10	1.1507902896614558e-10
n240	0.9999993245875787	3.3770620713716013e-07	3.377062141719204e-07
n268	0.9932904834486231	0.00014831581532479164	0.006561200736052066
MF098766	1.0	0.0	0.0
n279	0.9999982136649063	8.931675468530582e-07	8.931675468543496e-07
n280	0.9999999906721049	4.663947546356234e-09	4.6639475463565244e-09
n283	0.9999998735377658	6.323111715659914e-08	6.323111715703804e-08
n285	0.9999976707761085	1.1646119457000448e-06	1.1646119457009262e-06
KX247646	1.0	0.0	0.0
n320	0.9999999999598338	2.008313171085701e-11	2.008313171085701e-11
KX156774	1.0	0.0	0.0
KX156776	1.0	0.0	0.0
KY241761	1.0	0.0	0.0
n397	0.999999999999932	3.3948358750735304e-14	3.394945667387014e-14
n404	0.9999999999999315	3.4272685613690944e-14	3.427379402587382e-14
KY241739	1.0	0.0	0.0
n419	0.9999999999999323	3.3842692094774505e-14	3.384269209477452e-14
KY241743	1.0	0.0	0.0
KY785464	1.0	0.0	0.0
KY785462	1.0	0.0	0.0
MF801401	1.0	0.0	0.0
MF801417	1.0	0.0	0.0
n132	0.9999999700320725	1.4983961843059206e-08	1.498396558023641e-08
n133	0.9999999509377422	2.453112702246329e-08	2.4531130868493243e-08
n135	0.9999999304589408	1.4623483760027676e-09	6.807871089866527e-08
n139	0.9999984903626229	1.1243361566817385e-08	1.4983940154510892e-06
KY014319	1.0	0.0	0.0
n154	0.9999936011175472	3.1994412264161e-06	3.1994412264161e-06
KY014312	1.0	0.0	0.0
KY785452	1.0	0.0	0.0
n224	0.9999999530952214	2.343348988644519e-08	2.3471288742846142e-08
n238	0.9999971736141584	1.4131929087258104e-06	1.4131929329522468e-06
n241	0.999998387643225	8.061783874533859e-07	8.06178387588887e-07
MF098765	1.0	0.0	0.0
n269	0.001151619739776986	1.0221140433134332e-05	0.9988381591197898
MH063261	1.0	0.0	0.0
KY785484	1.0	0.0	0.0
KY785435	1.0	0.0	0.0
MF664436	1.0	0.0	0.0
n281	0.9999999999996306	1.8469596327380694e-13	1.8469596327381636e-13
KY785415	1.0	0.0	0.0
n284	0.9999998228915066	8.855424664659646e-08	8.855424664701934e-08
KY785420	1.0	0.0	0.0
KY014318	1.0	0.0	0.0
KX702400	1.0	0.0	0.0
KX893855	1.0	0.0	0.0
KY241746	1.0	0.0	0.0
n398	0.9999999999933565	3.321702729490188e-12	3.321702732964822e-12
n405	0.9999999999733032	1.334843750971192e-11	1.3348437523674923e-11
KY241705	1.0	0.0	0.0
n420	0.9999999999998901	5.4967113566125524e-14	5.4967113566125524e-14
KY241699	1.0	0.0	0.0
MF801413	1.0	0.0	0.0
KY631493	1.0	0.0	0.0
KX827268	1.0	0.0	0.0
KY606272	1.0	0.0	0.0
n136	0.9999998706294789	3.246490743123161e-08	9.690561356041475e-08
n137	0.9999329211554248	1.4714525383551427e-06	6.560739203693977e-05
n140	0.9884648844402177	4.004327075191211e-05	0.011495072289030336
MF801395	1.0	0.0	0.0
MF434521	1.0	0.0	0.0
n155	0.9999995442684371	2.2786578142303153e-07	2.2786578142303153e-07
n225	0.9999882862878444	5.167545846366737e-06	6.546166309106114e-06
KY785424	1.0	0.0	0.0
KY785430	1.0	0.0	0.0
n239	0.9999989305978574	5.347010712641214e-07	5.347010713409613e-07
n242	0.9999999969202582	1.5398708929075922e-09	1.5398708929090534e-09
KY785425	1.0	0.0	0.0
n270	0.0007252009476979419	2.1945120550240783e-07	0.9992745796010966
MF384325	0.0	0.0	1.0
MF098768	1.0	0.0	0.0
MF098769	1.0	0.0	0.0
KY785470	1.0	0.0	0.0
KY014314	1.0	0.0	0.0
KY241754	1.0	0.0	0.0
n399	0.999999999999932	3.3951137649448907e-14	3.395113764956129e-14
KY241696	1.0	0.0	0.0
KY241764	1.0	0.0	0.0
n421	0.9999999999999323	3.3842693840907675e-14	3.3842693840907675e-14
n454	0.9999999986938549	6.53072553582644e-10	6.53072553582644e-10
MF801393	1.0	0.0	0.0
MF801398	1.0	0.0	0.0
MF098771	1.0	0.0	0.0
n138	9.17045389395803e-06	2.0569765310273496e-07	0.9999906238484529
n141	0.08732948319370278	0.00028080103892742304	0.9123897157673697
KY120349	1.0	0.0	0.0
KY765317	1.0	0.0	0.0
KY765318	1.0	0.0	0.0
n226	0.9999949525074493	2.5546886025679555e-07	4.792023690388039e-06
KY325471	1.0	0.0	0.0
KY785453	1.0	0.0	0.0
KY014300	1.0	0.0	0.0
n243	0.9999999999916993	4.150304949990522e-12	4.1503052683382694e-12
KY785443	1.0	0.0	0.0
n271	0.9999835955989246	1.0366882258624326e-07	1.6300732252760678e-05
MF783072	0.0	0.0	1.0
KY241753	1.0	0.0	0.0
n400	0.9999999999997612	1.1948838377345262e-13	1.1948838377345267e-13
n422	0.9999999999999323	3.389599033140552e-14	3.389599033140552e-14
KY241732	1.0	0.0	0.0
KY241679	1.0	0.0	0.0
KX827309	1.0	0.0	0.0
KX856011	0.0	0.0	1.0
KY648934	0.0	0.0	1.0
KX446950	0.0	0.0	1.0
KX446951	0.0	0.0	1.0
n227	0.9997602144108908	2.184573660046832e-06	0.00023760101544911659
n237	0.9999997361054882	1.3016152892244408e-07	1.337329828547227e-07
n244	0.9999999999933981	3.3008699750530242e-12	3.3009507967216155e-12
n254	0.9999999999998023	9.877936390370868e-14	9.877936459270098e-14
n272	0.9999996286608229	1.0425457506742325e-07	2.6708460215467187e-07
n273	0.9999999994693121	3.4040796661068992e-12	5.27283846402739e-10
n401	0.9999999999866916	6.654141660062812e-12	6.654141660062812e-12
n402	0.9999999947510162	2.6244919070281013e-09	2.6244919070281013e-09
n423	0.9999999999965945	1.7027093275391385e-12	1.7027093275391385e-12
KY241724	1.0	0.0	0.0
n228	0.9999878213681855	5.836394592812545e-11	1.2178573450456241e-05
n235	0.929539463505289	0.0004451901357209033	0.07001534635899005
KY325464	1.0	0.0	0.0
KY325476	1.0	0.0	0.0
n245	0.9999999978120222	9.727101948720552e-10	1.2152676712060964e-09
KY014326	1.0	0.0	0.0
n255	0.9999999960089686	1.995515738711633e-09	1.9955157387120845e-09
n256	0.9999999999999153	4.239186560534369e-14	4.2398847103813105e-14
KY415988	1.0	0.0	0.0
KX673530	0.9570675511239534	0.021466148265986237	0.021466300610060458
n274	0.9999999999999148	3.4058261933320787e-14	5.10559354414882e-14
KY415990	1.0	0.0	0.0
KY241765	1.0	0.0	0.0
KY241733	1.0	0.0	0.0
KY241726	1.0	0.0	0.0
KY241720	1.0	0.0	0.0
n424	0.9999998693292232	6.533538843385054e-08	6.533538843385054e-08
n434	0.9999999999999323	3.3897086751471985e-14	3.3897086751471985e-14
n229	0.9999998851117745	1.4227080933635397e-11	1.148739983528703e-07
n230	0.9998255482301937	7.880121175929131e-09	0.00017444388968515382
n236	1.5292026222796083e-07	1.046197377679694e-09	0.9999998460335404
KY325482	1.0	0.0	0.0
n246	0.9999999994895129	3.2958327481575716e-12	5.071912613270493e-10
n253	0.9999999921144462	3.9427716505430616e-09	3.942782026869262e-09
KY325467	1.0	0.0	0.0
KX832731	1.0	0.0	0.0
n257	0.9999999999997589	3.441225007307033e-14	2.0673028790867373e-13
n265	0.9999999994715345	2.6423269711585417e-10	2.6423269852348644e-10
KY415986	1.0	0.0	0.0
n275	0.9999999999933568	3.321596723822689e-12	3.321650515229436e-12
KY241674	1.0	0.0	0.0
n425	0.9999999999965947	1.702654422739048e-12	1.702654422739048e-12
n435	0.9999999999999323	3.384201055961477e-14	3.384201055961477e-14
n440	0.9999999999999323	3.384201055927761e-14	3.384201055927761e-14
KX922705	1.0	0.0	0.0
KY014298	1.0	0.0	0.0
n231	0.9743097763867794	4.102969762040375e-07	0.025689813316244283
KY325473	1.0	0.0	0.0
KY075937	0.0	0.0	1.0
KY785422	0.0	0.0	1.0
n247	0.9999999999945948	6.843911363191902e-14	5.3368565424424675e-12
n251	0.9999918448601204	5.15349940535794e-08	8.103604885646266e-06
KY785412	1.0	0.0	0.0
KY075935	1.0	0.0	0.0
n258	0.9999999946374323	1.74821454171588e-11	5.345085619654854e-09
KY325472	1.0	0.0	0.0
n266	0.9999999601724265	1.991378678234781e-08	1.991378678368424e-08
KX922704	1.0	0.0	0.0
KY415987	1.0	0.0	0.0
n276	0.9999999999933571	3.3214889332298925e-12	3.3214889332475626e-12
KY241685	1.0	0.0	0.0
n426	0.999999999999932	3.400256910830296e-14	3.400256910830296e-14
KY241731	1.0	0.0	0.0
n436	0.9999999999999323	3.3842019201091493e-14	3.3842019201091493e-14
n441	0.9999999999999323	3.3842008777771934e-14	3.3842008777771934e-14
KY241728	1.0	0.0	0.0
n232	0.9663950641177548	5.1684569123899495e-06	0.03359976742533275
KX838906	0.0	0.0	1.0
n248	0.9999998894447967	1.0462436261455356e-09	1.0950895980035707e-07
n250	0.9999999999867273	6.619766724594226e-12	6.6528891875024e-12
KX838905	0.0	0.0	1.0
n252	0.9999999415408026	1.1457429359670926e-08	4.700176795405625e-08
n259	0.9998342155015641	5.340960402952764e-07	0.00016525040239559962
KX842449	1.0	0.0	0.0
KX922706	1.0	0.0	0.0
KY325478	1.0	0.0	0.0
KY415991	1.0	0.0	0.0
KY415989	1.0	0.0	0.0
n427	0.9999999999933528	3.323589330583997e-12	3.323589330583997e-12
KY241676	1.0	0.0	0.0
KY241750	1.0	0.0	0.0
n437	0.9999999999999317	3.416425117149166e-14	3.416425117149166e-14
n442	0.9999999999999323	3.38420087887476e-14	3.38420087887476e-14
KY241747	1.0	0.0	0.0
n233	0.0015342854077672816	1.3018579693189028e-05	0.9984526960125395
n234	0.9687935408561061	2.2927633405387065e-07	0.031206229867559762
n249	1.0950367333612718e-07	1.0462094627857788e-09	0.9999998894501172
KY325468	1.0	0.0	0.0
KX922703	1.0	0.0	0.0
KY785445	1.0	0.0	0.0
KY785474	1.0	0.0	0.0
KY325469	1.0	0.0	0.0
KY075936	1.0	0.0	0.0
n260	0.27772001313814176	3.8563917686667735e-05	0.7222414229441716
KY241678	1.0	0.0	0.0
n428	0.99999999999874	6.299909005102514e-13	6.299909005102514e-13
KY241718	1.0	0.0	0.0
n438	0.9999999999800077	9.996134374659812e-12	9.996134374659812e-12
n443	0.9999999999999323	3.384234988861382e-14	3.3842349888724723e-14
KY241715	1.0	0.0	0.0
KY014299	0.0	0.0	1.0
KX922708	0.0	0.0	1.0
KY785459	1.0	0.0	0.0
MF988743	0.0	0.0	1.0
KY785468	0.0	0.0	1.0
KY075939	0.0	0.0	1.0
n261	0.271225002376438	2.710556059356827e-05	0.7287478920629684
n264	1.8203028747382413e-08	3.0514831851598063e-10	0.9999999814918229
n429	0.9999999999999323	3.386129193452811e-14	3.386129193452811e-14
n433	0.999999963262702	1.8368648989361836e-08	1.8368648989361836e-08
KY241710	1.0	0.0	0.0
n439	0.9999999960694497	1.9652751563035098e-09	1.9652751563035098e-09
n444	0.9999999999999112	4.438763089078646e-14	4.4387634319574947e-14
KY241768	1.0	0.0	0.0
KY325483	1.0	0.0	0.0
n262	0.17561318984092064	3.7531474342879247e-06	0.824383057011645
KX838904	0.0	0.0	1.0
KY014324	0.0	0.0	1.0
n430	0.9999999999999323	3.3842009401449834e-14	3.3842009401449834e-14
KY241684	1.0	0.0	0.0
KY241756	1.0	0.0	0.0
KY241680	1.0	0.0	0.0
KY241713	1.0	0.0	0.0
KX813683	1.0	0.0	0.0
n445	0.9999999993478853	3.26057272500996e-10	3.260573785106454e-10
KY241723	1.0	0.0	0.0
n263	5.6800535782713445e-06	3.0514239503371015e-10	0.9999943196412794
KY325477	1.0	0.0	0.0
n431	0.9999999999999323	3.3842008742326e-14	3.3842008742326e-14
KY241767	1.0	0.0	0.0
n446	0.9999999999900684	3.322022104940774e-12	6.609589590891937e-12
n453	0.9999999980377366	9.811317255717663e-10	9.81131725582051e-10
KY785472	0.0	0.0	1.0
KY075938	0.0	0.0	1.0
n432	0.9999999999999323	3.384091411701557e-14	3.384091411701557e-14
KY241677	1.0	0.0	0.0
n447	0.9999999989609848	1.0115386536169057e-13	1.0389140969659786e-09
KY241759	1.0	0.0	0.0
KY241689	1.0	0.0	0.0
KY241736	1.0	0.0	0.0
KY241675	1.0	0.0	0.0
KY241681	1.0	0.0	0.0
n448	0.9999679810160202	1.0356934392267257e-09	3.2017948286309945e-05
KY241692	1.0	0.0	0.0
n449	0.010116444246456089	2.0818013907736126e-09	0.9898835536717424
KY241693	1.0	0.0	0.0
n450	0.010084752515592068	3.106842440586748e-09	0.9899152443775655
KY241775	0.0	0.0	1.0
n451	0.9999678793732842	1.0165664300288351e-07	3.201897007273257e-05
KY241774	0.0	0.0	1.0
n452	0.9999999989609855	3.3553305500722684e-12	1.0356592570542973e-09
KY241690	1.0	0.0	0.0
KY241694	1.0	0.0	0.0
KY241686	1.0	0.0	0.0
