node	Africa	Caribbean	Central America	Eastern Asia	Europe	Northern America	Oceania	South America	South-eastern Asia	Southern Asia
root	5.743094314727456e-10	0.11928350863575526	0.13739844921530822	0.14566085692996186	0.12715200315112257	0.1690539973159197	0.0211438223304474	0.02291020997458821	0.2568228424411147	0.0005743094314727455
n0	6.318669791249174e-15	1.3123815513148595e-06	1.511685831442683e-06	1.6014234238084607e-06	1.3989523368047727e-06	1.859966613373429e-06	2.326286277277484e-07	2.520628144768259e-07	0.999991824580125	6.3186697912491736e-09
n1	1.4815424173322795e-10	0.030771491472620767	0.035444591266095976	0.05708046410596563	0.03280132203890083	0.04361126649678624	0.005454938533100123	0.005910132414211006	0.7887776392824319	0.00014815424173322798
HQ234499	0.0	0.0	0.0	0.0	0.0	0.0	0.0	0.0	1.0	0.0
KX377336	0.0	0.0	0.0	0.0	0.0	0.0	0.0	0.0	1.0	0.0
n2	9.835543624384286e-12	0.002042832815487668	0.002353066773976608	0.003192073123699586	0.002177587560618118	0.002896151203984962	0.00036299983267199296	0.0003923570766913155	0.9865730960594099	9.835543624384288e-06
n440	1.8322638916898754e-10	0.03805594227956602	0.04383529217443148	0.12176290170524011	0.04056628907040599	0.05393477092852326	0.006745830738003518	0.007309221856208248	0.6876065246752261	0.00018322638916898755
n3	3.90574384863727e-12	0.0008112191870212759	0.0009344146524963649	0.0010864260385667374	0.0008647309741647023	0.0011498286852768744	0.0001439176501251536	0.00015580696881431402	0.9948497500957802	3.905743848637271e-06
n5	3.1011167932577725e-13	6.440989325918874e-05	7.419147499223823e-05	9.054161074516053e-05	6.865866911799513e-05	9.457561910560474e-05	1.4493812308877049e-05	1.2370898508169976e-05	0.9995804479099734	3.1011167932577725e-07
KU681082	0.0	0.0	0.0	0.0	0.0	0.0	0.0	0.0	1.0	0.0
n441	1.2412936007347583e-13	2.578154698993115e-05	2.969685093356081e-05	0.9998182620375485	2.7482217630894746e-05	3.6538785155019344e-05	4.5699637301301574e-06	4.951737769658333e-06	5.259273075804308e-05	1.2412936007347587e-07
n4	1.7203226117906882e-14	3.5730932816755924e-06	4.115719611358786e-06	4.371318525462151e-06	3.8087911179591637e-06	5.0639659405609914e-06	6.333704308975737e-07	6.862668467604141e-07	0.999977730271002	1.7203226117906888e-08
MG645981	0.0	0.0	0.0	0.0	0.0	0.0	0.0	0.0	1.0	0.0
n6	4.299413424598857e-13	8.929839738948425e-05	0.00010285966148257385	0.00021824273549020149	9.51889346324475e-05	0.0002153881211965223	1.5986784780909707e-05	1.7151113829453678e-05	0.999245454309426	4.2994134245988584e-07
n11	1.3361239300062136e-13	2.775116367750246e-05	3.19655826427132e-05	4.046689118173632e-05	2.9581759387578973e-05	3.960311957666655e-05	2.0904359064860085e-05	5.330032577673179e-06	0.9998042634793647	1.3361239300062134e-07
KY120353	0.0	0.0	0.0	1.0	0.0	0.0	0.0	0.0	0.0	0.0
KY553111	0.0	0.0	0.0	1.0	0.0	0.0	0.0	0.0	0.0	0.0
KU955593	0.0	0.0	0.0	0.0	0.0	0.0	0.0	0.0	1.0	0.0
J860885	1.3973075685981864e-13	2.9021941882143337e-05	3.342934705248956e-05	3.5420858808906703e-05	3.093636402764101e-05	4.113122743836442e-05	5.14435321748255e-06	5.5741048364073355e-06	0.9998192020718399	1.3973075685981868e-07
n7	1.5436541983422438e-12	0.0003206154710473619	0.00036930560661877155	0.0015027502265332496	0.0003417647573513185	0.0004855415431380151	5.688670726148982e-05	6.157907196733141e-05	0.9968600129603405	1.5436541983422439e-06
n9	2.826379590251983e-12	0.0005870362835539543	0.0006761863053486175	0.0007335329892890856	0.0006257599246531675	0.004520297219552394	0.00010408122428322686	0.00011274923644299812	0.9926375304344599	2.8263795902519826e-06
KU179098	0.0	0.0	0.0	0.0	0.0	0.0	0.0	0.0	1.0	0.0
n12	1.3733387531625517e-13	2.8524111923879612e-05	3.28559143540331e-05	4.7566281203952564e-05	3.040569489201754e-05	4.055376441951525e-05	4.006065047154171e-05	5.478489032096046e-06	0.9997744177596903	1.373338753162552e-07
n8	1.2277377625614858e-11	0.0025499993553544094	0.002937253950129945	0.017298281636231243	0.0027182091621523116	0.0036333781476616763	0.00045203937769037534	0.0004897661154873393	0.9699087948653897	1.2277377625614861e-05
KX051561	0.0	0.0	0.0	0.0	0.0	0.0	0.0	0.0	1.0	0.0
n10	3.500033673997837e-13	7.269535795488116e-05	8.373520834847759e-05	8.887401636592958e-05	7.749068156585338e-05	0.0439819449700564	1.288601074773426e-05	1.396224787459812e-05	0.9556680615033687	3.500033673997837e-07
KY272987	0.0	0.0	0.0	0.0	0.0	0.0	0.0	0.0	1.0	0.0
KX051560	0.0	0.0	0.0	0.0	0.0	0.0	0.0	0.0	1.0	0.0
n13	6.812074982329222e-13	0.00014148613281490948	0.0001629728657093891	0.0003842906726837035	0.00015081921559212866	0.0002005572293073242	0.0006316255871527828	2.7174561285074772e-05	0.9983003925272752	6.812074982329221e-07
KY328290	0.0	0.0	0.0	1.0	0.0	0.0	0.0	0.0	0.0	0.0
KX051562	0.0	0.0	0.0	0.0	0.0	0.0	0.0	0.0	1.0	0.0
KF993678	0.0	0.0	0.0	0.0	0.0	1.0	0.0	0.0	0.0	0.0
KX694532	0.0	0.0	0.0	0.0	0.0	0.0	0.0	0.0	1.0	0.0
KU681081	0.0	0.0	0.0	0.0	0.0	0.0	0.0	0.0	1.0	0.0
n14	2.746385356865299e-12	0.0005704215593198041	0.000657048392907736	0.002913149182761427	0.0006080492160033514	0.0008084413809217583	0.006462077789424006	0.0001095581266351548	0.9878685079639236	2.746385356865299e-06
n15	6.307331000513169e-11	0.013100264955408166	0.015089731261000099	0.08423712860841205	0.01396441930608418	0.018566297727232183	0.24267076329481652	0.002516104917123265	0.6097922165568451	6.30733100051317e-05
n322	5.237148925277614e-13	0.00010877507225557986	0.00012529415350144923	0.0008551813623263737	0.0001159503814767839	0.00015416212777855388	0.0005454133569137705	2.0891905157121247e-05	0.9980738079251741	5.237148925277612e-07
LC219720	0.0	0.0	0.0	1.0	0.0	0.0	0.0	0.0	0.0	0.0
n16	2.7567427662095873e-13	5.725727831361975e-05	6.595263114370278e-05	0.00014163834736119553	6.103423445389653e-05	8.114761856202942e-05	0.9989085019860275	1.0997191432481486e-05	0.0006731950381532346	2.756742766209588e-07
n323	7.329223704174508e-14	1.5222726131597074e-05	1.7534519123658934e-05	9.87132747716714e-05	1.6226887884091885e-05	2.157434219141663e-05	4.895887190278461e-06	2.923755815580387e-06	0.9998228353145814	7.329223704174508e-08
n438	1.7651801773697485e-12	0.0003666262007764722	0.00042230373674041917	0.002820437010906388	0.00039081056861568997	0.0005195997863996621	0.00029974706664275	7.04161316158239e-05	0.9951082943163603	1.7651801773697486e-06
KX447517	0.0	0.0	0.0	0.0	0.0	0.0	1.0	0.0	0.0	0.0
n17	9.91908872148598e-17	2.0601850506512967e-08	2.373054199138474e-08	4.460389375909827e-08	2.1960844298453816e-08	2.919787844187067e-08	0.9999996801631865	4.043628345165337e-09	1.75598985384213e-07	9.919088721485983e-11
n324	4.504156885980876e-14	9.35508991081567e-06	1.0775796761150584e-05	1.2246945800268352e-05	9.97219511249781e-06	1.3258457416335209e-05	1.6810963005072783e-06	1.796787138803706e-06	0.9999408685899458	4.504156885980877e-08
n436	1.470034668645858e-13	3.05324766550694e-05	3.516927856238168e-05	0.00032302118573272965	3.254654069333143e-05	4.3272011929383935e-05	6.483838558569052e-06	5.864225987480882e-06	0.9995229634382672	1.470034668645858e-07
MG807647	0.0	0.0	0.0	0.0	0.0	0.0	0.0	0.0	1.0	0.0
n439	1.0811594013915545e-11	0.0022455575291842936	0.002586578192261503	0.05292475687264441	0.00239368493844992	0.003182506019989133	0.00045571533562447595	0.00043129343773034136	0.9357690960692904	1.0811594013915549e-05
n18	1.9419927859364078e-18	4.0335000708204987e-10	4.646045886635263e-10	2.9011892917378657e-08	4.299568478331036e-10	5.716459097574559e-10	0.9999999686639294	7.751228543568765e-11	3.751661625751994e-10	1.9419927859364092e-12
n31	9.789671184028761e-18	2.0333051543777686e-09	2.3420921985627787e-09	2.4868994970065045e-09	2.167431410708342e-09	2.8816922086830705e-09	0.9999999588792098	2.7657092858171825e-08	1.5424873647310958e-09	9.789671184028761e-12
n325	9.37064053543773e-16	1.9462728974606601e-07	2.2418428240357918e-07	2.3842004062082684e-07	2.074658101704114e-07	2.75834615000814e-07	3.4525341206507777e-08	3.738112775072254e-08	0.9999987866244281	9.37064053543773e-10
MG807646	0.0	0.0	0.0	0.0	0.0	0.0	0.0	0.0	1.0	0.0
n437	3.4371792695293074e-12	0.000713898781059797	0.0008223147234362363	0.018779463581002086	0.0007609908619982398	0.0010117697050796817	0.00012692667466842505	0.00013711510636921982	0.9776440833836796	3.4371792695293075e-06
MH013290	0.0	0.0	0.0	0.0	0.0	0.0	0.0	0.0	1.0	0.0
KY126351	0.0	0.0	0.0	1.0	0.0	0.0	0.0	0.0	0.0	0.0
KY241691	0.0	0.0	0.0	0.0	0.0	0.0	0.0	0.0	1.0	0.0
n19	7.072550879409324e-17	1.4689619178592166e-08	1.6920452104282078e-08	1.8021855968905885e-08	1.5658614719229206e-08	2.0818793988582158e-08	0.9999999002185633	2.8213646753498756e-09	1.0780010365276594e-08	7.072550879409324e-11
n23	4.5330710304634823e-13	9.41514430682727e-05	0.00010844971293111682	0.04238440675498016	0.00010036210975530677	0.00013343569177220687	0.9570915662711718	1.8083214985572648e-05	6.909149377930854e-05	4.533071030463482e-07
KX447516	0.0	0.0	0.0	0.0	0.0	0.0	1.0	0.0	0.0	0.0
KX447513	0.0	0.0	0.0	0.0	0.0	0.0	1.0	0.0	0.0	0.0
n32	1.2460690922725917e-17	2.5880733483287634e-09	2.981110034260439e-09	3.157876939249722e-09	2.7587946926252084e-09	3.6679348328583954e-09	0.9999990579668725	9.24965770767197e-07	1.9011062253014014e-09	1.2460690922725916e-11
n326	6.284393554322375e-20	1.3052624103441563e-11	1.503485545080327e-11	1.5925831460172208e-11	1.391363584214469e-11	1.8498770384495913e-11	2.3136843722815396e-12	2.5069547530024668e-12	0.9999999999186909	6.284393554322376e-14
n329	1.1366790208878107e-16	2.3608712372432536e-08	2.719403968781449e-08	2.8805938517854646e-08	2.5166052745313606e-08	3.345933704904375e-08	4.1848472517585645e-09	4.534411871918724e-09	0.9999998529329925	1.1366790208878109e-10
MG548660	0.0	0.0	0.0	0.0	0.0	0.0	0.0	0.0	1.0	0.0
LC369584	0.0	0.0	0.0	1.0	0.0	0.0	0.0	0.0	0.0	0.0
n20	4.435460644242634e-18	9.212408486907752e-10	1.0611447081961962e-09	1.1239961101260163e-09	9.82010175885791e-10	1.3056242785862552e-09	0.9999999937485727	1.769383003918205e-10	6.760374147926754e-10	4.4354606442426345e-12
KX447515	0.0	0.0	0.0	0.0	0.0	0.0	1.0	0.0	0.0	0.0
n24	1.8848046720767728e-13	3.914720916246193e-05	4.5092283850018205e-05	0.9987487923576355	4.1729540987788834e-05	5.5481198857000236e-05	0.0010333225796908575	7.518816239474157e-06	2.872753292136897e-05	1.8848046720767732e-07
LC191864	0.0	0.0	0.0	1.0	0.0	0.0	0.0	0.0	0.0	0.0
KX806557	0.0	0.0	0.0	0.0	0.0	0.0	1.0	0.0	0.0	0.0
n33	6.523337038051665e-17	1.3548907388077688e-08	1.5606506590683e-08	1.6530703954491162e-08	1.4442656278361023e-08	1.920212554548665e-08	0.999999906800022	3.861200206813493e-09	9.942644495395123e-09	6.523337038051664e-11
n35	1.5719964132930094e-27	6.322971751166466e-18	6.923925247913171e-19	3.983575689047907e-19	1.6925699775324795e-18	3.1047795232933425e-18	4.950022792958365e-14	0.9999999999999506	5.674832404115224e-18	1.5719964132930106e-21
KX447511	0.0	0.0	0.0	0.0	0.0	0.0	1.0	0.0	0.0	0.0
KY241730	0.0	0.0	0.0	0.0	0.0	0.0	0.0	0.0	1.0	0.0
KY241787	0.0	0.0	0.0	0.0	0.0	0.0	0.0	0.0	1.0	0.0
KY241673	0.0	0.0	0.0	0.0	0.0	0.0	0.0	0.0	1.0	0.0
KY241766	0.0	0.0	0.0	0.0	0.0	0.0	0.0	0.0	1.0	0.0
n330	5.076323565556901e-39	1.0543474522387854e-30	1.2144654909010353e-30	1.2863851986884474e-30	1.123897109522639e-30	1.4942689891192832e-30	1.8689032778431578e-31	2.025034457254565e-31	1.0	5.076323565556903e-33
n348	3.4563076883260386e-17	7.178717349826973e-09	8.26891028359302e-09	8.758584938940354e-09	7.652258904233884e-09	1.017400354572049e-08	1.2724768531060764e-09	1.3787817252673994e-09	0.9999999552817033	3.4563076883260395e-11
KX447509	0.0	0.0	0.0	0.0	0.0	0.0	1.0	0.0	0.0	0.0
n21	7.945746367951808e-18	1.6503237689630023e-09	1.9009495038504447e-09	2.013521718342371e-09	1.7591867934764618e-09	2.338913633007299e-09	0.9999999888011263	3.169697513554196e-10	1.2110628431951696e-09	7.945746367951809e-12
n25	1.5835450633278412e-21	3.289007647883948e-13	3.7884914305839295e-13	0.9999999999927299	3.5059658756755344e-13	4.661330686362726e-13	5.439205260638208e-12	6.317038849954264e-14	2.413583943490574e-13	1.583545063327842e-15
KU761561	0.0	0.0	0.0	1.0	0.0	0.0	0.0	0.0	0.0	0.0
KX369547	0.0	0.0	0.0	0.0	0.0	0.0	1.0	0.0	0.0	0.0
KX447512	0.0	0.0	0.0	0.0	0.0	0.0	1.0	0.0	0.0	0.0
KX447510	0.0	0.0	0.0	0.0	0.0	0.0	1.0	0.0	0.0	0.0
n317	4.643418590853761e-13	0.007377226936505368	0.00011108968066304796	0.0001176682672742618	0.00010280520272532553	0.0033445988375535346	1.7095244827551165e-05	0.9888582781277089	7.077336041856861e-05	4.643418590853762e-07
n179	2.9164532483738383e-21	6.057444945970813e-13	6.977356309616335e-13	7.390546288432663e-13	6.457022161235411e-13	8.584885480616701e-13	1.0737245472684724e-13	0.9999999999958986	4.4451559310708183e-13	2.9164532483738383e-15
KU729218	0.0	0.0	0.0	0.0	0.0	0.0	0.0	1.0	0.0	0.0
n40	4.459777217996894e-14	9.262913773370057e-06	1.0669622332810614e-05	1.1301463510194433e-05	0.00030085839098246877	1.3127821166581491e-05	1.641914942059385e-06	0.9996462958391849	6.79743629095926e-06	4.4597772179968945e-08
n50	2.3226456048613742e-16	4.824112262179452e-08	5.556724070617146e-08	5.885786053287242e-08	5.142333123642834e-08	6.836950511994756e-08	8.551069556601735e-09	0.9999996733566544	3.54009511098684e-08	2.322645604861375e-10
KY241788	0.0	0.0	0.0	0.0	0.0	0.0	0.0	0.0	1.0	0.0
n62	1.5550356864598423e-21	3.2297939519976994e-13	3.7202852693391433e-13	3.9405957814600036e-13	3.442846167476647e-13	4.577410350852667e-13	5.725058732748092e-14	0.999999999997813	2.3701309490475977e-13	1.5550356864598422e-15
n92	2.3451906547912047e-16	4.87093811094686e-08	4.08996369360955e-06	5.9429171714268004e-08	5.192247822979311e-08	6.903314226865828e-08	8.634072136091314e-09	0.9999956363289667	3.574457486753776e-08	2.345190654791205e-10
KY241707	0.0	0.0	0.0	0.0	0.0	0.0	0.0	0.0	1.0	0.0
KY241782	0.0	0.0	0.0	0.0	0.0	0.0	0.0	0.0	1.0	0.0
n346	7.590892836726729e-19	1.5766210367132992e-10	1.816053936727557e-10	1.9235982922616735e-10	1.6806222865262405e-10	2.2344587808802905e-10	2.7946688172318303e-11	3.0281402194290786e-11	0.9999999990178774	7.590892836726729e-13
KY241734	0.0	0.0	0.0	0.0	0.0	0.0	0.0	0.0	1.0	0.0
n335	2.6218671715740324e-19	5.445592537114655e-11	6.272585189816688e-11	6.644039538241627e-11	5.804809125403104e-11	7.71774052122121e-11	9.652685902599769e-12	1.0459087755568462e-11	0.9999999996607783	2.621867171574033e-13
KY241688	0.0	0.0	0.0	0.0	0.0	0.0	0.0	0.0	1.0	0.0
n339	1.1133272922939759e-21	2.312369924767163e-13	2.6635370245966405e-13	2.821268227926246e-13	2.4649045901087963e-13	3.277195446922772e-13	4.0988341346270166e-14	4.441257733045808e-14	0.9999999999985595	1.113327292293976e-15
KY241749	0.0	0.0	0.0	0.0	0.0	0.0	0.0	0.0	1.0	0.0
KY241697	0.0	0.0	0.0	0.0	0.0	0.0	0.0	0.0	1.0	0.0
KY241706	0.0	0.0	0.0	0.0	0.0	0.0	0.0	0.0	1.0	0.0
KY241671	0.0	0.0	0.0	0.0	0.0	0.0	0.0	0.0	1.0	0.0
n349	1.899982349938828e-36	3.946244805096258e-28	4.545539636161115e-28	4.814720598842711e-28	4.20655744982248e-28	5.592796969544703e-28	6.994989315138896e-29	7.579362657075882e-29	1.0	1.899982349938828e-30
KY241708	0.0	0.0	0.0	0.0	0.0	0.0	0.0	0.0	1.0	0.0
KX447514	0.0	0.0	0.0	0.0	0.0	0.0	1.0	0.0	0.0	0.0
KJ776791	0.0	0.0	0.0	0.0	0.0	0.0	1.0	0.0	0.0	0.0
n29	1.2430359932889913e-16	2.5817736313299337e-08	2.9738536133516864e-08	0.9999998517275689	2.75207941701966e-08	3.6590065884167225e-08	4.576387052275175e-09	4.958688478995156e-09	1.8945919400757334e-08	1.2430359932889913e-10
KU963796	0.0	0.0	0.0	1.0	0.0	0.0	0.0	0.0	0.0	0.0
KU820899	0.0	0.0	0.0	1.0	0.0	0.0	0.0	0.0	0.0	0.0
MF099651	0.0	0.0	0.0	1.0	0.0	0.0	0.0	0.0	0.0	0.0
MF036115	0.0	0.0	0.0	1.0	0.0	0.0	0.0	0.0	0.0	0.0
KX051563	0.0	0.0	0.0	0.0	0.0	1.0	0.0	0.0	0.0	0.0
n318	2.0227695234176114e-13	0.011368929126580858	4.839297082843699e-05	5.125873971055708e-05	4.4784080274641464e-05	0.0009577936053936376	7.4470434976386075e-06	0.9874903618116913	3.0830344868436286e-05	2.0227695234176116e-07
n272	5.578058923604954e-17	1.1585573966255842e-08	1.3345012352827837e-08	1.4135286652536042e-08	1.2349812260832136e-08	1.6419600447806267e-08	2.053622369566215e-09	0.999999921553429	8.50188211361994e-09	5.578058923604956e-11
n181	9.462935571215939e-16	1.965442486351192e-07	2.263923594594753e-07	2.397990209597333e-07	2.0950922057549735e-07	2.7855141595077036e-07	3.483881478659637e-08	0.9999986691878743	1.4423075083485156e-07	9.462935571215938e-10
n182	1.1501496002913196e-19	2.3889189307160975e-11	2.7516311379457705e-11	2.91457941472862e-11	2.5464438419341142e-11	3.385585765699057e-11	4.2343994207567956e-12	0.9999999998382487	1.753017751986087e-11	1.1501496002913196e-13
n41	6.822330981606228e-14	1.4169914891934463e-05	1.6321823141619985e-05	1.728838031010935e-05	0.9994712212805253	2.008224552211588e-05	2.5117145064812967e-06	0.00044793805970409995	1.0398358020253315e-05	6.82233098160623e-08
n42	2.1300173624384912e-16	4.424025281897443e-08	5.095878046965685e-08	5.3976493266386205e-08	1.1367017661649767e-06	6.269929112819065e-08	7.841887969504414e-09	0.9999986109035476	3.246497888142374e-08	2.130017362438491e-10
n51	1.00544201564719e-21	2.0882932576720946e-13	2.405431047363768e-13	2.5478775499366147e-13	2.2260467848142857e-13	2.959623839845444e-13	3.7016428885937815e-14	0.9999999999985862	1.5324595179407643e-13	1.0054420156471904e-15
n60	7.044619150468148e-16	1.4631605250075924e-07	1.685362791456646e-07	1.7851677871028601e-07	1.5596773922409325e-07	2.0736574020070937e-07	2.5935522859714534e-08	0.9999990092858063	1.0737161864529508e-07	7.044619150468147e-10
MH513600	0.0	0.0	0.0	0.0	0.0	0.0	0.0	1.0	0.0	0.0
n91	4.229033964999673e-15	8.783662287964363e-07	1.0117589519290286e-06	1.0716740030409738e-06	9.363073468337448e-07	1.2448604243251676e-06	1.5569643259639913e-07	0.999994052533024	6.445745503470822e-07	4.229033964999673e-09
KY441401	0.0	0.0	0.0	0.0	0.0	0.0	0.0	1.0	0.0	0.0
n65	1.1274109673109344e-16	2.341622120277304e-08	2.697230970761171e-08	2.8569767973957895e-08	2.4960858208530577e-08	3.318652218951391e-08	4.150684698518376e-09	0.9999998414472916	1.718360323717265e-08	1.1274109673109345e-10
n93	1.936042171037459e-22	4.0211407017280565e-14	7.234417729304432e-14	4.9060993140829777e-14	4.28639382782179e-14	5.698942828304537e-14	7.127747425048985e-15	0.9999999999997018	2.950847692824271e-14	1.9360421710374596e-16
KY785410	0.0	0.0	0.0	0.0	0.0	0.0	0.0	1.0	0.0	0.0
n99	1.9561073020638654e-37	1.1966419474547621e-27	1.0	7.8494751786023015e-28	4.3308179921095396e-29	7.748536367919957e-28	7.201619358647319e-30	3.3724008293123866e-27	1.0307766689784783e-28	1.9561073020638664e-31
KY241773	0.0	0.0	0.0	0.0	0.0	0.0	0.0	0.0	1.0	0.0
KY241777	0.0	0.0	0.0	0.0	0.0	0.0	0.0	0.0	1.0	0.0
KY241751	0.0	0.0	0.0	0.0	0.0	0.0	0.0	0.0	1.0	0.0
KY241744	0.0	0.0	0.0	0.0	0.0	0.0	0.0	0.0	1.0	0.0
KY241714	0.0	0.0	0.0	0.0	0.0	0.0	0.0	0.0	1.0	0.0
KY241738	0.0	0.0	0.0	0.0	0.0	0.0	0.0	0.0	1.0	0.0
KY241721	0.0	0.0	0.0	0.0	0.0	0.0	0.0	0.0	1.0	0.0
n341	5.601933614401466e-17	1.1635161466125008e-08	1.3402130437803802e-08	1.4195787196322205e-08	1.240267078261551e-08	1.6489878099774894e-08	2.062412093690077e-09	2.2347095195794646e-09	0.999999927521231	5.601933614401466e-11
KY241716	0.0	0.0	0.0	0.0	0.0	0.0	0.0	0.0	1.0	0.0
KY241783	0.0	0.0	0.0	0.0	0.0	0.0	0.0	0.0	1.0	0.0
KY241758	0.0	0.0	0.0	0.0	0.0	0.0	0.0	0.0	1.0	0.0
KY241745	0.0	0.0	0.0	0.0	0.0	0.0	0.0	0.0	1.0	0.0
n353	3.588340901020772e-89	7.452949044512735e-81	8.58478806088549e-81	9.093168060363124e-81	7.944580195798991e-81	1.0562657130771988e-80	1.3210862855501194e-81	1.4314520883275845e-81	1.0	3.588340901020773e-83
n431	1.89060503804801e-17	3.9267682197816115e-09	4.523105247293382e-09	4.790957665658048e-09	4.185796098436822e-09	5.56519387021742e-09	6.960465730685405e-10	7.541954916119075e-10	0.9999999755390309	1.8906050380480102e-11
KY241727	0.0	0.0	0.0	0.0	0.0	0.0	0.0	0.0	1.0	0.0
KY241780	0.0	0.0	0.0	0.0	0.0	0.0	0.0	0.0	1.0	0.0
KY241682	0.0	0.0	0.0	0.0	0.0	0.0	0.0	0.0	1.0	0.0
KY241778	0.0	0.0	0.0	0.0	0.0	0.0	0.0	0.0	1.0	0.0
KY241776	0.0	0.0	0.0	0.0	0.0	0.0	0.0	0.0	1.0	0.0
KU997667	0.0	0.0	0.0	1.0	0.0	0.0	0.0	0.0	0.0	0.0
KX013000	0.0	0.0	0.0	1.0	0.0	0.0	0.0	0.0	0.0	0.0
n319	0.0	0.0	0.0	0.0	0.0	0.0	0.0	1.0	0.0	0.0
KU509998	0.0	1.0	0.0	0.0	0.0	0.0	0.0	0.0	0.0	0.0
n273	4.862655610191036e-17	1.0099688263581171e-08	1.1633473234020418e-08	1.2322392409973185e-08	1.076591063260601e-08	1.431373589417374e-08	1.7902389475173058e-09	0.9999999316144447	7.411489430853618e-09	4.862655610191038e-11
n309	7.874173955630406e-17	1.6354582487480047e-08	1.8838264375717982e-08	1.995384192586419e-08	1.7433406744710896e-08	2.317845544098628e-08	2.898961807073592e-09	0.9999998892622053	1.2001540254372411e-08	7.874173955630407e-11
KX197205	0.0	0.0	0.0	0.0	0.0	0.0	0.0	1.0	0.0	0.0
KY559021	0.0	0.0	0.0	0.0	0.0	0.0	0.0	1.0	0.0	0.0
n183	1.2447974254168464e-15	2.585432108917865e-07	2.978067683842305e-07	3.1544249843168344e-07	2.7559792245824746e-07	3.664191548301768e-07	4.5828555657532096e-08	0.9999982493894254	1.8972766532541475e-07	1.2447974254168468e-09
n189	4.435430325012637e-19	1.3396722192597224e-10	1.0611374545887249e-10	1.1255102500588479e-10	1.0707710383412492e-10	1.305615353803472e-10	1.6329513651337957e-11	0.9999999993253529	6.760327609099859e-11	4.4354303250126383e-13
KU527068	0.0	0.0	0.0	0.0	0.0	0.0	0.0	1.0	0.0	0.0
KY003154	0.0	0.0	0.0	0.0	1.0	0.0	0.0	0.0	0.0	0.0
KY003153	0.0	0.0	0.0	0.0	1.0	0.0	0.0	0.0	0.0	0.0
KX101060	0.0	0.0	0.0	0.0	0.0	0.0	0.0	1.0	0.0	0.0
n43	4.792914678467596e-22	9.954837028765734e-14	1.1466624226490473e-13	1.2145662820912356e-13	1.5370828775438725e-13	1.4108446159977717e-13	1.764563073735558e-14	0.9999999999992785	7.305192744474505e-14	4.792914678467598e-16
n55	6.61758634532611e-17	1.3744662279815327e-08	1.5831989717887057e-08	1.6769539587193804e-08	1.4651324072390105e-08	1.9479558249071035e-08	2.436335567160611e-09	0.9999999069341212	1.0086293414108102e-08	6.61758634532611e-11
KY559017	0.0	0.0	0.0	0.0	0.0	0.0	0.0	1.0	0.0	0.0
KY559006	0.0	0.0	0.0	0.0	0.0	0.0	0.0	1.0	0.0	0.0
n54	3.2485704367308503e-16	6.747249104893602e-08	7.771917292545758e-08	8.232160140837704e-08	7.19232900892116e-08	9.562507196177778e-08	1.1959961358152589e-08	0.9999995431399806	4.95135732145101e-08	3.2485704367308507e-10
KY559007	0.0	0.0	0.0	0.0	0.0	0.0	0.0	1.0	0.0	0.0
KY559005	0.0	0.0	0.0	0.0	0.0	0.0	0.0	1.0	0.0	0.0
KY693680	0.0	0.0	0.0	0.0	0.0	0.0	0.0	1.0	0.0	0.0
KY631492	0.0	0.0	0.0	0.0	0.0	0.0	0.0	1.0	0.0	0.0
n66	1.5150456771878483e-21	7.331641479082411e-13	3.6246127109936836e-13	1.535292819854959e-11	3.3543083599703327e-13	4.4604499661174663e-13	5.577803562491779e-14	0.9999999999824818	2.309179576732776e-13	1.5150456771878484e-15
n88	1.0960296339644741e-16	2.2764428572631064e-08	2.622153907773448e-08	2.7774344600664936e-08	2.4266076061853444e-08	3.2262779786165327e-08	4.035150945594626e-09	0.999999845860778	1.6705299941467425e-08	1.0960296339644743e-10
n94	1.1652575466942602e-15	2.420228556538688e-07	2.7877755712664624e-07	2.952864010964827e-07	2.579878078428688e-07	3.4300575876931557e-07	4.2900209498870395e-08	0.999998361249676	1.7760447549374433e-07	1.1652575466942602e-09
KU926309	0.0	0.0	0.0	0.0	0.0	0.0	0.0	1.0	0.0	0.0
KY785437	0.0	0.0	0.0	0.0	0.0	0.0	0.0	1.0	0.0	0.0
KY014308	0.0	0.0	0.0	0.0	0.0	0.0	0.0	1.0	0.0	0.0
KY559032	0.0	0.0	0.0	0.0	0.0	0.0	0.0	1.0	0.0	0.0
n177	2.7939111705880898e-15	5.802926244650974e-07	0.9999966277706179	7.080014001082304e-07	6.185714224744229e-07	8.224170044813967e-07	1.0286084383619267e-07	1.1145401426610262e-07	4.2583815864237147e-07	2.79391117058809e-09
n168	2.728412222920029e-17	5.66688556933487e-09	0.9999999670682734	6.9140339687076855e-09	6.040699674331441e-09	8.031367034808063e-09	1.0044942965150288e-09	1.0884114642525637e-09	4.158550383622413e-09	2.728412222920029e-11
n102	5.272304722550226e-17	1.0950525473522512e-08	0.9999999360668622	1.3360478903762283e-08	1.1672873018579329e-08	1.581640434978257e-08	1.941055672893524e-09	2.103214776290347e-09	8.035862265369325e-09	5.2723047225502264e-11
n162	4.587567644268458e-13	0.005374228051836304	0.9938011685226278	0.00011625295569256106	0.00010156866378881557	0.00016665306987719846	1.6889623550405937e-05	1.830061152457412e-05	0.00040447974387922847	4.587567644268459e-07
n153	1.1501900642206817e-12	0.00023889335424354507	0.9869223632829222	0.006568516711661699	0.0002546518699773754	0.005750888065558713	4.2345483930629404e-05	4.588309792232871e-05	0.0001753079425690507	1.150190064220682e-06
n119	9.455611318534453e-17	1.9639212462145943e-08	0.9999998858714951	2.396134180240413e-08	2.0934706190782512e-08	2.783358241994779e-08	3.481184976281058e-09	3.772009109970495e-09	1.4411911713983116e-08	9.455611318534454e-11
MF801378	0.0	0.0	1.0	0.0	0.0	0.0	0.0	0.0	0.0	0.0
n138	6.1288342965971505e-15	1.272952904274136e-06	0.9999926025439493	1.553099936999344e-06	1.356922792988489e-06	1.8040865422751833e-06	2.2563962452230893e-07	2.4448994381726746e-07	9.341354653511726e-07	6.128834296597151e-09
n143	3.3217402433459395e-16	6.899222079407808e-08	0.999999599068497	8.417578797216201e-08	7.35432682702125e-08	9.77789018261037e-08	1.2229343868627137e-08	1.3251004125239878e-08	5.0628801788889895e-08	3.3217402433459394e-10
n152	5.094527112253158e-14	1.0581283111286978e-05	0.9999385094479831	1.2909974971055912e-05	1.1279273714337982e-05	1.4996273936750062e-05	1.875604934148351e-06	2.032296171136296e-06	7.76489985606406e-06	5.094527112253158e-08
n157	9.392616103508813e-15	1.9508372015102393e-06	0.9999886631843081	2.3801706446392137e-06	2.079523488458179e-06	2.764814887964204e-06	3.457992610527297e-07	3.746879214403035e-07	1.431589661281527e-06	9.392616103508814e-09
n160	8.972568294884075e-15	1.863593681446445e-06	0.9999891701787956	2.273726875148822e-06	1.986524980408412e-06	2.641169417719916e-06	3.303347493311241e-07	3.579314780187138e-07	1.3675674449528419e-06	8.972568294884075e-09
MF801381	0.0	0.0	1.0	0.0	0.0	0.0	0.0	0.0	0.0	0.0
KY241698	0.0	0.0	0.0	0.0	0.0	0.0	0.0	0.0	1.0	0.0
KY241740	0.0	0.0	0.0	0.0	0.0	0.0	0.0	0.0	1.0	0.0
KY241701	0.0	0.0	0.0	0.0	0.0	0.0	0.0	0.0	1.0	0.0
KY241687	0.0	0.0	0.0	0.0	0.0	0.0	0.0	0.0	1.0	0.0
n356	1.1794783108520958e-18	2.449764944960489e-10	2.8217974825624973e-10	2.988900664672172e-10	2.611362824280269e-10	3.4719178958634484e-10	4.3423762221902234e-11	4.705145742217626e-11	0.9999999984739708	1.1794783108520958e-12
KY241741	0.0	0.0	0.0	0.0	0.0	0.0	0.0	0.0	1.0	0.0
KY241735	0.0	0.0	0.0	0.0	0.0	0.0	0.0	0.0	1.0	0.0
KY241755	0.0	0.0	0.0	0.0	0.0	0.0	0.0	0.0	1.0	0.0
KY241771	0.0	0.0	0.0	0.0	0.0	0.0	0.0	0.0	1.0	0.0
KY241704	0.0	0.0	0.0	0.0	0.0	0.0	0.0	0.0	1.0	0.0
KY241719	0.0	0.0	0.0	0.0	0.0	0.0	0.0	0.0	1.0	0.0
KY241683	0.0	0.0	0.0	0.0	0.0	0.0	0.0	0.0	1.0	0.0
KY241786	0.0	0.0	0.0	0.0	0.0	0.0	0.0	0.0	1.0	0.0
KY241748	0.0	0.0	0.0	0.0	0.0	0.0	0.0	0.0	1.0	0.0
KY241722	0.0	0.0	0.0	0.0	0.0	0.0	0.0	0.0	1.0	0.0
KY241770	0.0	0.0	0.0	0.0	0.0	0.0	0.0	0.0	1.0	0.0
KY241711	0.0	0.0	0.0	0.0	0.0	0.0	0.0	0.0	1.0	0.0
KY241743	0.0	0.0	0.0	0.0	0.0	0.0	0.0	0.0	1.0	0.0
KY241699	0.0	0.0	0.0	0.0	0.0	0.0	0.0	0.0	1.0	0.0
KY241732	0.0	0.0	0.0	0.0	0.0	0.0	0.0	0.0	1.0	0.0
KY241724	0.0	0.0	0.0	0.0	0.0	0.0	0.0	0.0	1.0	0.0
n410	7.7021679283619e-19	1.5997327646888797e-10	1.84267551768916e-10	1.9517963686730615e-10	1.705258571474502e-10	2.2672137691202095e-10	2.835635938678051e-11	3.072529804112824e-11	0.9999999990034806	7.702167928361902e-13
KY241674	0.0	0.0	0.0	0.0	0.0	0.0	0.0	0.0	1.0	0.0
KY241685	0.0	0.0	0.0	0.0	0.0	0.0	0.0	0.0	1.0	0.0
KY241676	0.0	0.0	0.0	0.0	0.0	0.0	0.0	0.0	1.0	0.0
KY241678	0.0	0.0	0.0	0.0	0.0	0.0	0.0	0.0	1.0	0.0
n405	6.003070416707697e-18	1.2468318691130204e-09	1.4361814739326183e-09	1.5212302755791369e-09	1.3290786929691072e-09	1.7670666275193137e-09	2.2100949205935743e-10	2.3947300218686865e-10	0.9999999922331254	6.003070416707699e-12
KY241756	0.0	0.0	0.0	0.0	0.0	0.0	0.0	0.0	1.0	0.0
KY241680	0.0	0.0	0.0	0.0	0.0	0.0	0.0	0.0	1.0	0.0
KY241679	0.0	0.0	0.0	0.0	0.0	0.0	0.0	0.0	1.0	0.0
KX827309	0.0	0.0	0.0	0.0	0.0	0.0	0.0	0.0	1.0	0.0
KY241781	0.0	0.0	0.0	0.0	0.0	0.0	0.0	0.0	1.0	0.0
KY241779	0.0	0.0	0.0	0.0	0.0	0.0	0.0	0.0	1.0	0.0
MF352141	0.0	0.0	0.0	0.0	0.0	0.0	0.0	1.0	0.0	0.0
KR872956	0.0	0.0	0.0	0.0	0.0	0.0	0.0	1.0	0.0	0.0
KU321639	0.0	0.0	0.0	0.0	0.0	0.0	0.0	1.0	0.0	0.0
MF783073	0.0	1.0	0.0	0.0	0.0	0.0	0.0	0.0	0.0	0.0
n274	4.32066149087254e-33	8.974553999493163e-25	1.0336802276565892e-24	1.094893215337114e-24	1.2888209419404945e-24	1.2718322070241569e-24	1.5906979848186955e-25	1.0	6.585400970364015e-25	4.32066149087254e-27
KY559003	0.0	0.0	0.0	0.0	0.0	0.0	0.0	1.0	0.0	0.0
KY014313	0.0	0.0	0.0	0.0	0.0	0.0	0.0	1.0	0.0	0.0
n310	9.858321762091948e-23	2.0475638124677997e-14	2.358516241851478e-14	2.498184510572461e-14	2.1826306361430223e-14	2.9019002243678536e-14	3.629447156131437e-15	0.9999999999998613	1.5025708872446395e-14	9.858321762091951e-17
n184	9.844091289696348e-20	2.0446081572342952e-11	2.3551117272612458e-11	2.4945783850498075e-11	2.1794800121558367e-11	2.8977113358293942e-11	3.6242080547089995e-12	0.9999999998615583	1.5004019284655102e-11	9.844091289696348e-14
n186	1.2507335834698836e-16	2.5977614510403216e-08	2.992269416672858e-08	3.169467725320234e-08	2.769121867609945e-08	3.681665251028971e-08	4.604710169897689e-09	0.9999998241041159	1.9063243375231613e-08	1.2507335834698836e-10
MF073359	0.0	0.0	0.0	0.0	0.0	0.0	0.0	1.0	0.0	0.0
n190	6.379586912031451e-20	1.633442051558644e-10	1.526259713512986e-11	1.671653650345247e-11	4.596538107020815e-11	1.8778981999335566e-11	2.3487135167570854e-12	0.9999999997277962	9.723543010662768e-12	6.379586912031452e-14
n44	3.6403585256564886e-17	7.56098914341089e-09	8.709235624605339e-09	9.22498524718027e-09	8.059747149200603e-09	1.071577645497777e-08	1.340237133367725e-09	0.9999999488041188	5.548507009395418e-09	3.640358525656489e-11
KU940227	0.0	0.0	0.0	0.0	0.0	0.0	0.0	1.0	0.0	0.0
KX101066	0.0	0.0	0.0	0.0	0.0	0.0	0.0	1.0	0.0	0.0
KX101061	0.0	0.0	0.0	0.0	0.0	0.0	0.0	1.0	0.0	0.0
n56	7.436070112851308e-17	1.5444645080053398e-08	1.7790139701206664e-08	1.884364866937956e-08	1.6463445637599772e-08	2.188885091159699e-08	2.7376691667401093e-09	0.9999998954234424	1.1333797716001265e-08	7.436070112851305e-11
KY559009	0.0	0.0	0.0	0.0	0.0	0.0	0.0	1.0	0.0	0.0
KY559011	0.0	0.0	0.0	0.0	0.0	0.0	0.0	1.0	0.0	0.0
KY559010	0.0	0.0	0.0	0.0	0.0	0.0	0.0	1.0	0.0	0.0
KU312312	0.0	0.0	0.0	0.0	0.0	0.0	0.0	1.0	0.0	0.0
n87	4.000216977545867e-17	8.30841164881896e-09	9.570165125620658e-09	1.013689828710082e-08	8.856473076364998e-09	1.1775057484225598e-08	1.4727228917289546e-09	0.9999999437432786	6.096990662482398e-09	4.000216977545868e-11
n82	1.7709364690974705e-12	0.01498821304816515	0.00042368087859684286	0.9651293087620705	0.00039208501055202597	0.0005212936908568355	6.519893026996651e-05	0.018208528804991537	0.0002699199362570832	1.7709364690974705e-06
n70	3.013890805712278e-16	6.259821827996452e-08	7.210467042953214e-08	7.637462511562235e-08	6.672748734812537e-08	8.871703132020309e-08	1.1095963063151124e-08	0.9999995761439467	4.593666844402721e-08	3.0138908057122784e-10
n72	3.9307910450220987e-17	4.6861421355590756e-07	9.404069725800548e-09	9.961060439209354e-09	8.702764188659734e-09	1.1882654202678806e-08	1.4471629881833944e-09	0.9999994839575929	5.991174086854733e-09	3.9307910450221e-11
n89	2.5172605120404364e-20	5.228325525782995e-12	6.0223230138908536e-12	6.378957161451226e-12	5.573210172404273e-12	7.409819866878012e-12	9.26756523792788e-13	0.9999999999645985	3.836720338695733e-12	2.517260512040437e-14
n90	1.126505345046032e-19	2.3397406117716874e-11	2.6950643496340658e-11	2.8546625602102507e-11	2.4940807748139334e-11	3.3159864249013687e-11	4.147350552774592e-12	0.9999999998415747	1.716980005968543e-11	1.1265053450460322e-13
KY559025	0.0	0.0	0.0	0.0	0.0	0.0	0.0	1.0	0.0	0.0
KY272991	0.0	0.0	0.0	0.0	0.0	0.0	0.0	1.0	0.0	0.0
n178	2.7024717497872162e-14	5.613007459706432e-06	0.9999673813729828	6.848298552740127e-06	5.983267514231496e-06	7.955008536251263e-06	9.949440324120024e-07	1.0780633547884917e-06	4.119012822695364e-06	2.7024717497872167e-08
MF801406	0.0	0.0	1.0	0.0	0.0	0.0	0.0	0.0	0.0	0.0
n169	3.787758474489166e-15	7.867137399141338e-07	0.9999954282045345	9.598509542612502e-07	8.386090338946374e-07	1.1149663636702895e-06	1.3945040094157187e-07	1.511003254134977e-07	5.77316885067248e-07	3.7877584744891664e-09
n175	8.352168148203415e-16	1.7347371762268917e-07	0.9999989918997021	2.1165120799537402e-07	1.849168501335093e-07	2.4585481391394917e-07	3.0749405085958405e-08	3.331826286183644e-08	1.2730082267267518e-07	8.352168148203416e-10
n103	1.7749214468341134e-18	3.6864945294089544e-10	0.999999992434341	4.4978053800334947e-10	3.9296728389451234e-10	5.945809158777984e-09	6.534564151009991e-11	7.080472791660782e-11	2.7052731261158823e-10	1.7749214468341133e-12
n112	1.9510670709850764e-14	4.052347272340252e-06	0.9999764507618365	4.944173717848505e-06	4.319658928842072e-06	5.743178257778016e-06	7.183063205989149e-07	7.783148564380517e-07	2.973748119275985e-06	1.9510670709850766e-08
n163	2.3476376798766023e-14	7.650192730575075e-05	0.9998950699979056	5.949118145905873e-06	5.197665532043936e-06	7.3394524735834436e-06	8.643080542998073e-07	9.365138241296754e-07	8.117540358332072e-06	2.3476376798766027e-08
n164	8.92048099976679e-12	0.8063606357293126	0.12892097851090079	0.002260527501360884	0.0019749928627903848	0.007443670821687214	0.000328417099555673	0.0003558536245084812	0.05234600335996378	8.92048099976679e-06
n154	1.7331521870834921e-12	0.00035997401843967925	0.982287272189139	0.005117499154712207	0.0003837195774206491	0.011452694577861055	6.380786130091104e-05	6.913847892446447e-05	0.00026416098828198705	1.7331521870834921e-06
MF593625	0.0	0.0	0.0	1.0	0.0	0.0	0.0	0.0	0.0	0.0
n120	1.4693831118943983e-14	3.0518943884905747e-06	0.9999822646583906	3.723544654777429e-06	3.2532115238770548e-06	4.325283029925051e-06	5.409691918597924e-07	5.861626813316937e-07	2.2395822934399194e-06	1.4693831118943988e-08
n122	8.030520326897563e-17	1.6679312375327972e-08	0.999999903069701	2.035003723416274e-08	1.777962840911205e-08	2.3641140209685347e-08	2.9565224047352632e-09	3.203515331841682e-09	1.2239837919493989e-08	8.030520326897563e-11
n139	4.9012846382428064e-17	1.0179920377990094e-08	0.9999999408418697	1.2420281728121109e-08	1.0851435230103356e-08	1.4427444482588447e-08	1.8044606395446176e-09	1.9552083607509965e-09	7.470366442939324e-09	4.901284638242809e-11
MF801383	0.0	0.0	1.0	0.0	0.0	0.0	0.0	0.0	0.0	0.0
n144	1.8415246589165575e-15	3.8248287511408186e-07	0.9999977772938422	4.666583714514867e-07	4.0771322287528904e-07	5.420720635674306e-07	6.779771037654102e-08	7.34616468006976e-08	2.8067874100753307e-07	1.8415246589165575e-09
n149	1.1915545490621649e-15	2.474847173910207e-07	0.9999985618027862	3.0195029030352824e-07	2.638099593603432e-07	3.5074655673810005e-07	4.3868361916313094e-08	4.753319973378402e-08	1.8161257252418982e-07	1.1915545490621646e-09
KY765324	0.0	0.0	1.0	0.0	0.0	0.0	0.0	0.0	0.0	0.0
MF434518	0.0	0.0	1.0	0.0	0.0	0.0	0.0	0.0	0.0	0.0
n158	5.91851318023108e-16	1.229269413588637e-07	0.9999992856399925	1.499802736133734e-07	1.310357736269243e-07	1.7421763196733107e-07	2.1789642648017848e-08	2.3609986579664354e-08	9.020790571661966e-08	5.91851318023108e-10
MF801403	0.0	0.0	1.0	0.0	0.0	0.0	0.0	0.0	0.0	0.0
n161	4.1747541522195135e-14	8.670923646359509e-06	0.9999496110371587	1.0579190262004334e-05	9.242898062059226e-06	1.2288825931398357e-05	1.5369806292573e-06	1.665382613939746e-06	6.363014113263844e-06	4.174754152219514e-08
MF801411	0.0	0.0	1.0	0.0	0.0	0.0	0.0	0.0	0.0	0.0
n357	1.5640295490570909e-28	3.248474115131809e-20	3.7418022896871106e-20	3.96338696161905e-20	3.4627585627521354e-20	4.603884726890486e-20	5.758142953660521e-21	6.239188042493244e-21	1.0	1.5640295490570912e-22
n361	1.2711627386503935e-77	2.640192607048457e-69	3.041144362595005e-69	3.221236982063585e-69	2.8143519798374544e-69	3.741800608174575e-69	4.6799223012943174e-70	5.070890996804944e-70	1.0	1.2711627386503937e-71
n411	3.9123493210191865e-27	8.125911371908753e-19	9.35994953309609e-19	9.914233588217566e-19	8.66193424542657e-19	1.1516409837754998e-18	1.4403734692011775e-19	1.560704726868843e-19	1.0	3.912349321019187e-21
n416	2.9519110452905346e-36	6.131090443002847e-28	7.062185950949452e-28	7.480399430955189e-28	6.535525658530437e-28	8.68925921811746e-28	1.0867777910922262e-28	1.177569062386567e-28	1.0	2.9519110452905355e-30
n406	3.1679486110834437e-19	6.579798359549207e-11	7.579036709190994e-11	8.027857419840205e-11	7.013832434304924e-11	9.325188411519334e-11	1.1663143438348751e-11	1.2637502344774059e-11	0.9999999995901254	3.167948611083444e-13
KY241684	0.0	0.0	0.0	0.0	0.0	0.0	0.0	0.0	1.0	0.0
KY785429	0.0	0.0	0.0	0.0	0.0	0.0	0.0	1.0	0.0	0.0
n276	1.3948228828824612e-15	2.8970335202227103e-07	3.3369903145525915e-07	3.534602547066358e-07	3.0881353131311957e-07	4.1058071895708897e-07	5.135190418567294e-08	0.9999980384023628	2.1259402028658166e-07	1.3948228828824616e-09
KY558999	0.0	0.0	0.0	0.0	0.0	0.0	0.0	1.0	0.0	0.0
n281	1.5209057694761768e-19	9.179207298995348e-10	3.944623357157052e-11	3.8541075520134126e-11	3.367282593585139e-11	4.8744854281641126e-11	5.599378122344673e-12	0.9999999988927419	2.3181113242264193e-11	1.5209057694761767e-13
KY558996	0.0	0.0	0.0	0.0	0.0	0.0	0.0	1.0	0.0	0.0
n305	1.1279730068098098e-17	2.3427889309368225e-09	2.6985756005253944e-09	2.858381742815172e-09	2.497330175276226e-09	3.3203066409628697e-09	4.1527539073650153e-10	0.9999999841368447	1.7192169646434506e-09	1.1279730068098098e-11
KY559015	0.0	0.0	0.0	0.0	0.0	0.0	0.0	1.0	0.0	0.0
KU497555	0.0	0.0	0.0	0.0	0.0	0.0	0.0	1.0	0.0	0.0
n307	4.031031549411083e-16	8.372413202446205e-08	9.643886261919205e-08	1.0214984681358943e-07	2.7173099580912853e-06	1.186576340270279e-07	1.4840676076879805e-08	0.9999968050362154	6.143957154046531e-08	4.0310315494110833e-10
KY014317	0.0	0.0	0.0	0.0	0.0	0.0	0.0	1.0	0.0	0.0
n314	2.1641433493651467e-21	4.4949046238196844e-13	5.177521450760039e-13	5.484127546771373e-13	4.791409419697418e-13	6.370382528226856e-13	7.967526435399416e-14	0.9999999999969565	3.298511522604372e-13	2.1641433493651467e-15
n313	0.0	0.0	0.0	0.0	0.0	0.0	0.0	1.0	0.0	0.0
KY785427	0.0	0.0	0.0	0.0	0.0	0.0	0.0	1.0	0.0	0.0
KX879604	0.0	0.0	0.0	0.0	0.0	0.0	0.0	1.0	0.0	0.0
MF794971	0.0	0.0	0.0	0.0	0.0	0.0	0.0	1.0	0.0	0.0
KX879603	0.0	0.0	0.0	0.0	0.0	0.0	0.0	1.0	0.0	0.0
KX811222	0.0	0.0	0.0	0.0	0.0	0.0	0.0	1.0	0.0	0.0
n187	1.663150455679392e-20	3.4543472711889214e-12	3.9789402872260875e-12	4.214567963389462e-12	3.682212068832668e-12	4.895657493197277e-12	6.123067229146068e-13	0.9999999999766104	2.534915694698546e-12	1.6631504556793925e-14
n191	7.747385985214383e-16	1.5521427288749426e-05	1.8534935376407537e-07	1.9632556704979077e-07	3.4301142472268944e-06	2.2805241775743416e-07	2.852283452505415e-08	0.9999802913506068	1.1808294468936082e-07	7.747385985214384e-10
n269	1.5615387247060564e-17	3.2436768350836823e-09	3.735843212848997e-09	5.768799022655884e-08	3.457323676258168e-09	4.5965527246313155e-09	5.748972715991827e-10	0.9999999243080581	2.3800426519559538e-09	1.5615387247060567e-11
n45	1.254517183887377e-17	2.605619952195314e-09	3.0013213458477086e-09	3.179055697984631e-09	2.7774987520459886e-09	3.6928026749895712e-09	4.6186399016579314e-10	0.9999999823572013	1.912091168808942e-09	1.2545171838873772e-11
KU940228	0.0	0.0	0.0	0.0	0.0	0.0	0.0	1.0	0.0	0.0
n57	3.7936978977434634e-17	7.879473523297068e-09	9.076086502787361e-09	9.613560557920887e-09	8.399240211174828e-09	1.1167146950891869e-08	1.3966906719491185e-09	0.999999946647643	5.782221511646937e-09	3.793697897743465e-11
KY559013	0.0	0.0	0.0	0.0	0.0	0.0	0.0	1.0	0.0	0.0
KY785450	0.0	0.0	0.0	0.0	0.0	0.0	0.0	1.0	0.0	0.0
KY014297	0.0	0.0	0.0	0.0	0.0	0.0	0.0	1.0	0.0	0.0
n83	1.748702173916637e-12	0.018498223956538943	0.0004183615202338644	0.965339974745716	0.0003871623416631545	0.0005147487932839009	6.438035078595159e-05	0.01450886852502366	0.00026653106283183254	1.7487021739166373e-06
KU820898	0.0	0.0	0.0	1.0	0.0	0.0	0.0	0.0	0.0	0.0
n71	8.63016711994884e-17	1.7924772915395537e-08	2.0646911120876933e-08	2.1869594414342455e-08	1.9107174228646197e-08	2.540380047039306e-08	3.1772888191661767e-09	0.9999998786303578	1.3153798566764707e-08	8.63016711994884e-11
MF073357	0.0	0.0	0.0	0.0	0.0	0.0	0.0	1.0	0.0	0.0
n73	4.062178071013996e-18	9.144951139768526e-10	9.718401558589801e-10	1.0293912821500891e-09	8.993654824045918e-10	1.1957926022954538e-09	1.4955345345121553e-10	0.9999999942163567	6.191429591778714e-10	4.0621780710139964e-12
KU365778	0.0	0.0	0.0	0.0	0.0	0.0	0.0	1.0	0.0	0.0
n76	1.3154421793910524e-13	0.5859855401640423	3.147079006124822e-05	3.333444937625384e-05	2.9123865806997147e-05	0.0004357137109860168	4.842941823429666e-06	0.4134597930244157	2.0049509138634665e-05	1.3154421793910524e-07
KU365779	0.0	0.0	0.0	0.0	0.0	0.0	0.0	1.0	0.0	0.0
KU707826	0.0	0.0	0.0	0.0	0.0	0.0	0.0	1.0	0.0	0.0
KU365777	0.0	0.0	0.0	0.0	0.0	0.0	0.0	1.0	0.0	0.0
KU365780	0.0	0.0	0.0	0.0	0.0	0.0	0.0	1.0	0.0	0.0
MF801377	0.0	0.0	1.0	0.0	0.0	0.0	0.0	0.0	0.0	0.0
KY765323	0.0	0.0	1.0	0.0	0.0	0.0	0.0	0.0	0.0	0.0
MF801397	0.0	0.0	1.0	0.0	0.0	0.0	0.0	0.0	0.0	0.0
n170	5.546206004671995e-16	1.1519415764380761e-07	0.9999993305771835	1.4054568584476196e-07	1.2279289956537915e-07	1.632583804602124e-07	2.041895374969414e-08	2.2124787991643378e-08	8.453333009809526e-08	5.546206004671998e-10
n176	1.0363307026723815e-14	2.1524487592815324e-06	0.9999874915677992	2.626152170445531e-06	2.294434281427208e-06	3.050547924057734e-06	3.815362911047666e-07	4.134104839694511e-07	1.5795389732368292e-06	1.0363307026723817e-08
MF801408	0.0	0.0	1.0	0.0	0.0	0.0	0.0	0.0	0.0	0.0
n104	1.0973630561385659e-14	2.2792123620152545e-06	0.9999146908719158	2.78081346447967e-06	2.4295598004414468e-06	7.529424309841479e-05	4.040060082701804e-07	4.377573596522672e-07	1.6725623495390179e-06	1.0973630561385661e-08
n107	3.0835105734858724e-15	6.404421379214273e-07	0.9999962781329794	7.813884085717027e-07	6.826886773406606e-07	9.077569979874581e-07	1.1352275723920659e-07	1.230066421097539e-07	4.699778856931653e-07	3.0835105734858724e-09
MF801389	0.0	0.0	1.0	0.0	0.0	0.0	0.0	0.0	0.0	0.0
KY765319	0.0	0.0	1.0	0.0	0.0	0.0	0.0	0.0	0.0	0.0
n113	1.9916176179135073e-15	4.136570362710162e-07	0.9999975961327705	5.046932332018908e-07	4.409437765620034e-07	5.86253517512188e-07	7.332354404613748e-08	7.944911804509167e-08	3.035553843157713e-07	1.991617617913507e-09
KX906952	0.0	0.0	1.0	0.0	0.0	0.0	0.0	0.0	0.0	0.0
KX262887	0.0	0.0	1.0	0.0	0.0	0.0	0.0	0.0	0.0	0.0
n165	8.338049100469053e-13	0.9794517828496576	0.009935341203929766	0.00021129341904097356	0.00018460425467474998	0.006109896005644674	3.0697424293605066e-05	3.326193950538277e-05	0.0040422890975091086	8.338049100469052e-07
MF988734	0.0	0.0	0.0	0.0	0.0	0.0	0.0	0.0	1.0	0.0
n155	0.0	0.0	0.0	0.0	0.0	1.0	0.0	0.0	0.0	0.0
MF801426	0.0	0.0	1.0	0.0	0.0	0.0	0.0	0.0	0.0	0.0
MF801419	0.0	0.0	1.0	0.0	0.0	0.0	0.0	0.0	0.0	0.0
n121	2.571116095655562e-14	5.340183047546103e-06	0.9999689668256665	6.515431896074847e-06	5.6924463360865815e-06	7.5683494157696084e-06	9.465840359709094e-07	1.025663281716587e-06	3.918805133662381e-06	2.5711160956555623e-08
n123	5.321163783036591e-16	1.1052005265496583e-07	0.9999993577376632	1.348429201420215e-07	1.1781052343209142e-07	1.566359167099836e-07	1.959043661357786e-08	2.122705512008081e-08	8.110331534720258e-08	5.321163783036591e-10
n125	4.977061407013917e-17	1.0337307987469513e-08	0.9999999391850843	1.261230665343156e-08	1.104002471035274e-08	1.5371847257016482e-08	1.8323586717405929e-09	1.9854370421656475e-09	7.585862740821137e-09	4.977061407013915e-11
KY606271	0.0	0.0	1.0	0.0	0.0	0.0	0.0	0.0	0.0	0.0
n141	3.2302556377107045e-15	6.709209446003111e-07	0.9999961011061883	8.185748846572273e-07	7.151780077367836e-07	9.508595667757007e-07	1.1892533456301796e-07	1.2886055996289453e-07	4.923442546018108e-07	3.230255637710704e-09
MF801402	0.0	0.0	1.0	0.0	0.0	0.0	0.0	0.0	0.0	0.0
n145	2.186413331310897e-17	4.541159159060937e-09	0.9999999736101587	5.540561618705942e-09	4.840715119018427e-09	6.43593655168503e-09	8.049515768463088e-10	8.721986052556875e-10	3.332454649374509e-09	2.1864133313108972e-11
KY014310	0.0	0.0	1.0	0.0	0.0	0.0	0.0	0.0	0.0	0.0
n150	2.123667575583762e-15	4.4108368365467213e-07	0.9999974367495031	5.381558414261507e-07	4.7017961305303376e-07	6.251237850408246e-07	7.818510522155483e-08	8.471682233753736e-08	3.2368197653354327e-07	2.123667575583762e-09
MF801385	0.0	0.0	1.0	0.0	0.0	0.0	0.0	0.0	0.0	0.0
KU501216	0.0	0.0	1.0	0.0	0.0	0.0	0.0	0.0	0.0	0.0
KU501217	0.0	0.0	1.0	0.0	0.0	0.0	0.0	0.0	0.0	0.0
MG494697	0.0	0.0	1.0	0.0	0.0	0.0	0.0	0.0	0.0	0.0
KY606273	0.0	0.0	1.0	0.0	0.0	0.0	0.0	0.0	0.0	0.0
KY241695	0.0	0.0	0.0	0.0	0.0	0.0	0.0	0.0	1.0	0.0
KY241752	0.0	0.0	0.0	0.0	0.0	0.0	0.0	0.0	1.0	0.0
KY241772	0.0	0.0	0.0	0.0	0.0	0.0	0.0	0.0	1.0	0.0
KY241725	0.0	0.0	0.0	0.0	0.0	0.0	0.0	0.0	1.0	0.0
KY241737	0.0	0.0	0.0	0.0	0.0	0.0	0.0	0.0	1.0	0.0
KY241760	0.0	0.0	0.0	0.0	0.0	0.0	0.0	0.0	1.0	0.0
KY241785	0.0	0.0	0.0	0.0	0.0	0.0	0.0	0.0	1.0	0.0
KY241702	0.0	0.0	0.0	0.0	0.0	0.0	0.0	0.0	1.0	0.0
KY241709	0.0	0.0	0.0	0.0	0.0	0.0	0.0	0.0	1.0	0.0
KY241763	0.0	0.0	0.0	0.0	0.0	0.0	0.0	0.0	1.0	0.0
KY241762	0.0	0.0	0.0	0.0	0.0	0.0	0.0	0.0	1.0	0.0
KY241742	0.0	0.0	0.0	0.0	0.0	0.0	0.0	0.0	1.0	0.0
KY241757	0.0	0.0	0.0	0.0	0.0	0.0	0.0	0.0	1.0	0.0
KY241703	0.0	0.0	0.0	0.0	0.0	0.0	0.0	0.0	1.0	0.0
KY241784	0.0	0.0	0.0	0.0	0.0	0.0	0.0	0.0	1.0	0.0
KY241761	0.0	0.0	0.0	0.0	0.0	0.0	0.0	0.0	1.0	0.0
KY241746	0.0	0.0	0.0	0.0	0.0	0.0	0.0	0.0	1.0	0.0
KY241754	0.0	0.0	0.0	0.0	0.0	0.0	0.0	0.0	1.0	0.0
KY241753	0.0	0.0	0.0	0.0	0.0	0.0	0.0	0.0	1.0	0.0
KY241765	0.0	0.0	0.0	0.0	0.0	0.0	0.0	0.0	1.0	0.0
KY241733	0.0	0.0	0.0	0.0	0.0	0.0	0.0	0.0	1.0	0.0
KY241726	0.0	0.0	0.0	0.0	0.0	0.0	0.0	0.0	1.0	0.0
KY241720	0.0	0.0	0.0	0.0	0.0	0.0	0.0	0.0	1.0	0.0
KY241739	0.0	0.0	0.0	0.0	0.0	0.0	0.0	0.0	1.0	0.0
KY241705	0.0	0.0	0.0	0.0	0.0	0.0	0.0	0.0	1.0	0.0
KY241696	0.0	0.0	0.0	0.0	0.0	0.0	0.0	0.0	1.0	0.0
KY241764	0.0	0.0	0.0	0.0	0.0	0.0	0.0	0.0	1.0	0.0
KY241731	0.0	0.0	0.0	0.0	0.0	0.0	0.0	0.0	1.0	0.0
KY241750	0.0	0.0	0.0	0.0	0.0	0.0	0.0	0.0	1.0	0.0
KY241718	0.0	0.0	0.0	0.0	0.0	0.0	0.0	0.0	1.0	0.0
KY241710	0.0	0.0	0.0	0.0	0.0	0.0	0.0	0.0	1.0	0.0
n415	0.0	0.0	0.0	0.0	0.0	0.0	0.0	0.0	1.0	0.0
KY241728	0.0	0.0	0.0	0.0	0.0	0.0	0.0	0.0	1.0	0.0
KY241747	0.0	0.0	0.0	0.0	0.0	0.0	0.0	0.0	1.0	0.0
KY241715	0.0	0.0	0.0	0.0	0.0	0.0	0.0	0.0	1.0	0.0
KY241768	0.0	0.0	0.0	0.0	0.0	0.0	0.0	0.0	1.0	0.0
KY241723	0.0	0.0	0.0	0.0	0.0	0.0	0.0	0.0	1.0	0.0
n422	3.602161734218493e-36	7.481654780231999e-28	8.617853181257286e-28	9.128191254220034e-28	7.975179495235904e-28	1.0603340200289599e-27	1.3261745738973026e-28	1.4369654609666438e-28	1.0	3.602161734218494e-30
KY241689	0.0	0.0	0.0	0.0	0.0	0.0	0.0	0.0	1.0	0.0
KY241736	0.0	0.0	0.0	0.0	0.0	0.0	0.0	0.0	1.0	0.0
n407	2.0077629163420503e-20	4.170103990036973e-12	4.803395103402438e-12	5.087845923019611e-12	4.445183426829141e-12	5.910060351057252e-12	7.391795056765818e-13	8.009318230179693e-13	0.9999999999740232	2.0077629163420506e-14
KY241767	0.0	0.0	0.0	0.0	0.0	0.0	0.0	0.0	1.0	0.0
KY014307	0.0	0.0	0.0	0.0	0.0	0.0	0.0	1.0	0.0	0.0
KY785433	0.0	0.0	0.0	0.0	0.0	0.0	0.0	1.0	0.0	0.0
n290	5.2889801411234675e-15	5.49027942322889e-05	1.3615868478760011e-06	1.3402735865334764e-06	1.1709792364819805e-06	1.5568669235900498e-06	1.9471949075400018e-07	0.9999386613628617	8.061278354522673e-07	5.2889801411234675e-09
n283	2.1223587697098468e-16	6.7010878381393626e-06	1.48029781521157e-07	5.3782417862993995e-08	4.698898436717832e-08	1.9691169091973037e-07	7.813692012604217e-09	0.99999281282511	3.234824929246026e-08	2.1223587697098468e-10
KX548902	0.0	0.0	0.0	0.0	0.0	0.0	0.0	1.0	0.0	0.0
KY785455	0.0	0.0	0.0	0.0	0.0	0.0	0.0	1.0	0.0	0.0
KY785480	0.0	0.0	0.0	0.0	0.0	0.0	0.0	1.0	0.0	0.0
KU991811	0.0	0.0	0.0	0.0	1.0	0.0	0.0	0.0	0.0	0.0
KY559001	0.0	0.0	0.0	0.0	0.0	0.0	0.0	1.0	0.0	0.0
KY558995	0.0	0.0	0.0	0.0	0.0	0.0	0.0	1.0	0.0	0.0
KY014309	0.0	0.0	0.0	0.0	0.0	0.0	0.0	1.0	0.0	0.0
KY559031	0.0	0.0	0.0	0.0	0.0	0.0	0.0	1.0	0.0	0.0
KY014301	0.0	0.0	0.0	0.0	0.0	0.0	0.0	1.0	0.0	0.0
KY785479	0.0	0.0	0.0	0.0	0.0	0.0	0.0	1.0	0.0	0.0
KY014296	0.0	0.0	0.0	0.0	0.0	0.0	0.0	1.0	0.0	0.0
KY014320	0.0	0.0	0.0	0.0	0.0	0.0	0.0	1.0	0.0	0.0
KX280026	0.0	0.0	0.0	0.0	0.0	0.0	0.0	1.0	0.0	0.0
MH513599	0.0	0.0	0.0	0.0	0.0	0.0	0.0	1.0	0.0	0.0
KY558989	0.0	0.0	0.0	0.0	0.0	0.0	0.0	1.0	0.0	0.0
n193	1.6088003196731971e-13	0.008110449284562293	3.8489123964644394e-05	4.0768399923884644e-05	3.6905666203373825e-05	4.73567217756549e-05	5.922971359561485e-06	0.991695426180815	2.452077120292585e-05	1.6088003196731973e-07
MF098767	0.0	0.0	0.0	0.0	1.0	0.0	0.0	0.0	0.0	0.0
n270	2.8573420887469946e-13	5.934671658157213e-05	6.835938091155965e-05	0.002488608933656769	6.326150164850776e-05	8.410885593443134e-05	1.0519612129090003e-05	0.997181958656933	4.3550607710525424e-05	2.857342088746995e-07
n271	9.603007726555182e-17	1.9945471443993305e-08	2.2974346182122912e-08	4.1202517645669476e-08	2.1261066603059515e-08	2.8267458649456065e-08	3.535450548741061e-09	0.9999998480810905	1.463656815847858e-08	9.603007726555184e-11
KX520666	0.0	0.0	0.0	0.0	0.0	0.0	0.0	1.0	0.0	0.0
KU940224	0.0	0.0	0.0	0.0	0.0	0.0	0.0	1.0	0.0	0.0
KY559019	0.0	0.0	0.0	0.0	0.0	0.0	0.0	1.0	0.0	0.0
n58	0.0	0.0	0.0	0.0	0.0	0.0	0.0	1.0	0.0	0.0
KX766028	0.0	1.0	0.0	0.0	0.0	0.0	0.0	0.0	0.0	0.0
n84	0.0	0.0	0.0	1.0	0.0	0.0	0.0	0.0	0.0	0.0
KY441403	0.0	0.0	0.0	0.0	0.0	0.0	0.0	1.0	0.0	0.0
KY441402	0.0	0.0	0.0	0.0	0.0	0.0	0.0	1.0	0.0	0.0
KU758877	0.0	0.0	0.0	0.0	0.0	0.0	0.0	1.0	0.0	0.0
KY348640	0.0	0.0	0.0	0.0	0.0	0.0	0.0	1.0	0.0	0.0
KU937936	0.0	0.0	0.0	0.0	0.0	0.0	0.0	1.0	0.0	0.0
KY785456	0.0	0.0	0.0	0.0	0.0	0.0	0.0	1.0	0.0	0.0
n78	1.4959894820040823e-13	0.9724723972309817	3.5790224503657236e-05	3.790967511624051e-05	3.312117978665935e-05	0.014198934891774428	5.507646130947633e-06	0.013193388204696385	2.2801347912248802e-05	1.4959894820040825e-07
KY785481	0.0	1.0	0.0	0.0	0.0	0.0	0.0	0.0	0.0	0.0
n171	4.9633978751964e-15	1.0308928965182345e-06	0.999994009216783	1.2577682074958696e-06	1.0988953823182993e-06	1.4610281298632474e-06	1.827328295587881e-07	1.9799864198046146e-07	7.56503726400937e-07	4.9633978751964e-09
n173	6.1039869425426444e-15	1.2677921330774382e-06	0.9999926325345154	1.5468034012881275e-06	1.3514215933426223e-06	1.7967724634648346e-06	2.247248424662262e-07	2.434987393071101e-07	9.303483186411793e-07	6.103986942542645e-09
MF801384	0.0	0.0	1.0	0.0	0.0	0.0	0.0	0.0	0.0	0.0
MF801386	0.0	0.0	1.0	0.0	0.0	0.0	0.0	0.0	0.0	0.0
n105	6.133446740561968e-13	0.000127391090438585	0.9940435348555975	0.0001554268770432343	0.00013579439872391994	0.0053967072472283825	2.2580943660630174e-05	2.4467394229254765e-05	9.348384779113056e-05	6.13344674056197e-07
MF801387	0.0	0.0	1.0	0.0	0.0	0.0	0.0	0.0	0.0	0.0
n108	7.989526849385059e-16	1.659416932245606e-07	0.9999990356684106	2.0246156195353445e-07	1.7688797840632315e-07	2.3518190609326574e-07	2.9414302152157635e-08	3.1871623150543435e-08	1.2177357096323802e-07	7.989526849385061e-10
MF434517	0.0	0.0	1.0	0.0	0.0	0.0	0.0	0.0	0.0	0.0
KX421195	0.0	0.0	1.0	0.0	0.0	0.0	0.0	0.0	0.0	0.0
KX421194	0.0	0.0	1.0	0.0	0.0	0.0	0.0	0.0	0.0	0.0
n166	1.9457035971275887e-13	0.9970479700555988	0.001399030900519868	4.930582208424297e-05	4.3077842075253874e-05	0.0008719496367909911	7.163317000287182e-06	7.761752726956577e-06	0.0005735461026494494	1.945703597127589e-07
n167	1.0257422896076394e-12	0.9783727140907038	0.009117740607992078	0.0002599320210454534	0.00022709915542562303	0.00821852046266597	3.776380529854197e-05	4.091865803851265e-05	0.0037242854555145687	1.0257422896076392e-06
KY325479	0.0	0.0	0.0	0.0	0.0	1.0	0.0	0.0	0.0	0.0
KY325465	0.0	0.0	0.0	0.0	0.0	1.0	0.0	0.0	0.0	0.0
MF801391	0.0	0.0	1.0	0.0	0.0	0.0	0.0	0.0	0.0	0.0
MF801412	0.0	0.0	1.0	0.0	0.0	0.0	0.0	0.0	0.0	0.0
MF801414	0.0	0.0	1.0	0.0	0.0	0.0	0.0	0.0	0.0	0.0
n124	1.2822038236811408e-14	2.663124832943406e-06	0.9999845238980442	3.249216052202875e-06	2.8387969224093167e-06	3.7743012151017137e-06	4.7205712430031813e-07	5.11493582047309e-07	1.9542901758242195e-06	1.2822038236811408e-08
n126	1.6905096134815457e-16	3.511171975035252e-08	0.9999987797137586	4.283898449747157e-08	3.742790213788232e-08	1.0660048961766483e-06	6.223792910327433e-09	6.7437391911889816e-09	2.5766155651279365e-08	1.690509613481546e-10
n129	4.748169486760688e-19	9.861901702112761e-11	0.9999999967683035	1.203227461190235e-10	2.7636664489187665e-09	1.3982123285524235e-10	1.7480896501897828e-11	1.8941280427462804e-11	7.236993689883364e-11	4.748169486760687e-13
MF801396	0.0	0.0	1.0	0.0	0.0	0.0	0.0	0.0	0.0	0.0
MF801418	0.0	0.0	1.0	0.0	0.0	0.0	0.0	0.0	0.0	0.0
KY785442	0.0	0.0	1.0	0.0	0.0	0.0	0.0	0.0	0.0	0.0
KY014319	0.0	0.0	1.0	0.0	0.0	0.0	0.0	0.0	0.0	0.0
n147	5.455328352167874e-15	1.133066376670811e-06	0.9999934154604653	1.3824276705876766e-06	1.2078087000007347e-06	1.6058330161255498e-06	2.0084377900582278e-07	2.1762261105130657e-07	8.314820473650579e-07	5.4553283521678744e-09
n151	2.6868395621697952e-15	5.580539558528549e-07	0.999996757005229	6.808685229179956e-07	5.94865787942031e-07	7.908993555355846e-07	9.891888744590202e-08	1.0718274011187275e-07	4.0951867896395123e-07	2.6868395621697956e-09
KY328289	0.0	0.0	1.0	0.0	0.0	0.0	0.0	0.0	0.0	0.0
KY241713	0.0	0.0	0.0	0.0	0.0	0.0	0.0	0.0	1.0	0.0
KX813683	0.0	0.0	0.0	0.0	0.0	0.0	0.0	0.0	1.0	0.0
KY241759	0.0	0.0	0.0	0.0	0.0	0.0	0.0	0.0	1.0	0.0
KY241692	0.0	0.0	0.0	0.0	0.0	0.0	0.0	0.0	1.0	0.0
KY241693	0.0	0.0	0.0	0.0	0.0	0.0	0.0	0.0	1.0	0.0
KY241775	0.0	0.0	0.0	0.0	0.0	0.0	0.0	0.0	1.0	0.0
n427	1.8150549762308683e-20	3.769851478433885e-12	4.342358410084449e-12	4.599507235494441e-12	4.0185283996702115e-12	5.342804353391947e-12	6.682320054752841e-13	7.24057247575322e-13	0.9999999999765166	1.8150549762308686e-14
KY241774	0.0	0.0	0.0	0.0	0.0	0.0	0.0	0.0	1.0	0.0
n408	1.3070095536505422e-21	2.714646092091694e-13	3.1269046952731256e-13	3.312075930261726e-13	2.8937167627240635e-13	3.8473194611824024e-13	4.8118962050666073e-14	5.21389022571672e-14	0.9999999999983088	1.3070095536505426e-15
KY241677	0.0	0.0	0.0	0.0	0.0	0.0	0.0	0.0	1.0	0.0
n291	7.806537847079345e-18	7.363731496784572e-08	1.080012671156744e-07	1.9782446141860278e-09	1.728366052400963e-09	2.297936475346362e-09	2.8740608464682715e-10	0.9999998108718131	1.1898451665779037e-09	7.806537847079346e-12
KY014303	0.0	1.0	0.0	0.0	0.0	0.0	0.0	0.0	0.0	0.0
n286	2.1138191809035584e-12	0.8919893338707693	0.013531808323039683	0.000535660172524503	0.0004679991802710064	0.018628645725960062	7.782252598213528e-05	0.07444443546146146	0.00032218091869736366	2.113819180903559e-06
KY317937	0.0	0.0	0.0	0.0	0.0	0.0	0.0	1.0	0.0	0.0
n285	2.9802876223980514e-16	6.618174913897659e-08	7.136329323826767e-08	7.552308146357091e-08	6.598351348377466e-08	8.781435037878692e-08	1.0972249330672071e-08	0.9999995764392333	4.542450048902238e-08	2.980287622398052e-10
n194	0.0	1.0	0.0	0.0	0.0	0.0	0.0	0.0	0.0	0.0
KY559026	0.0	0.0	0.0	0.0	0.0	0.0	0.0	1.0	0.0	0.0
KU729217	0.0	0.0	0.0	0.0	0.0	0.0	0.0	1.0	0.0	0.0
KY120352	0.0	0.0	0.0	1.0	0.0	0.0	0.0	0.0	0.0	0.0
KY785426	0.0	0.0	0.0	0.0	0.0	0.0	0.0	1.0	0.0	0.0
MF073358	0.0	0.0	0.0	0.0	0.0	0.0	0.0	1.0	0.0	0.0
n59	0.0	0.0	0.0	0.0	0.0	0.0	0.0	1.0	0.0	0.0
KY559018	0.0	0.0	0.0	0.0	0.0	0.0	0.0	1.0	0.0	0.0
KX056898	0.0	0.0	0.0	1.0	0.0	0.0	0.0	0.0	0.0	0.0
n85	0.0	0.0	0.0	1.0	0.0	0.0	0.0	0.0	0.0	0.0
n80	1.231332137573813e-13	0.98338300490181	2.9458531742681514e-05	3.120302773323516e-05	2.7261671018595135e-05	0.014300755280118083	4.533281660733885e-06	0.0022048926392500895	1.876753332967411e-05	1.231332137573813e-07
KX377337	0.0	1.0	0.0	0.0	0.0	0.0	0.0	0.0	0.0	0.0
KY075933	0.0	0.0	0.0	0.0	0.0	1.0	0.0	0.0	0.0	0.0
n172	1.0535660165476653e-14	2.1882463380573207e-06	0.9999872835388807	2.669827955429193e-06	2.332593234842979e-06	3.101281874935721e-06	3.8788165722684043e-07	4.2028595280596497e-07	1.6058084352066216e-06	1.0535660165476654e-08
KY014306	0.0	0.0	1.0	0.0	0.0	0.0	0.0	0.0	0.0	0.0
MF801410	0.0	0.0	1.0	0.0	0.0	0.0	0.0	0.0	0.0	0.0
n174	8.297716921975424e-15	1.7234277096605181e-06	0.9999899847192336	2.1027136654540716e-06	1.8371130098012532e-06	2.442519850611143e-06	3.054893704185277e-07	3.3101047375220106e-07	1.2647089614684843e-06	8.297716921975424e-09
KY785431	0.0	0.0	1.0	0.0	0.0	0.0	0.0	0.0	0.0	0.0
KU870645	0.0	0.0	0.0	0.0	0.0	1.0	0.0	0.0	0.0	0.0
n109	1.3229490706413044e-16	2.7477523133797824e-08	0.9999998403210433	3.352468053194299e-08	2.9290068242060667e-08	3.894240834666223e-08	4.870579250729294e-09	5.277475753158854e-09	2.0163926546775207e-08	1.3229490706413045e-10
MF434516	0.0	0.0	1.0	0.0	0.0	0.0	0.0	0.0	0.0	0.0
MH063262	0.0	1.0	0.0	0.0	0.0	0.0	0.0	0.0	0.0	0.0
MH063263	0.0	1.0	0.0	0.0	0.0	0.0	0.0	0.0	0.0	0.0
MH063265	0.0	1.0	0.0	0.0	0.0	0.0	0.0	0.0	0.0	0.0
MF159531	0.0	0.0	0.0	0.0	0.0	1.0	0.0	0.0	0.0	0.0
MF801401	0.0	0.0	1.0	0.0	0.0	0.0	0.0	0.0	0.0	0.0
MF801417	0.0	0.0	1.0	0.0	0.0	0.0	0.0	0.0	0.0	0.0
n128	1.9614820688172047e-13	4.07397912123161e-05	0.998431457082135	4.970566228551411e-05	4.342717719449246e-05	0.001389531812869693	7.221407140357661e-06	7.824695816461517e-06	2.9896222943241647e-05	1.9614820688172048e-07
MF801413	0.0	0.0	1.0	0.0	0.0	0.0	0.0	0.0	0.0	0.0
KY631493	0.0	0.0	1.0	0.0	0.0	0.0	0.0	0.0	0.0	0.0
n134	1.844545483112739e-15	3.831102973525923e-07	0.9999977736182424	4.6742387458662284e-07	4.0841152053845095e-07	5.429612753944699e-07	6.790892526739763e-08	7.358215277332869e-08	2.8113916445507367e-07	1.8445454831127393e-09
MF801393	0.0	0.0	1.0	0.0	0.0	0.0	0.0	0.0	0.0	0.0
MF801398	0.0	0.0	1.0	0.0	0.0	0.0	0.0	0.0	0.0	0.0
MF098771	0.0	0.0	0.0	0.0	1.0	0.0	0.0	0.0	0.0	0.0
n133	1.4915385773684256e-17	3.0979110741372515e-09	0.9999999819972224	3.779688532008712e-09	3.302284871636253e-09	4.390499962565326e-09	5.491259646957819e-10	5.950008848902364e-10	2.27335087821328e-09	1.4915385773684258e-11
MF434521	0.0	0.0	1.0	0.0	0.0	0.0	0.0	0.0	0.0	0.0
n148	2.704356195808278e-16	5.6169214357080206e-08	0.9999996735862786	6.853073902920855e-08	5.987439674277586e-08	7.960555600410153e-08	9.956378114767442e-09	1.0788150933402616e-08	4.1218850293428696e-08	2.7043561958082786e-10
KY014312	0.0	0.0	1.0	0.0	0.0	0.0	0.0	0.0	0.0	0.0
KY785452	0.0	0.0	1.0	0.0	0.0	0.0	0.0	0.0	0.0	0.0
n428	0.0	0.0	0.0	0.0	0.0	0.0	0.0	0.0	1.0	0.0
KY241690	0.0	0.0	0.0	0.0	0.0	0.0	0.0	0.0	1.0	0.0
KY241675	0.0	0.0	0.0	0.0	0.0	0.0	0.0	0.0	1.0	0.0
KY241681	0.0	0.0	0.0	0.0	0.0	0.0	0.0	0.0	1.0	0.0
n292	1.5423420010805883e-15	3.9000224144894e-07	2.204697136418311e-05	3.908428828039425e-07	3.414742371174421e-07	4.540045161971883e-07	5.678297913879552e-08	0.999976083301068	2.3507836779173656e-07	1.5423420010805885e-09
n294	5.283010545640349e-22	2.931091474883427e-13	2.3722030724114187e-12	1.3387608390973304e-13	1.1696575691331893e-13	1.5551094740084135e-13	1.9449971367761407e-14	0.999999999996828	8.052179706093435e-14	5.283010545640352e-16
n287	1.835213437522347e-12	0.9295071664695052	0.04545279294791998	0.00046505905303702413	0.00040631591961222716	0.005064138992110106	6.756535597491238e-05	0.018755409239828588	0.0002797168067393332	1.8352134375223467e-06
n289	2.7824034928227266e-12	0.9030601783871807	0.009225942956550423	0.0007050852544355832	0.0006160236247206383	0.03688570367574733	0.00010243717630588563	0.048977762320096305	0.00042408419868779617	2.7824034928227263e-06
KY693678	0.0	0.0	0.0	0.0	0.0	0.0	0.0	1.0	0.0	0.0
KY693679	0.0	0.0	0.0	0.0	0.0	0.0	0.0	1.0	0.0	0.0
KY014302	0.0	1.0	0.0	0.0	0.0	0.0	0.0	0.0	0.0	0.0
KY785476	0.0	1.0	0.0	0.0	0.0	0.0	0.0	0.0	0.0	0.0
n197	4.885732642531283e-15	0.9999327196235129	1.1688682991727344e-06	3.5326586950205284e-05	2.822242874075598e-05	1.438166555496389e-06	1.7987350051040363e-07	1.949004397038242e-07	7.446662635578778e-07	4.885732642531283e-09
n267	1.6028043705369061e-12	0.03384846260536974	0.00038345676187583223	0.0004061645732998947	0.9553810166606854	0.009612055120034558	5.9008966281151036e-05	6.393867602526188e-05	0.00024429383045478667	1.6028043705369066e-06
MH063264	0.0	1.0	0.0	0.0	0.0	0.0	0.0	0.0	0.0	0.0
n258	1.0498025192416303e-15	0.9999926868664032	2.511559626597721e-07	2.660290925798379e-07	6.245343079711412e-06	3.090203626588435e-07	3.86496085227454e-08	4.187846277572199e-08	1.6000722443794804e-07	1.049802519241631e-09
n207	7.143362547716126e-16	0.9999669218320777	1.7089862754334498e-07	1.8101902231197855e-07	4.1659616432390635e-06	2.839590247868936e-05	2.629905729362447e-08	2.849612542024783e-08	1.0887663093433363e-07	7.143362547716127e-10
MF098766	0.0	0.0	0.0	0.0	1.0	0.0	0.0	0.0	0.0	0.0
MH063261	0.0	1.0	0.0	0.0	0.0	0.0	0.0	0.0	0.0	0.0
MF384325	0.0	1.0	0.0	0.0	0.0	0.0	0.0	0.0	0.0	0.0
MF783072	0.0	1.0	0.0	0.0	0.0	0.0	0.0	0.0	0.0	0.0
n253	0.0	1.0	0.0	0.0	0.0	0.0	0.0	0.0	0.0	0.0
KY415990	0.0	1.0	0.0	0.0	0.0	0.0	0.0	0.0	0.0	0.0
KY415986	0.0	1.0	0.0	0.0	0.0	0.0	0.0	0.0	0.0	0.0
KY415987	0.0	1.0	0.0	0.0	0.0	0.0	0.0	0.0	0.0	0.0
n257	0.0	1.0	0.0	0.0	0.0	0.0	0.0	0.0	0.0	0.0
KY559024	0.0	0.0	0.0	0.0	0.0	0.0	0.0	1.0	0.0	0.0
KY559023	0.0	0.0	0.0	0.0	0.0	0.0	0.0	1.0	0.0	0.0
KY379148	0.0	0.0	0.0	1.0	0.0	0.0	0.0	0.0	0.0	0.0
KU955590	0.0	0.0	0.0	1.0	0.0	0.0	0.0	0.0	0.0	0.0
MF167360	0.0	0.0	0.0	1.0	0.0	0.0	0.0	0.0	0.0	0.0
n81	2.2612521799029343e-14	0.9982524032947712	5.4098457343224506e-06	5.730209772675475e-06	5.006408193004669e-06	0.0014964753685394248	8.325043036435809e-07	0.00023067323473928663	3.4465214021576352e-06	2.261252179902935e-08
KY075934	0.0	0.0	0.0	0.0	0.0	1.0	0.0	0.0	0.0	0.0
KY693677	0.0	0.0	1.0	0.0	0.0	0.0	0.0	0.0	0.0	0.0
KY765325	0.0	0.0	1.0	0.0	0.0	0.0	0.0	0.0	0.0	0.0
KY785418	0.0	0.0	1.0	0.0	0.0	0.0	0.0	0.0	0.0	0.0
KY014315	0.0	0.0	1.0	0.0	0.0	0.0	0.0	0.0	0.0	0.0
n111	9.29379044339969e-15	1.930311208317282e-06	0.9999887824661229	2.3551273624975154e-06	2.057643505374176e-06	2.7357245203511294e-06	3.4216088811571416e-07	3.7074559261911174e-07	1.4165270001738628e-06	9.293790443399688e-09
KY785448	0.0	0.0	1.0	0.0	0.0	0.0	0.0	0.0	0.0	0.0
MF434522	0.0	0.0	1.0	0.0	0.0	0.0	0.0	0.0	0.0	0.0
KX827268	0.0	0.0	0.0	0.0	0.0	1.0	0.0	0.0	0.0	0.0
KY606272	0.0	0.0	1.0	0.0	0.0	0.0	0.0	0.0	0.0	0.0
n135	6.082832047463942e-16	1.2633982820077494e-07	0.9999992658065037	1.5414425668090158e-07	1.3467411789651005e-07	1.79054529867936e-07	2.239460022575722e-08	2.426548334583056e-08	9.271239636003244e-08	6.082832047463942e-10
MF801395	0.0	0.0	1.0	0.0	0.0	0.0	0.0	0.0	0.0	0.0
KX856011	0.0	0.0	1.0	0.0	0.0	0.0	0.0	0.0	0.0	0.0
KY648934	0.0	0.0	1.0	0.0	0.0	0.0	0.0	0.0	0.0	0.0
KY765317	0.0	0.0	1.0	0.0	0.0	0.0	0.0	0.0	0.0	0.0
KY765318	0.0	0.0	1.0	0.0	0.0	0.0	0.0	0.0	0.0	0.0
KY241694	0.0	0.0	0.0	0.0	0.0	0.0	0.0	0.0	1.0	0.0
KY241686	0.0	0.0	0.0	0.0	0.0	0.0	0.0	0.0	1.0	0.0
n293	5.573595679249185e-17	1.1625673349955933e-08	2.8698123589705598e-08	1.4123976402997061e-08	1.2339930645986742e-08	1.6406462420981456e-08	2.0519791781664047e-09	0.9999999062030389	8.495079392838978e-09	5.573595679249186e-11
KX198135	0.0	0.0	1.0	0.0	0.0	0.0	0.0	0.0	0.0	0.0
n297	2.7836382025148264e-17	5.7815975916105845e-09	7.483129985657809e-07	7.053981406146203e-09	6.16296989220779e-09	8.193930487741158e-09	1.024826334707945e-09	0.9999992191991356	4.2427238881612835e-09	2.783638202514827e-11
n296	5.668800843454943e-17	1.1774046839275694e-08	1.3562138543319615e-08	1.4365234572779971e-08	1.2550714705514558e-08	1.6686708789293774e-08	2.087029983041158e-09	0.9999999202772506	8.640187770819694e-09	5.668800843454943e-11
KY785469	0.0	0.0	0.0	0.0	0.0	0.0	0.0	1.0	0.0	0.0
KU647676	0.0	1.0	0.0	0.0	0.0	0.0	0.0	0.0	0.0	0.0
n288	1.8628312264845653e-15	4.2841693848988876e-05	0.999954236428148	4.7205764105907216e-07	4.1243049304025845e-07	7.550566936963236e-07	6.858213457097122e-08	9.279619944135271e-07	2.839262134381758e-07	1.8628312264845653e-09
KY075932	0.0	0.0	0.0	0.0	0.0	1.0	0.0	0.0	0.0	0.0
KY785451	0.0	1.0	0.0	0.0	0.0	0.0	0.0	0.0	0.0	0.0
n198	1.3908301563001105e-16	0.9999996571884737	3.327438069534624e-08	1.3019747315288416e-07	1.063927452135829e-07	4.0940541808491464e-08	5.120490766345305e-09	5.548265303272671e-09	2.1198546288014387e-08	1.390830156300111e-10
n201	5.413491013033905e-13	0.9907181536100473	0.00012951298189975218	0.0049314382942855384	0.003936965739867214	0.00015935177573269717	1.993034923809351e-05	2.1595364625321966e-05	8.251053466142046e-05	5.413491013033905e-07
KX269878	0.0	0.0	0.0	0.0	1.0	0.0	0.0	0.0	0.0	0.0
n268	1.7032604874188404e-12	0.019066886707639005	0.0004074899988686058	0.0004316210273742292	0.9618042819561713	0.01789775863481843	6.27073662373701e-05	6.79460466252798e-05	0.00025960500007524444	1.7032604874188408e-06
n259	1.1506928506522267e-13	0.9990934701942003	2.7529308163601215e-05	2.9159558039378297e-05	0.0007894888488939344	3.387184880013084e-05	4.236399455371669e-06	4.590315495445776e-06	1.7538457551660226e-05	1.1506928506522266e-07
n263	3.5981402937615513e-16	0.9999994954572885	8.608232240835349e-08	9.118000574201499e-08	1.385633946105104e-07	1.0591502669271738e-07	1.3246940373534333e-08	1.4353612378733092e-08	5.48415945847635e-08	3.5981402937615505e-10
n208	3.080101806011279e-16	0.9999720524888893	7.368871001926137e-08	7.805245972343701e-08	7.946833497440585e-07	2.6930205955450165e-05	1.1339725979942782e-08	1.2287066039969006e-08	4.694583332893874e-08	3.080101806011279e-10
n223	6.722350860009462e-13	0.9843540923727124	0.0001608262954828953	0.00017035021982834392	0.007742082724876572	0.007417950739655089	2.4749057496984848e-05	2.6816635995464957e-05	0.00010245971819396951	6.722350860009462e-07
KY415988	0.0	1.0	0.0	0.0	0.0	0.0	0.0	0.0	0.0	0.0
KX673530	0.0	0.0	0.0	0.0	1.0	0.0	0.0	0.0	0.0	0.0
KY415991	0.0	1.0	0.0	0.0	0.0	0.0	0.0	0.0	0.0	0.0
KY415989	0.0	1.0	0.0	0.0	0.0	0.0	0.0	0.0	0.0	0.0
KY785464	0.0	1.0	0.0	0.0	0.0	0.0	0.0	0.0	0.0	0.0
KY785462	0.0	1.0	0.0	0.0	0.0	0.0	0.0	0.0	0.0	0.0
KY785414	0.0	0.0	1.0	0.0	0.0	0.0	0.0	0.0	0.0	0.0
KY693676	0.0	0.0	1.0	0.0	0.0	0.0	0.0	0.0	0.0	0.0
n136	3.2508071712542602e-15	6.751894780677733e-07	0.9999960763006173	8.237828220735575e-07	7.197281409011723e-07	9.569091258432438e-07	1.1968196136800439e-07	1.2968039666238113e-07	4.954766473899546e-07	3.2508071712542604e-09
KY120349	0.0	0.0	1.0	0.0	0.0	0.0	0.0	0.0	0.0	0.0
KY317936	0.0	0.0	0.0	0.0	0.0	0.0	0.0	1.0	0.0	0.0
KY317939	0.0	0.0	0.0	0.0	0.0	0.0	0.0	1.0	0.0	0.0
KY785466	0.0	0.0	0.0	0.0	0.0	0.0	0.0	1.0	0.0	0.0
n299	1.908269088791667e-20	3.96345628243931e-12	4.709052794942642e-12	4.83571990717004e-12	4.224904274495492e-12	5.617189852954939e-12	7.025497832786041e-13	0.9999999999730195	2.908516933250074e-12	1.908269088791667e-14
n302	1.8064371384553163e-14	3.7519523134513647e-06	0.9994966585713333	4.57766888474361e-06	3.999448522587523e-06	5.317436845637632e-06	6.650592558368261e-07	0.00048225849021523283	2.753308239864646e-06	1.8064371384553168e-08
KY317940	0.0	0.0	0.0	0.0	0.0	0.0	0.0	1.0	0.0	0.0
KY317938	0.0	0.0	0.0	0.0	0.0	0.0	0.0	1.0	0.0	0.0
KU922960	0.0	0.0	1.0	0.0	0.0	0.0	0.0	0.0	0.0	0.0
KU922923	0.0	0.0	1.0	0.0	0.0	0.0	0.0	0.0	0.0	0.0
KY785423	0.0	1.0	0.0	0.0	0.0	0.0	0.0	0.0	0.0	0.0
n199	7.167889105549652e-17	0.9999998977279915	1.7148540373510523e-08	2.5677332424460524e-08	2.1851647191690004e-08	2.109943203885093e-08	2.6389354453452315e-09	2.8593966158903137e-09	1.0925045614164922e-08	7.167889105549656e-11
LC190723	0.0	0.0	0.0	1.0	0.0	0.0	0.0	0.0	0.0	0.0
n202	1.2016347517444192e-12	0.975873897145029	0.0002874804806696619	0.0022694468549661314	0.020938936359617064	0.0003537137699343451	4.423947541657456e-05	4.793531668917626e-05	0.0001831489617244412	1.2016347517444196e-06
KU853012	0.0	0.0	0.0	0.0	1.0	0.0	0.0	0.0	0.0	0.0
KX922707	0.0	0.0	0.0	0.0	0.0	1.0	0.0	0.0	0.0	0.0
n260	1.0639496070790289e-14	0.9999806967226456	2.5454052823235324e-06	2.6961408772992485e-06	8.481477250352165e-06	3.1318470607958275e-06	3.917044877282151e-07	4.244281490912261e-07	1.6216347403466e-06	1.0639496070790292e-08
n261	0.0	0.0	0.0	0.0	1.0	0.0	0.0	0.0	0.0	0.0
n264	1.2000204331008529e-16	0.999999851093345	2.8709426921985754e-08	3.0409561897955894e-08	2.6848418721220507e-08	3.532385783401753e-08	4.418004253995137e-09	4.787091868861555e-09	1.8290291292880475e-08	1.200020433100853e-10
n266	6.6754947263356234e-15	0.9999917315816301	1.597053039493763e-06	1.6916284463209695e-06	1.478541382781067e-06	1.9650017631407756e-06	2.457655160276281e-07	2.662971866445192e-07	1.017455534096765e-06	6.675494726335625e-09
n221	5.007895351682726e-15	0.9999910118323265	1.1980946462767793e-06	1.2690442552046342e-06	1.182163388430024e-06	4.186426830853354e-06	1.8437105200055635e-07	1.9977372432070227e-07	7.632858759734238e-07	5.007895351682728e-09
KY785424	0.0	1.0	0.0	0.0	0.0	0.0	0.0	0.0	0.0	0.0
n210	6.786019287916977e-14	0.0006850248501990689	1.6234950627816924e-05	1.7196363318864488e-05	1.5024721737225684e-05	0.9992509028328307	2.49834596601328e-06	2.7070620515338243e-06	1.034301300806897e-05	6.786019287916974e-08
n224	6.637886960991067e-13	0.9798541188099814	0.00015880557144393154	0.0001682098311362068	0.003538624682471825	0.016127487177322385	2.4438094570955304e-05	2.6479694695925166e-05	0.00010117234901744064	6.637886960991067e-07
MF098765	0.0	0.0	0.0	0.0	1.0	0.0	0.0	0.0	0.0	0.0
KX446950	0.0	0.0	1.0	0.0	0.0	0.0	0.0	0.0	0.0	0.0
KX446951	0.0	0.0	1.0	0.0	0.0	0.0	0.0	0.0	0.0	0.0
KU820897	0.0	0.0	0.0	0.0	0.0	0.0	0.0	1.0	0.0	0.0
KX247646	0.0	0.0	0.0	0.0	0.0	0.0	0.0	1.0	0.0	0.0
n301	0.0	0.0	0.0	0.0	0.0	0.0	0.0	1.0	0.0	0.0
n303	6.280560079867516e-16	1.304466201440821e-07	0.9999857950671802	1.591548570627637e-07	1.3905148536708767e-07	1.8487486151046294e-07	2.312255723731893e-08	1.3471928283925143e-05	9.572609780183575e-08	6.280560079867516e-10
KX156775	0.0	0.0	1.0	0.0	0.0	0.0	0.0	0.0	0.0	0.0
n200	2.035832845434093e-15	0.9999974746174719	4.870549924749183e-07	5.180876103628023e-07	4.5247654707005556e-07	5.992687126177749e-07	7.495137518875014e-08	8.121294097931225e-08	3.1029451448910337e-07	2.0358328454340934e-09
KY785419	0.0	1.0	0.0	0.0	0.0	0.0	0.0	0.0	0.0	0.0
MF098764	0.0	0.0	0.0	0.0	1.0	0.0	0.0	0.0	0.0	0.0
KY785413	0.0	1.0	0.0	0.0	0.0	0.0	0.0	0.0	0.0	0.0
KY785484	0.0	1.0	0.0	0.0	0.0	0.0	0.0	0.0	0.0	0.0
KY785435	0.0	1.0	0.0	0.0	0.0	0.0	0.0	0.0	0.0	0.0
MF664436	0.0	0.0	0.0	0.0	1.0	0.0	0.0	0.0	0.0	0.0
MF098768	0.0	0.0	0.0	0.0	1.0	0.0	0.0	0.0	0.0	0.0
MF098769	0.0	0.0	0.0	0.0	1.0	0.0	0.0	0.0	0.0	0.0
KY785415	0.0	1.0	0.0	0.0	0.0	0.0	0.0	0.0	0.0	0.0
KY785470	0.0	1.0	0.0	0.0	0.0	0.0	0.0	0.0	0.0	0.0
KY014314	0.0	1.0	0.0	0.0	0.0	0.0	0.0	0.0	0.0	0.0
KY785420	0.0	1.0	0.0	0.0	0.0	0.0	0.0	0.0	0.0	0.0
KY014318	0.0	1.0	0.0	0.0	0.0	0.0	0.0	0.0	0.0	0.0
KY785430	0.0	1.0	0.0	0.0	0.0	0.0	0.0	0.0	0.0	0.0
n222	3.209574294715043e-15	0.9999960131326739	7.678622473677613e-07	8.133340523962771e-07	7.109074823081079e-07	9.56162416209045e-07	1.1816392868347754e-07	1.2803554493681e-07	4.891920767114629e-07	3.2095742947150432e-09
n211	1.1262382774099403e-15	9.237040642475232e-06	2.694425413948464e-07	2.8539857875792077e-07	2.4935548961650584e-07	0.9999896995879208	4.146367314556466e-08	4.492761915943694e-08	1.7165729508281227e-07	1.12623827740994e-09
n220	1.9027136771427056e-16	2.957669709736364e-07	4.552074094791718e-08	4.821642010681964e-08	4.2126232199255273e-08	0.999999524583565	7.005044987467078e-09	7.590258400088439e-09	2.9000495693195446e-08	1.902713677142706e-10
n225	4.957866506876797e-32	1.1744504752200366e-21	1.1861256878796644e-23	1.2563665106359194e-23	1.5006867741557484e-23	1.0	1.8252918628662083e-24	1.9777798600181256e-24	7.556606546079647e-24	4.957866506876797e-26
KY785425	0.0	1.0	0.0	0.0	0.0	0.0	0.0	0.0	0.0	0.0
KX702400	0.0	0.0	0.0	0.0	0.0	0.0	0.0	1.0	0.0	0.0
KX893855	0.0	0.0	0.0	0.0	0.0	0.0	0.0	1.0	0.0	0.0
KX156774	0.0	0.0	1.0	0.0	0.0	0.0	0.0	0.0	0.0	0.0
KX156776	0.0	0.0	1.0	0.0	0.0	0.0	0.0	0.0	0.0	0.0
KY785465	0.0	1.0	0.0	0.0	0.0	0.0	0.0	0.0	0.0	0.0
KY785441	0.0	1.0	0.0	0.0	0.0	0.0	0.0	0.0	0.0	0.0
KY785453	0.0	1.0	0.0	0.0	0.0	0.0	0.0	0.0	0.0	0.0
KY014300	0.0	1.0	0.0	0.0	0.0	0.0	0.0	0.0	0.0	0.0
n212	8.016001777554445e-24	4.845793825091465e-15	1.9177574888832422e-15	2.0313245966885954e-15	1.7747436392613253e-15	0.9999999999999877	2.951177244687113e-16	3.1977236280013957e-16	1.2217709254905371e-15	8.016001777554443e-18
n219	0.0	0.0	0.0	0.0	0.0	1.0	0.0	0.0	0.0	0.0
KY325464	0.0	0.0	0.0	0.0	0.0	1.0	0.0	0.0	0.0	0.0
KY325476	0.0	0.0	0.0	0.0	0.0	1.0	0.0	0.0	0.0	0.0
KY785443	0.0	0.0	0.0	0.0	0.0	1.0	0.0	0.0	0.0	0.0
n227	1.9670952935489873e-19	4.0856377342383857e-11	4.706101414689872e-11	4.984790628421603e-11	4.355145384300883e-11	0.9999999997734155	7.242072830757252e-12	7.847087953903855e-12	2.998177774931392e-11	1.9670952935489878e-13
n238	1.24294170271413e-16	2.5815777907258405e-08	2.973628031495433e-08	3.149722421523088e-08	2.7518706578592697e-08	0.9999998568288982	4.576023523090693e-09	4.958312337363082e-09	1.8944482256828104e-08	1.24294170271413e-10
KY325472	0.0	0.0	0.0	0.0	0.0	1.0	0.0	0.0	0.0	0.0
KX842449	0.0	0.0	0.0	0.0	0.0	1.0	0.0	0.0	0.0	0.0
KY075936	0.0	0.0	0.0	0.0	0.0	1.0	0.0	0.0	0.0	0.0
n244	0.0	0.0	0.0	0.0	0.0	1.0	0.0	0.0	0.0	0.0
n245	6.502696626879973e-16	1.3506037455436493e-07	1.555712623349673e-07	1.6478399044236657e-07	1.439695844575512e-07	0.999999250971919	2.3940376819884604e-08	2.594039675455627e-08	9.911182527745366e-08	6.502696626879973e-10
KX922704	0.0	0.0	0.0	0.0	0.0	1.0	0.0	0.0	0.0	0.0
KX922706	0.0	0.0	0.0	0.0	0.0	1.0	0.0	0.0	0.0	0.0
KX922705	0.0	0.0	0.0	0.0	0.0	1.0	0.0	0.0	0.0	0.0
KY014298	0.0	0.0	0.0	0.0	0.0	1.0	0.0	0.0	0.0	0.0
KY325473	0.0	0.0	0.0	0.0	0.0	1.0	0.0	0.0	0.0	0.0
n216	4.2298488938648856e-17	8.785354955502396e-09	1.0119539164484407e-08	1.0718805131060153e-08	9.364877719355486e-09	0.9999999512775116	1.5572643507880287e-09	1.6873608721820727e-09	6.446987589515072e-09	4.2298488938648846e-11
KX838906	0.0	0.0	0.0	0.0	0.0	1.0	0.0	0.0	0.0	0.0
KY075937	0.0	0.0	0.0	0.0	0.0	1.0	0.0	0.0	0.0	0.0
KY785422	0.0	0.0	0.0	0.0	0.0	1.0	0.0	0.0	0.0	0.0
KY014326	0.0	0.0	0.0	0.0	0.0	1.0	0.0	0.0	0.0	0.0
n229	2.4729308163563287e-18	5.136253180311284e-10	5.916268139856073e-10	6.266621855348884e-10	5.475064307189077e-10	0.9999999971514977	9.104360696814673e-11	9.864954526354836e-11	3.7691545685953055e-10	2.472930816356329e-12
n236	1.3874112251052533e-16	2.881639579325628e-08	3.319258579204079e-08	3.515820761379587e-08	3.0717259163600876e-08	0.999999840187844	5.107903603538446e-09	5.534626587404469e-09	2.1146436135770845e-08	1.3874112251052537e-10
KY325467	0.0	0.0	0.0	0.0	0.0	1.0	0.0	0.0	0.0	0.0
KX832731	0.0	0.0	0.0	0.0	0.0	1.0	0.0	0.0	0.0	0.0
KX838904	0.0	0.0	0.0	0.0	0.0	1.0	0.0	0.0	0.0	0.0
KY014324	0.0	0.0	0.0	0.0	0.0	1.0	0.0	0.0	0.0	0.0
n246	1.2841105803681652e-16	2.6670851479805406e-08	3.072120928105083e-08	3.254047939552375e-08	2.8430184777334844e-08	0.9999998520867667	4.727591172766245e-09	5.122542207148329e-09	1.957196387607648e-08	1.2841105803681654e-10
KY325477	0.0	0.0	0.0	0.0	0.0	1.0	0.0	0.0	0.0	0.0
n217	4.796339986289176e-17	9.961951359743263e-09	1.1474818972336162e-08	1.2154342848964105e-08	1.0619087962504377e-08	0.9999999447522535	1.7658241375338039e-09	1.9133440994275794e-09	7.310413478730041e-09	4.796339986289176e-11
n218	3.868517361998197e-17	8.034872820691205e-09	9.255085449981361e-09	9.803159590292944e-09	8.564890368273715e-09	0.9999999554395924	1.4242362621941867e-09	1.5432193900497472e-09	5.89625871950182e-09	3.8685173619981966e-11
n230	1.3103812098360785e-18	2.7216489890960636e-10	3.134971084327401e-10	3.320620000399578e-10	2.901181603355854e-10	0.999999998490607	4.824309319843509e-11	5.2273403532855234e-11	1.9972371612612983e-10	1.3103812098360788e-12
n234	1.8673480634502802e-17	3.878463710431035e-09	4.467464993659143e-09	4.732022468466332e-09	4.134305199188437e-09	0.9999999784905215	6.874842678049274e-10	7.449178767546815e-10	2.846146539142426e-09	1.86734806345028e-11
KY785412	0.0	0.0	0.0	0.0	0.0	1.0	0.0	0.0	0.0	0.0
KY075935	0.0	0.0	0.0	0.0	0.0	1.0	0.0	0.0	0.0	0.0
KY785472	0.0	0.0	0.0	0.0	0.0	1.0	0.0	0.0	0.0	0.0
KY075938	0.0	0.0	0.0	0.0	0.0	1.0	0.0	0.0	0.0	0.0
KY014299	0.0	0.0	0.0	0.0	0.0	1.0	0.0	0.0	0.0	0.0
KX922708	0.0	0.0	0.0	0.0	0.0	1.0	0.0	0.0	0.0	0.0
KY785459	0.0	0.0	0.0	0.0	0.0	1.0	0.0	0.0	0.0	0.0
MF988743	0.0	0.0	0.0	0.0	0.0	1.0	0.0	0.0	0.0	0.0
n231	1.0244387688749777e-16	2.127749328798894e-08	2.4508790983722728e-08	2.5960169755002162e-08	2.268105561736798e-08	0.9999998819976619	3.771581478118728e-09	4.0866658311440555e-09	1.5614137041005256e-08	1.0244387688749778e-10
n233	1.2974718187252403e-17	2.6948363096994676e-09	3.1040865084917827e-09	3.287906480094298e-09	2.8726002350332912e-09	0.9999999850547723	4.776782008415323e-10	5.175842529153511e-10	1.977561119310843e-09	1.2974718187252405e-11
KX838905	0.0	0.0	0.0	0.0	0.0	1.0	0.0	0.0	0.0	0.0
n235	9.857512287062438e-17	2.0473956852938723e-08	2.3583225821139943e-08	2.4979793825568394e-08	2.1824514185194502e-08	0.9999998864539756	3.629149139195622e-09	3.932334451561259e-09	1.502447509894757e-08	9.85751228706244e-11
n232	0.0	0.0	0.0	0.0	0.0	1.0	0.0	0.0	0.0	0.0
KY325468	0.0	0.0	0.0	0.0	0.0	1.0	0.0	0.0	0.0	0.0
KX922703	0.0	0.0	0.0	0.0	0.0	1.0	0.0	0.0	0.0	0.0
KY785445	0.0	0.0	0.0	0.0	0.0	1.0	0.0	0.0	0.0	0.0
KY785474	0.0	0.0	0.0	0.0	0.0	1.0	0.0	0.0	0.0	0.0
KY325469	0.0	0.0	0.0	0.0	0.0	1.0	0.0	0.0	0.0	0.0
KY785468	0.0	0.0	0.0	0.0	0.0	1.0	0.0	0.0	0.0	0.0
KY075939	0.0	0.0	0.0	0.0	0.0	1.0	0.0	0.0	0.0	0.0
