node	Africa	Caribbean	Central America	Eastern Asia	Europe	Northern America	Oceania	South America	South-eastern Asia	Southern Asia
root	1.16674333700955e-08	0.10640144364020761	0.06422982736231193	0.14026933513744336	0.116611612158214	0.1448790717769633	0.012214595137433695	0.0760065245517247	0.327720143472076	0.011667435096192023
n0	8.323646070163993e-15	7.590769367370645e-08	4.582210441260427e-08	9.996428304128996e-08	8.319171462028763e-08	1.0335795979242162e-07	8.713995347108405e-09	5.4223700219563195e-08	0.9999995204948943	8.32364635089676e-09
n1	2.231602694681899e-09	0.020351155289570596	0.012285088868651086	0.044611433286097825	0.022304030344022514	0.027710787121458785	0.0023363544630882983	0.014537590198524216	0.853631794248196	0.002231763948787824
HQ234499	0.0	0.0	0.0	0.0	0.0	0.0	0.0	0.0	1.0	0.0
KX377336	0.0	0.0	0.0	0.0	0.0	0.0	0.0	0.0	1.0	0.0
n2	1.0101115899659597e-10	0.0009211737320528091	0.000556071682453096	0.0016709753270188839	0.001009568576303455	0.001254481868113386	0.00010592018413562725	0.0006580287962861628	0.9937224845033139	0.00010129522931146582
n465	2.7904569892008243e-09	0.02544764068058652	0.015361610818169058	0.09988862403861788	0.027889569012057757	0.03465022836771171	0.0029213521628850235	0.018178200031879692	0.7728722609875226	0.0027905111101127066
n3	3.36842828477671e-11	0.0003071846402974716	0.00018543372852513292	0.00045323572195533223	0.00033666174921890695	0.0004182907922459372	3.5282276976349224e-05	0.00021943345979057383	0.9980107630477344	3.371454957176302e-05
n5	2.825691046401848e-12	2.5768958525957674e-05	1.5555576135090942e-05	3.830445660682405e-05	2.8241720173564883e-05	3.5875560450853225e-05	3.6830578009474544e-06	1.8407729367836755e-05	0.9998301398553522	4.023082761038226e-06
KU681082	0.0	0.0	0.0	0.0	0.0	0.0	0.0	0.0	1.0	0.0
n466	2.476961703959711e-12	2.25887127685105e-05	1.3635802972413974e-05	0.9998276869936301	2.4756301441002735e-05	3.0757401631431126e-05	2.5931242431007175e-06	1.6135961063058943e-05	5.936873487975757e-05	2.476964893850671e-06
n4	2.3167199972758293e-13	2.1127384609891145e-06	1.2753664045190455e-06	2.7879417235880533e-06	2.315474579815803e-06	2.8767642275577022e-06	2.4253902365495357e-07	1.5092079788836676e-06	0.9999866482913402	2.3167602902359907e-07
MG645981	0.0	0.0	0.0	0.0	0.0	0.0	0.0	0.0	1.0	0.0
n6	4.017791635970474e-12	3.664034897413867e-05	2.211815186513571e-05	9.285849149042973e-05	4.015631759999244e-05	8.524473281287947e-05	4.229179227301158e-06	2.617356953636549e-05	0.9996885234723969	4.055732079048451e-06
n11	9.8947480962924e-13	9.023539698115203e-06	5.447110275747163e-06	1.3750478801746705e-05	9.889428898436738e-06	1.2326132854168014e-05	6.106449848644967e-06	6.4458513733226654e-06	0.9999276453932792	9.365613981003308e-06
KY120353	0.0	0.0	0.0	1.0	0.0	0.0	0.0	0.0	0.0	0.0
KY553111	0.0	0.0	0.0	1.0	0.0	0.0	0.0	0.0	0.0	0.0
KU955593	0.0	0.0	0.0	0.0	0.0	0.0	0.0	0.0	1.0	0.0
J860885	2.5749127295060457e-12	2.348197953880821e-05	1.4175028461108667e-05	3.092076698870031e-05	2.573528513340458e-05	3.197369827001108e-05	2.695669327740236e-06	1.6774054874431034e-05	0.9998516685980726	2.574916758201773e-06
n7	1.6048040728252498e-11	0.00014635049945598602	8.834529864305295e-05	0.0008218527315258334	0.0001603941365629487	0.00020924655080320812	1.680711428086315e-05	0.00010454362694243681	0.9984364012837951	1.6058741942585912e-05
n9	2.936974998704534e-11	0.0002678381524751758	0.00016168200078838286	0.00035818591546618773	0.00029353961458663196	0.0024334555291920714	3.074995497585109e-05	0.00019132679421936193	0.9962338475192843	2.9374489642182824e-05
KU179098	0.0	0.0	0.0	0.0	0.0	0.0	0.0	0.0	1.0	0.0
n12	1.0685515074024492e-12	9.744681575208353e-06	5.882431608661135e-06	1.672825199226373e-05	1.0679770777321302e-05	1.328708604012836e-05	1.2813942891961234e-05	6.960989945844865e-06	0.9999035147188029	2.0388125297121483e-05
n8	1.7457039107889617e-10	0.0015919989459925355	0.0009610190798524357	0.01311080345052674	0.0017447654589548651	0.0021739035094020744	0.0001827611399164611	0.0011372242972949329	0.9789229469043715	0.00017457703911813026
KX051561	0.0	0.0	0.0	0.0	0.0	0.0	0.0	0.0	1.0	0.0
n10	4.374297853199108e-12	3.989151613118116e-05	2.408073712787877e-05	5.2574118388222276e-05	4.3719463273659756e-05	0.03043895865616551	4.579465807954611e-06	2.849599964529416e-05	0.9693633256931699	4.374345916192842e-06
KY272987	0.0	0.0	0.0	0.0	0.0	0.0	0.0	0.0	1.0	0.0
n13	1.0815532518859366e-11	9.863251301642792e-05	5.95400688808152e-05	0.00020025151565486771	0.00010809718327651837	0.0001343107172436617	0.00022921503378024816	7.045688729263192e-05	0.9987287416433662	0.00037075442667293125
KX051560	0.0	0.0	0.0	0.0	0.0	0.0	0.0	0.0	1.0	0.0
KY328290	0.0	0.0	0.0	1.0	0.0	0.0	0.0	0.0	0.0	0.0
KX051562	0.0	0.0	0.0	0.0	0.0	0.0	0.0	0.0	1.0	0.0
KF993678	0.0	0.0	0.0	0.0	0.0	1.0	0.0	0.0	0.0	0.0
KX694532	0.0	0.0	0.0	0.0	0.0	0.0	0.0	0.0	1.0	0.0
n14	8.466042814478213e-12	7.72062842620647e-05	4.660600589411605e-05	0.00022567951809307753	8.461491657000883e-05	0.0001051306091877553	0.0003930408142053615	5.515133197270856e-05	0.9988443065952105	0.00016826391613830716
n462	2.864667004199009e-12	2.612440072522551e-05	1.577014080935845e-05	3.439975650631846e-05	2.863127022540291e-05	3.557168841352235e-05	3.0197882504805686e-06	1.866163500408205e-05	0.00011234909642391732	0.999725472220777
KU681081	0.0	0.0	0.0	0.0	0.0	0.0	0.0	0.0	1.0	0.0
n15	4.5370958323085016e-11	0.00041376156278632244	0.0002497694846772069	0.002360640372376722	0.00045346567898804077	0.0005633905145532956	0.005674159715124274	0.00029556533547321265	0.9898854040645538	0.00010384322609604713
MK238035	0.0	0.0	0.0	0.0	0.0	0.0	0.0	0.0	0.0	1.0
n463	1.2801846474552638e-14	1.1674675165867724e-07	7.047483048729912e-08	1.537198400476042e-07	1.2794964484869497e-07	1.5896552366744488e-07	1.3468866604853426e-08	8.33965643951679e-08	3.820024311216608e-07	0.9999988932755344
n16	1.2345853780856072e-09	0.01125883151491507	0.006796456699870067	0.08721529435316254	0.012339216922765458	0.015330329125821024	0.25636999072945904	0.008042603792401466	0.6013775931111104	0.001269682515909838
n344	5.584825350558754e-12	5.093095121511026e-05	3.0744753943438716e-05	0.0004502565863409837	5.581823071901446e-05	6.934904079475252e-05	0.00030362512523385087	3.638188037437622e-05	0.9989942140870568	8.679338736922322e-06
n464	6.315635594369088e-16	5.759559308636971e-09	3.4767902334828456e-09	7.582525987853829e-09	6.3122404482790824e-09	7.842371038335053e-09	6.612025656957115e-10	4.114268293946395e-09	3.869156933948237e-09	0.9999999603818845
MK238036	0.0	0.0	0.0	0.0	0.0	0.0	0.0	0.0	0.0	1.0
LC219720	0.0	0.0	0.0	1.0	0.0	0.0	0.0	0.0	0.0	0.0
n17	2.7571396104239522e-12	2.5143802031877286e-05	1.5178196915631844e-05	7.436385287058062e-05	2.755657433115262e-05	3.423647842937945e-05	0.9994477483550491	1.7961163205267778e-05	0.0003550344305318165	2.7771438780003293e-06
n345	7.004902277154721e-13	6.3881377438004556e-06	3.856235126267799e-06	4.139293888071817e-05	7.001136596532115e-06	8.698260601601974e-06	1.5679119065507534e-06	4.563285343255101e-06	0.9999258229300082	7.091630926104749e-07
n460	1.9123556106310783e-11	0.0001743977370773982	0.00010527617071378007	0.001608865527630055	0.00019113275705269402	0.0002374646873480001	0.0001328692424060767	0.0001245788161468813	0.9974051187609109	2.0296281590548293e-05
MK238038	0.0	0.0	0.0	0.0	0.0	0.0	0.0	0.0	0.0	1.0
MK238037	0.0	0.0	0.0	0.0	0.0	0.0	0.0	0.0	0.0	1.0
KX447517	0.0	0.0	0.0	0.0	0.0	0.0	1.0	0.0	0.0	0.0
n18	6.200230988957334e-16	5.654317131077603e-09	3.413259398276869e-09	1.415087057653713e-08	6.196897881832421e-09	7.699069950425859e-09	0.999999900262605	4.048165453375426e-09	5.7951585586192644e-08	6.232283540545001e-10
n346	4.759599648995336e-13	4.340528527041282e-06	2.6201843547891515e-06	5.972090298223544e-06	4.757040993433783e-06	5.910180518010009e-06	5.048024065784429e-07	3.1006016156472645e-06	0.9999723185430727	4.7602773767240245e-07
n458	1.5431025830679261e-12	1.4072361702462142e-05	8.494859954960193e-06	0.000177255783444338	1.5422730452291612e-05	1.916130670606543e-05	1.952231672243695e-06	1.0052413469651342e-05	0.9997520417088291	1.5466022257956152e-06
MG807647	0.0	0.0	0.0	0.0	0.0	0.0	0.0	0.0	1.0	0.0
n461	1.5376263677258567e-10	0.0014022421222872668	0.0008464713104760773	0.03988771744462232	0.0015367997737794092	0.0019093306388699466	0.00018924565039684074	0.0010016739120148012	0.9530724625533415	0.00015405644044925995
n19	9.178076840964958e-18	8.369969611800418e-11	5.0525790232866566e-11	6.515676530883263e-09	9.173142909734324e-11	1.1396775988503073e-10	0.9999999930142036	5.979088810110337e-11	6.122588327322163e-11	9.178454580754188e-12
n32	2.443233679391241e-21	4.827287042451341e-13	1.3495352436158396e-14	4.522275986123337e-13	2.441927525416775e-14	4.524668540908489e-13	0.9999999968662817	3.1322752765861598e-09	1.521635352414719e-14	2.443270279458094e-15
n347	9.841998532504325e-15	8.975434604557706e-08	5.418071366605164e-08	1.1838606497553954e-07	9.836707691648138e-08	1.2221193431585748e-07	1.0309209257347666e-08	6.411488108568524e-08	0.9999994328337066	9.842057313200203e-09
MG807646	0.0	0.0	0.0	0.0	0.0	0.0	0.0	0.0	1.0	0.0
n459	4.8695061478679665e-11	0.00044407580271767764	0.00026806884538884323	0.014118251829937463	0.0004866888409002074	0.000604665570265169	5.110021134151731e-05	0.00031721992904740486	0.983661232597326	4.869632438079121e-05
MH013290	0.0	0.0	0.0	0.0	0.0	0.0	0.0	0.0	1.0	0.0
KY126351	0.0	0.0	0.0	1.0	0.0	0.0	0.0	0.0	0.0	0.0
KY241691	0.0	0.0	0.0	0.0	0.0	0.0	0.0	0.0	1.0	0.0
n20	3.6829421039595014e-16	3.358668048698891e-09	2.0274787780577006e-09	4.4340585174009575e-09	3.680962235694916e-09	4.573252851092137e-09	0.999999976957741	2.399222012315347e-09	2.2003219991194538e-09	3.682942111235023e-10
n24	5.3893432086100115e-12	4.91482470462105e-05	2.9668614587720235e-05	0.028806012849971547	5.3864460168311304e-05	6.692157655096064e-05	0.9709216887806499	3.5108428213047185e-05	3.219769421407824e-05	5.389343208659093e-06
KX447516	0.0	0.0	0.0	0.0	0.0	0.0	1.0	0.0	0.0	0.0
KX447513	0.0	0.0	0.0	0.0	0.0	0.0	1.0	0.0	0.0	0.0
n34	5.27447885345348e-16	4.810074217883596e-09	2.9036280340432273e-09	6.3325121718214956e-09	5.271643410212939e-09	6.549526419445634e-09	0.999999967015676	3.438345620442121e-09	3.1511456281783444e-09	5.274478853453753e-10
KX447511	0.0	0.0	0.0	0.0	0.0	0.0	1.0	0.0	0.0	0.0
KX447510	0.0	0.0	0.0	0.0	0.0	0.0	1.0	0.0	0.0	0.0
n38	1.4187273407030072e-17	1.29381186703009e-10	4.184956589843441e-07	1.7033166632927518e-10	8.148363996478171e-10	1.7616890742251752e-10	6.276293013366137e-07	0.9999989503476364	2.222497936685262e-09	1.41872734070301e-11
KX051563	0.0	0.0	0.0	0.0	0.0	1.0	0.0	0.0	0.0	0.0
KU744693	0.0	0.0	0.0	1.0	0.0	0.0	0.0	0.0	0.0	0.0
n340	5.264676916216739e-10	0.3500770370582117	0.0028982320165946113	0.006320743702506742	0.0052618467422809335	0.006537354657768765	0.2879074009807459	0.3373256269929562	0.0031452896308456174	0.0005264676916216741
n348	3.7285385494091076e-19	3.4002498385130903e-12	2.0525798583610144e-12	4.4765250675885135e-12	3.726534169503347e-12	4.629871735741026e-12	3.903409074998429e-13	2.4289254355124357e-12	0.9999999999785222	3.7285387100524194e-13
n351	1.2085244197006785e-15	1.1021167968285026e-08	6.6529897688952835e-09	1.4509743377152351e-08	1.2078747436867738e-08	1.5006719063188727e-08	1.2652065066069349e-09	7.872831844300184e-09	0.9999999303840683	1.2085244886197896e-09
MG548660	0.0	0.0	0.0	0.0	0.0	0.0	0.0	0.0	1.0	0.0
LC369584	0.0	0.0	0.0	1.0	0.0	0.0	0.0	0.0	0.0	0.0
n21	2.3062309573913794e-17	2.103172955443005e-10	1.269592133523838e-10	2.7688564033689456e-10	2.3049911786073378e-10	2.8637369264717515e-10	0.9999999985578835	1.5023749810677274e-10	1.377817570113051e-10	2.3062309573958145e-11
KX447515	0.0	0.0	0.0	0.0	0.0	0.0	1.0	0.0	0.0	0.0
n25	3.534648440822648e-12	3.2234312803370246e-05	1.9458423454330417e-05	0.9988111633581108	3.532748291953371e-05	4.389110825885861e-05	0.0010102473469462702	2.3026173364545612e-05	2.1117142166524444e-05	3.534648440822699e-06
LC191864	0.0	0.0	0.0	1.0	0.0	0.0	0.0	0.0	0.0	0.0
KX806557	0.0	0.0	0.0	0.0	0.0	0.0	1.0	0.0	0.0	0.0
KX369547	0.0	0.0	0.0	0.0	0.0	0.0	1.0	0.0	0.0	0.0
KX447512	0.0	0.0	0.0	0.0	0.0	0.0	1.0	0.0	0.0	0.0
n191	1.3622647039979832e-16	1.2423206348225066e-09	7.996264549903377e-10	1.6355279129465896e-09	1.361612314896955e-09	1.691577213446519e-09	2.171525691593976e-10	0.999999992101841	8.141152321612657e-10	1.3622647039979836e-10
KU729218	0.0	0.0	0.0	0.0	0.0	0.0	0.0	1.0	0.0	0.0
n41	4.998597131621503e-12	4.558482865164851e-05	2.7580748936944993e-05	6.00128969797484e-05	0.0016196047951375526	6.206953011580362e-05	5.327829319621094e-06	0.9981449571968458	2.9863571882611557e-05	4.998597131621503e-06
n50	1.2096362524439648e-12	1.1031307354148458e-05	7.048749961341604e-06	1.4522829883940052e-05	1.2090486536702385e-05	1.5020525123992913e-05	1.8508120218049314e-06	0.9997342689019546	0.00020295674970144357	1.2096362524439652e-06
n63	5.312178051760781e-14	4.84445375134131e-07	0.003626400497225416	6.377773318671309e-07	5.312230270439957e-07	6.596338670273558e-07	3.2677933903121825e-07	0.9963705882315363	3.1829046450879243e-07	5.312178051760783e-08
n341	5.426633009489474e-13	0.00012381158489426807	2.987389688048244e-06	6.515187345010954e-06	5.423715771537923e-06	6.7384618552514495e-06	9.949176786511015e-05	0.9997512471812562	3.242047481123809e-06	5.426633009489474e-07
KU509998	0.0	1.0	0.0	0.0	0.0	0.0	0.0	0.0	0.0	0.0
KY241730	0.0	0.0	0.0	0.0	0.0	0.0	0.0	0.0	1.0	0.0
KY241787	0.0	0.0	0.0	0.0	0.0	0.0	0.0	0.0	1.0	0.0
KY241673	0.0	0.0	0.0	0.0	0.0	0.0	0.0	0.0	1.0	0.0
KY241766	0.0	0.0	0.0	0.0	0.0	0.0	0.0	0.0	1.0	0.0
n352	3.852237217707014e-39	3.513057141248607e-32	2.1206766184426819e-32	4.62497654591968e-32	3.8501663401315035e-32	4.783473196611085e-32	4.032893458439153e-33	2.5095079044305627e-32	1.0	3.852237219268046e-33
n370	3.7266083417255514e-16	3.398489580900802e-09	2.0515172689949077e-09	4.4741466473201644e-09	3.7246049994567744e-09	4.627474921578735e-09	3.901372906769291e-10	2.4276680177665052e-09	0.9999999785333001	3.726608341908703e-10
KX447509	0.0	0.0	0.0	0.0	0.0	0.0	1.0	0.0	0.0	0.0
n22	4.201367725205183e-17	3.8314475604461705e-10	2.3128747781596223e-10	5.044140387471488e-10	4.199109162786283e-10	5.217002164417168e-10	0.9999999973728309	2.736946070547998e-10	2.510034053869455e-10	4.201367725205279e-11
n26	1.7153394242890803e-20	1.5643079783521132e-13	9.443032721510486e-14	0.9999999999961174	1.7144172957317269e-13	2.1300038641081318e-13	3.0157666906748653e-12	1.1174436050428683e-13	1.0247996962763178e-13	1.7153394242890954e-14
KU761561	0.0	0.0	0.0	1.0	0.0	0.0	0.0	0.0	0.0	0.0
n192	2.1447555263379759e-16	1.9559151812216424e-09	1.1863931578382047e-09	2.5749823221219343e-09	2.143611737662292e-09	2.6632265859338634e-09	2.330746570876635e-10	0.9999999877469448	1.2813759672974752e-09	2.1447555263379758e-10
n290	3.2127466347834255e-15	2.929872141954019e-08	1.7686462912619898e-08	3.857206887020059e-08	3.2110195534210544e-08	3.9893927986440515e-08	3.3636013672855104e-09	0.9999998166682758	1.919399647057197e-08	3.2127466347834244e-09
n42	1.616157486378607e-12	1.4738587677848928e-05	8.897063095898999e-06	1.940350265868007e-05	0.9994065481196096	2.00684578355122e-05	1.6919976167565712e-06	0.0005173806605094726	9.655451893738807e-06	1.6161574863786077e-06
n43	6.725806886218383e-14	6.133616020238977e-07	3.70888184366556e-07	8.074968739026387e-07	1.629169653205452e-05	8.351696727793469e-07	7.135574006352923e-08	0.999980540948414	4.0182484484529884e-07	6.725806886218383e-08
n51	1.5176580120047084e-14	1.3840319315070316e-07	8.378310659429244e-08	1.8220923096353444e-07	1.5168459365892006e-07	1.8845351445848388e-07	1.6241166406788138e-08	0.9999990152072503	2.088413491291444e-07	1.517658012004709e-08
KY241788	0.0	0.0	0.0	0.0	0.0	0.0	0.0	0.0	1.0	0.0
n64	7.704441882304034e-17	7.026085309638301e-10	9.643128394728085e-08	9.249923745276852e-10	7.700377136814473e-10	9.566905970931154e-10	8.78370983296214e-11	0.9999998995891922	4.6031293096100314e-10	7.704441882304038e-11
n94	9.85877569881139e-41	2.2870088377807616e-32	1.0	8.389300967219739e-33	9.853495409248587e-34	7.741570004701864e-33	1.0503601749730705e-34	2.2265942998935867e-26	4.1653553561345636e-33	9.85877569881139e-35
MF352141	0.0	0.0	0.0	0.0	0.0	0.0	0.0	1.0	0.0	0.0
n342	1.0783136582071698e-17	1.911335808101762e-09	5.936172756433982e-11	1.294617765308267e-10	1.0777339806203683e-10	1.338984125351566e-10	1.5201589861118263e-09	0.9999999960628047	6.442197350251313e-11	1.0783136582071697e-11
KY241707	0.0	0.0	0.0	0.0	0.0	0.0	0.0	0.0	1.0	0.0
KY241782	0.0	0.0	0.0	0.0	0.0	0.0	0.0	0.0	1.0	0.0
n368	6.0941752037300135e-18	5.557597964392079e-11	3.3548751369304536e-11	7.316635028743489e-11	6.090899109850689e-11	7.567375033006475e-11	6.379970134055822e-12	3.969999763890023e-11	0.999999999648952	6.094175203730013e-12
KY241734	0.0	0.0	0.0	0.0	0.0	0.0	0.0	0.0	1.0	0.0
n357	2.034449681586635e-18	1.8553213570433e-11	1.1199751280392395e-11	2.4425496981777077e-11	2.0333560064088095e-11	2.526255516402566e-11	2.129858065094307e-12	1.3253253287830637e-11	0.9999999998828079	2.034449681586635e-12
KY241688	0.0	0.0	0.0	0.0	0.0	0.0	0.0	0.0	1.0	0.0
n361	6.631774255117749e-21	6.047862732596134e-14	3.6508262100197563e-14	7.96207365157719e-14	6.62820915987189e-14	8.234932742333493e-14	6.942780650210856e-15	4.3202141958234057e-14	0.999999999999618	6.63177425511775e-15
KY241749	0.0	0.0	0.0	0.0	0.0	0.0	0.0	0.0	1.0	0.0
KY241697	0.0	0.0	0.0	0.0	0.0	0.0	0.0	0.0	1.0	0.0
KY241706	0.0	0.0	0.0	0.0	0.0	0.0	0.0	0.0	1.0	0.0
KY241671	0.0	0.0	0.0	0.0	0.0	0.0	0.0	0.0	1.0	0.0
n371	2.697043998687152e-36	2.4595758631628022e-29	1.484736744828887e-29	3.2380569875662205e-29	2.6955941274509335e-29	3.3490247221795005e-29	2.8235256763058834e-30	1.7569668872393904e-29	1.0	2.6970439986901875e-30
KY241708	0.0	0.0	0.0	0.0	0.0	0.0	0.0	0.0	1.0	0.0
KX447514	0.0	0.0	0.0	0.0	0.0	0.0	1.0	0.0	0.0	0.0
KJ776791	0.0	0.0	0.0	0.0	0.0	0.0	1.0	0.0	0.0	0.0
n30	1.7989202124982886e-15	1.6405296823374978e-08	9.903149306469346e-09	0.9999999072256632	1.7979531527567254e-08	2.2337893886113066e-08	1.883291367880756e-09	1.1718916145541769e-08	1.0747335840610589e-08	1.7989202124982882e-09
KU963796	0.0	0.0	0.0	1.0	0.0	0.0	0.0	0.0	0.0	0.0
KU820899	0.0	0.0	0.0	1.0	0.0	0.0	0.0	0.0	0.0	0.0
MF099651	0.0	0.0	0.0	1.0	0.0	0.0	0.0	0.0	0.0	0.0
MF036115	0.0	0.0	0.0	1.0	0.0	0.0	0.0	0.0	0.0	0.0
n193	3.194723765517604e-13	2.913436142332086e-06	1.7587134858851294e-06	3.835568723990748e-06	3.1930063549652323e-06	3.967013098956089e-06	3.3445664613240163e-07	0.9999817697007113	1.908632140544886e-06	3.1947237655176047e-07
n194	1.8843608744288844e-16	1.7199683893111375e-09	1.0373509184717277e-09	2.2623635527116775e-09	1.8836239244021405e-09	2.339884390852365e-09	1.9727375194022517e-10	0.9999999892453202	1.1257786234149216e-09	1.8843608744288847e-10
n291	1.2182050449794932e-25	1.1109480298237236e-18	6.706284282200327e-19	1.4625706361106247e-18	1.6081344501844802e-18	1.5126927249276e-18	1.275337627460725e-19	1.0	7.277954113475708e-19	1.2182050449794933e-19
n328	3.958497395627976e-14	3.6099613700846983e-07	2.1791734016444588e-07	4.752551368774966e-07	3.9563693949340874e-07	4.915420603851646e-07	4.144136748051268e-08	0.999997741132465	2.364935400673813e-07	3.9584973956279784e-08
KY003154	0.0	0.0	0.0	0.0	1.0	0.0	0.0	0.0	0.0	0.0
KY003153	0.0	0.0	0.0	0.0	1.0	0.0	0.0	0.0	0.0	0.0
KX101060	0.0	0.0	0.0	0.0	0.0	0.0	0.0	1.0	0.0	0.0
n44	1.1851255712009625e-18	1.0807781597785625e-11	6.52488243883657e-12	1.4228555920744335e-11	2.9339873323653624e-11	1.471616643544241e-11	1.2417605055614138e-12	0.9999999999148755	7.080330141328606e-12	1.1851255712009627e-12
n52	6.733534901092298e-21	6.140663602281868e-14	3.708029894805605e-14	8.084246953458837e-14	6.729917005951247e-14	8.361292905267289e-14	7.067071969597464e-15	0.9999999999996099	4.61755907770629e-14	6.7335349010923e-15
n62	2.583395430158891e-13	2.3559337734634204e-06	1.4221781192159054e-06	3.1016111065903315e-06	2.5820066627315737e-06	3.207902862162857e-06	2.704629930552762e-07	0.9999852553960281	1.5461686533129933e-06	2.5833954301588923e-07
MH513600	0.0	0.0	0.0	0.0	0.0	0.0	0.0	1.0	0.0	0.0
n93	8.724905454228184e-13	7.956698842899651e-06	4.806290259132354e-06	1.0475076074286426e-05	8.72021513817319e-06	1.0834055387717967e-05	9.134074566628122e-07	0.9999502092224511	5.212542972016118e-06	8.724905454228187e-07
KY441401	0.0	0.0	0.0	0.0	0.0	0.0	0.0	1.0	0.0	0.0
n67	3.117745609931304e-14	2.843280980045873e-07	1.722465085847384e-07	3.743841498951945e-07	3.1160695792999675e-07	3.8714263320016874e-07	3.26396126596273e-08	0.9999982202102651	1.862642874920783e-07	3.117745609931304e-08
n95	7.667827952088124e-13	6.992694432505124e-06	0.0006236195314858038	9.205954327385943e-06	7.663705897276478e-06	9.521441025605195e-06	8.027421544667482e-07	0.9993368461367069	4.581010408163992e-06	7.667827952088123e-07
KY785410	0.0	0.0	0.0	0.0	0.0	0.0	0.0	1.0	0.0	0.0
n189	2.2050683680204907e-13	2.010917484937961e-06	0.9999871944784845	2.6473936050210943e-06	2.203882972008321e-06	2.7381193937478814e-06	2.3084781551589277e-07	1.4364734533796538e-06	1.3173797335742523e-06	2.205068368020491e-07
n180	1.9347094882119944e-14	1.76436304404178e-07	0.9999988764537038	2.3228021411708327e-07	1.9336694311573953e-07	2.4024042282629465e-07	2.0254404148590983e-08	1.2603504091408928e-07	1.1558585244285775e-07	1.9347094882119945e-08
n104	1.1144081088264904e-15	1.0162871972117514e-08	0.9999999352321146	1.3379525748398414e-08	1.1138090276608951e-08	1.3888761767026675e-08	1.1666698468253666e-09	7.259718962806338e-09	6.657837365907857e-09	1.114408108826491e-09
n159	4.681101389660146e-13	4.268941847678576e-06	0.99984474347914	7.666064603408882e-05	4.678584933027626e-06	6.284406745218549e-05	4.900628233044486e-07	3.0494645773100673e-06	2.7966425853183525e-06	4.681101389660147e-07
n142	1.1384300323724943e-15	1.0381940490722528e-08	0.9999999338878082	1.3667931712124099e-08	1.1378180375517987e-08	1.413632971780578e-08	1.1918183123129145e-09	7.416207786343029e-09	6.801352168895053e-09	1.1384300323724945e-09
MF801378	0.0	0.0	1.0	0.0	0.0	0.0	0.0	0.0	0.0	0.0
n123	3.654911879952762e-13	3.3331058174411146e-06	0.9999787747838593	4.38806817885143e-06	3.652947080117002e-06	4.53844662871931e-06	3.826314120807068e-07	2.3809619538949726e-06	2.183563515979291e-06	3.654911879952762e-07
n126	2.7307297208076206e-14	2.4902956397408053e-07	0.9999984141574448	3.278499889051945e-07	2.7292619904212737e-07	3.391077539148419e-07	2.8587911375222492e-08	1.778911170820681e-07	1.6314269635504588e-07	2.7307297208076204e-08
n141	5.194422350480172e-13	4.737066151880898e-06	0.999969834365168	6.236396436444669e-06	5.191629943845945e-06	6.450116823332457e-06	5.438022103376949e-07	3.3838632490134982e-06	3.103317262807028e-06	5.194422350480172e-07
n164	5.458907066460431e-13	4.9782636347240305e-06	0.9999682984197206	6.5539354097784225e-06	5.455972478689262e-06	6.7785378104901315e-06	5.714910202661574e-07	3.5561596180695577e-06	3.261329054969882e-06	5.458907066460431e-07
MF801381	0.0	0.0	1.0	0.0	0.0	0.0	0.0	0.0	0.0	0.0
n168	2.8750213003173906e-13	2.621882698162032e-06	0.9999833038523191	3.4517356083577735e-06	2.8734757524179585e-06	3.570026079011872e-06	3.009849473899685e-07	1.8729087205193665e-06	1.7176314574012469e-06	2.8750213003173906e-07
MF801400	0.0	0.0	1.0	0.0	0.0	0.0	0.0	0.0	0.0	0.0
MF801411	0.0	0.0	1.0	0.0	0.0	0.0	0.0	0.0	0.0	0.0
MF801399	0.0	0.0	1.0	0.0	0.0	0.0	0.0	0.0	0.0	0.0
n179	4.1427084930437215e-13	3.7779531303789482e-06	0.9999759419963982	4.973714253493209e-06	4.1404814645313845e-06	5.144162708038841e-06	4.336986643170569e-07	2.6987330015032153e-06	2.474989115979653e-06	4.142708493043722e-07
n174	5.489192612782043e-10	0.6745108447153129	0.18574002691531535	0.006590296079052536	0.005486241744170625	0.010715513634346457	0.0005746616032337621	0.0035758888853988733	0.11225760661297206	0.0005489192612782043
MF801380	0.0	0.0	1.0	0.0	0.0	0.0	0.0	0.0	0.0	0.0
n343	0.0	0.0	0.0	0.0	0.0	0.0	0.0	1.0	0.0	0.0
KR872956	0.0	0.0	0.0	0.0	0.0	0.0	0.0	1.0	0.0	0.0
KY241773	0.0	0.0	0.0	0.0	0.0	0.0	0.0	0.0	1.0	0.0
KY241777	0.0	0.0	0.0	0.0	0.0	0.0	0.0	0.0	1.0	0.0
KY241751	0.0	0.0	0.0	0.0	0.0	0.0	0.0	0.0	1.0	0.0
KY241744	0.0	0.0	0.0	0.0	0.0	0.0	0.0	0.0	1.0	0.0
KY241714	0.0	0.0	0.0	0.0	0.0	0.0	0.0	0.0	1.0	0.0
KY241738	0.0	0.0	0.0	0.0	0.0	0.0	0.0	0.0	1.0	0.0
KY241721	0.0	0.0	0.0	0.0	0.0	0.0	0.0	0.0	1.0	0.0
n363	5.964692542731799e-16	5.4395159353839045e-09	3.2835942587928136e-09	7.161178819920579e-09	5.961486055868845e-09	7.406591362815076e-09	6.244415201283121e-10	3.885649361020717e-09	0.9999999656410726	5.964692542731799e-10
KY241716	0.0	0.0	0.0	0.0	0.0	0.0	0.0	0.0	1.0	0.0
KY241783	0.0	0.0	0.0	0.0	0.0	0.0	0.0	0.0	1.0	0.0
KY241758	0.0	0.0	0.0	0.0	0.0	0.0	0.0	0.0	1.0	0.0
KY241745	0.0	0.0	0.0	0.0	0.0	0.0	0.0	0.0	1.0	0.0
n375	1.5246991430537062e-91	1.3904531081678152e-84	8.393548060776531e-85	1.8305458549229054e-84	1.5238794984974892e-84	1.8932783916236987e-84	1.5962020570313266e-85	9.93252578990786e-85	1.0	1.5246991430537063e-85
n453	2.0555808906916019e-16	1.8745920148076232e-09	1.1316079685253715e-09	2.467919717838854e-09	2.0544758558428614e-09	2.552494962898999e-09	2.1519802520152967e-10	1.3390910792501788e-09	0.9999999881590621	2.055580890691602e-10
KY241727	0.0	0.0	0.0	0.0	0.0	0.0	0.0	0.0	1.0	0.0
KY241780	0.0	0.0	0.0	0.0	0.0	0.0	0.0	0.0	1.0	0.0
KY241682	0.0	0.0	0.0	0.0	0.0	0.0	0.0	0.0	1.0	0.0
KY241778	0.0	0.0	0.0	0.0	0.0	0.0	0.0	0.0	1.0	0.0
KY241776	0.0	0.0	0.0	0.0	0.0	0.0	0.0	0.0	1.0	0.0
KU997667	0.0	0.0	0.0	1.0	0.0	0.0	0.0	0.0	0.0	0.0
KX013000	0.0	0.0	0.0	1.0	0.0	0.0	0.0	0.0	0.0	0.0
KX197205	0.0	0.0	0.0	0.0	0.0	0.0	0.0	1.0	0.0	0.0
KY559021	0.0	0.0	0.0	0.0	0.0	0.0	0.0	1.0	0.0	0.0
n195	2.646969272276117e-13	2.4139102291192474e-06	1.4571703476118025e-06	3.1779375313882015e-06	2.645546344614515e-06	3.2868449814008685e-06	2.7711026253848957e-07	0.9999848953973706	1.5813857408063817e-06	2.646969272276118e-07
n200	2.739749069401765e-16	2.501433828087232e-09	1.5082464568727864e-09	3.2893470413131944e-09	2.7388049439427107e-09	3.4020532740515796e-09	2.8682386895670865e-10	0.9999999843624998	1.6368154182338641e-09	2.739749069401766e-10
KY559003	0.0	0.0	0.0	0.0	0.0	0.0	0.0	1.0	0.0	0.0
KY785429	0.0	0.0	0.0	0.0	0.0	0.0	0.0	1.0	0.0	0.0
n294	5.504395836984888e-13	5.019747230127504e-06	3.03019852892011e-06	6.608548990896011e-06	5.50143679545622e-06	6.8350229909848185e-06	5.76253223315445e-07	0.9999685898465765	3.2885055295242397e-06	5.504395836984889e-07
n325	4.6645950271186776e-14	4.2538888300357887e-07	2.5678838164599615e-07	5.600288509826573e-07	2.2721123879788605e-06	5.79220957180539e-07	4.883347781381067e-08	0.9999955323029498	2.786781146189061e-07	4.6645950271186787e-08
n297	1.5954889766669601e-15	1.4588338507726757e-08	8.783344987620295e-09	1.9155357606900784e-08	1.5946312770610236e-08	1.9811920390171453e-08	1.6703116796051756e-09	0.9999999089169521	9.531971314290986e-09	1.5954889766669603e-09
n324	1.5637653154148974e-14	1.4260795994866503e-07	8.608609370909825e-08	1.8774484981160114e-07	1.5629246697479675e-07	1.9417883814875056e-07	1.637100292573312e-08	0.9999991076566814	9.342443819296539e-08	1.5637653154148974e-08
KY559014	0.0	0.0	0.0	0.0	0.0	0.0	0.0	1.0	0.0	0.0
KY559015	0.0	0.0	0.0	0.0	0.0	0.0	0.0	1.0	0.0	0.0
KY014313	0.0	0.0	0.0	0.0	0.0	0.0	0.0	1.0	0.0	0.0
n329	5.836185152632421e-20	5.322323307054398e-13	3.2128502729179476e-13	7.006893516262422e-13	5.833047748502668e-13	7.247018724535882e-13	6.109881284540815e-14	0.9999999999966697	3.4867272838226077e-13	5.836185152632421e-14
n45	7.267326483970899e-15	6.627456140277821e-08	4.0007010167503206e-08	8.725114349418762e-08	7.263422936943387e-08	9.024122732449178e-08	7.608137998000897e-09	0.9999995852989786	4.3417377738027485e-08	7.2673264839709e-09
KU940227	0.0	0.0	0.0	0.0	0.0	0.0	0.0	1.0	0.0	0.0
KX101066	0.0	0.0	0.0	0.0	0.0	0.0	0.0	1.0	0.0	0.0
KX101061	0.0	0.0	0.0	0.0	0.0	0.0	0.0	1.0	0.0	0.0
n57	7.031506177752662e-14	6.412399235940935e-07	3.8708807118775925e-07	8.441989717243875e-07	7.027726195461168e-07	8.731295460850624e-07	7.361258564427567e-08	0.9999959875580466	4.2008510350469195e-07	7.031506177752663e-08
KY559017	0.0	0.0	0.0	0.0	0.0	0.0	0.0	1.0	0.0	0.0
KY559006	0.0	0.0	0.0	0.0	0.0	0.0	0.0	1.0	0.0	0.0
KY559011	0.0	0.0	0.0	0.0	0.0	0.0	0.0	1.0	0.0	0.0
KY559010	0.0	0.0	0.0	0.0	0.0	0.0	0.0	1.0	0.0	0.0
KY559012	0.0	0.0	0.0	0.0	0.0	0.0	0.0	1.0	0.0	0.0
KY559007	0.0	0.0	0.0	0.0	0.0	0.0	0.0	1.0	0.0	0.0
KY559005	0.0	0.0	0.0	0.0	0.0	0.0	0.0	1.0	0.0	0.0
KY693680	0.0	0.0	0.0	0.0	0.0	0.0	0.0	1.0	0.0	0.0
KY631492	0.0	0.0	0.0	0.0	0.0	0.0	0.0	1.0	0.0	0.0
n68	1.4302640121847325e-15	1.3170000915845206e-08	7.874682392757422e-09	1.9109636166685536e-08	1.429495133875463e-08	1.7760177156824605e-08	1.4973383328090658e-09	0.9999999163180847	8.54486350942785e-09	1.4302640121847327e-09
n90	2.1861956722905585e-14	1.9937065104140297e-07	1.203515667785272e-07	2.624735549429232e-07	2.1850204218227244e-07	2.7146844314013376e-07	2.2887204004583064e-08	0.9999987524741023	1.3061045698509457e-07	2.186195672290558e-08
n96	4.128134773772556e-13	3.7646625914877335e-06	4.955698801059488e-05	4.956217121994066e-06	4.125915579769551e-06	5.126065952421583e-06	4.3217294688059004e-07	0.9999291588816057	2.4662823009488477e-06	4.128134773772557e-07
n97	8.074948052736946e-15	7.363968602838157e-08	5.091453742922653e-06	9.694740601119847e-08	8.070607139158478e-08	1.0026977932912901e-07	8.45363411589837e-09	0.9999944922123518	4.824237229383571e-08	8.074948052736947e-09
n190	3.315697281727056e-13	3.0237582359279695e-06	0.9999807447091003	3.980808897871082e-06	3.313914836161049e-06	4.117230632193088e-06	3.4711915761859135e-07	2.1599834244231176e-06	1.980905655789568e-06	3.315697281727057e-07
MF801406	0.0	0.0	1.0	0.0	0.0	0.0	0.0	0.0	0.0	0.0
n181	7.297941254949855e-14	6.655375355460349e-07	0.999995761857314	8.761870284102831e-07	7.294018043050338e-07	9.062138287598552e-07	7.640188489851083e-08	4.7541831487386523e-07	4.3600280360998944e-07	7.297941254949854e-08
n187	1.603262487524375e-13	1.4620991420788164e-06	0.9999906893534111	1.9248685973635083e-06	1.6024006090507935e-06	1.990833560548436e-06	1.678449740203878e-07	1.0444320164982712e-06	9.578412802504215e-07	1.6032624875243755e-07
n105	8.189454611255455e-15	7.468393138605108e-08	0.999999252162737	9.832216579257883e-08	8.185052141482263e-08	3.7394167795460186e-07	8.573510620770503e-09	5.334952111841608e-08	4.8926471806310375e-08	8.18945461125545e-09
n115	3.160280361690439e-13	2.882025396035391e-06	0.9999816472632179	3.7942161526373467e-06	3.158581464825192e-06	3.924243915199265e-06	3.3084861607666674e-07	2.0587383641445357e-06	1.8880545207952504e-06	3.1602803616904393e-07
KY606274	0.0	0.0	1.0	0.0	0.0	0.0	0.0	0.0	0.0	0.0
n160	3.8392112088387616e-11	0.00035011780406402033	0.9884495828045942	0.0004967209472910355	0.0003837147333757682	0.009761809779639261	4.0192564263219365e-05	0.0002501022219263564	0.00022936699436560478	3.8392112088387625e-05
MF593625	0.0	0.0	0.0	1.0	0.0	0.0	0.0	0.0	0.0	0.0
MF801382	0.0	0.0	1.0	0.0	0.0	0.0	0.0	0.0	0.0	0.0
n143	3.838973927235873e-17	3.500961651102797e-10	0.9999999977705877	4.6090521147562546e-10	3.836910179712138e-10	4.76700365154362e-10	4.0190080170640484e-11	2.500867644136338e-10	2.293528183890531e-10	3.8389739272358723e-11
n148	4.451824376620578e-14	4.059852115540469e-07	0.9999974146863805	5.344837174333281e-07	4.449431174242158e-07	5.528003956687798e-07	4.660598951522902e-08	2.900103973585485e-07	2.659665022747848e-07	4.4518243766205785e-08
MF801419	0.0	0.0	1.0	0.0	0.0	0.0	0.0	0.0	0.0	0.0
n124	2.3982737871364483e-13	2.1871116388787864e-06	0.9999860724742022	2.8793550255561764e-06	2.396984528161719e-06	2.9780300979830964e-06	2.5107442145500485e-07	1.5623355171751216e-06	1.4328069499142933e-06	2.3982737871364486e-07
n127	9.817758295781765e-14	8.953328661462534e-07	0.9999942985194108	1.1787149507399733e-06	9.81248050102846e-07	1.2191106923322446e-06	1.0278175900182318e-07	6.395697007911245e-07	5.865448888373516e-07	9.81775829578177e-08
n129	5.734646550603381e-15	5.2297249308871965e-08	0.9999996641071249	6.884986799185989e-08	5.731882527590867e-08	7.407017301313717e-08	6.003580878315145e-09	3.735787812262702e-08	3.426064812565569e-08	5.73464655060338e-09
MF801407	0.0	0.0	1.0	0.0	0.0	0.0	0.0	0.0	0.0	0.0
MF801422	0.0	0.0	1.0	0.0	0.0	0.0	0.0	0.0	0.0	0.0
n165	1.6356989253518358e-14	1.491679630793957e-07	0.9999990500984874	1.9638116157839178e-07	1.6348196097662774e-07	2.031111150471508e-07	1.7124073304726477e-08	1.0655624642145815e-07	9.772198657142354e-08	1.635698925351836e-08
MF801403	0.0	0.0	1.0	0.0	0.0	0.0	0.0	0.0	0.0	0.0
n169	3.94572667365361e-13	3.5983150789828083e-06	0.9999770859314174	4.737218906445559e-06	3.943605538213144e-06	4.899562700297587e-06	4.130767083895068e-07	2.5704108331496167e-06	2.357305754996124e-06	3.9457266736536105e-07
MG494697	0.0	0.0	1.0	0.0	0.0	0.0	0.0	0.0	0.0	0.0
KX906952	0.0	0.0	1.0	0.0	0.0	0.0	0.0	0.0	0.0	0.0
KX262887	0.0	0.0	1.0	0.0	0.0	0.0	0.0	0.0	0.0	0.0
n175	2.2833420645301826e-11	0.9847712267240409	0.005294081117596711	0.0002741368597627398	0.000228211459030899	0.006017879588677302	2.390422606921379e-05	0.00014874642021313602	0.0032189801611303315	2.283342064530182e-05
MF988734	0.0	0.0	0.0	0.0	0.0	0.0	0.0	0.0	1.0	0.0
KU321639	0.0	0.0	0.0	0.0	0.0	0.0	0.0	1.0	0.0	0.0
MF783073	0.0	1.0	0.0	0.0	0.0	0.0	0.0	0.0	0.0	0.0
KY241698	0.0	0.0	0.0	0.0	0.0	0.0	0.0	0.0	1.0	0.0
KY241740	0.0	0.0	0.0	0.0	0.0	0.0	0.0	0.0	1.0	0.0
KY241701	0.0	0.0	0.0	0.0	0.0	0.0	0.0	0.0	1.0	0.0
KY241687	0.0	0.0	0.0	0.0	0.0	0.0	0.0	0.0	1.0	0.0
n378	1.2575794580725606e-17	1.1468526589074075e-10	6.923040305798567e-11	1.5098433515219938e-10	1.2569034111543765e-10	1.5615854606896394e-10	1.316555418162949e-11	8.192396812886564e-11	0.9999999992755858	1.2575794580725607e-11
KY241741	0.0	0.0	0.0	0.0	0.0	0.0	0.0	0.0	1.0	0.0
KY241735	0.0	0.0	0.0	0.0	0.0	0.0	0.0	0.0	1.0	0.0
KY241755	0.0	0.0	0.0	0.0	0.0	0.0	0.0	0.0	1.0	0.0
KY241771	0.0	0.0	0.0	0.0	0.0	0.0	0.0	0.0	1.0	0.0
KY241704	0.0	0.0	0.0	0.0	0.0	0.0	0.0	0.0	1.0	0.0
KY241719	0.0	0.0	0.0	0.0	0.0	0.0	0.0	0.0	1.0	0.0
KY241683	0.0	0.0	0.0	0.0	0.0	0.0	0.0	0.0	1.0	0.0
KY241786	0.0	0.0	0.0	0.0	0.0	0.0	0.0	0.0	1.0	0.0
KY241748	0.0	0.0	0.0	0.0	0.0	0.0	0.0	0.0	1.0	0.0
KY241722	0.0	0.0	0.0	0.0	0.0	0.0	0.0	0.0	1.0	0.0
KY241770	0.0	0.0	0.0	0.0	0.0	0.0	0.0	0.0	1.0	0.0
KY241711	0.0	0.0	0.0	0.0	0.0	0.0	0.0	0.0	1.0	0.0
KY241743	0.0	0.0	0.0	0.0	0.0	0.0	0.0	0.0	1.0	0.0
KY241699	0.0	0.0	0.0	0.0	0.0	0.0	0.0	0.0	1.0	0.0
KY241732	0.0	0.0	0.0	0.0	0.0	0.0	0.0	0.0	1.0	0.0
KY241724	0.0	0.0	0.0	0.0	0.0	0.0	0.0	0.0	1.0	0.0
n432	8.089394824423327e-18	7.377143371569308e-11	4.453253912467272e-11	9.712085320009475e-11	8.085046144579744e-11	1.0044917052762975e-10	8.468758389292449e-12	5.269768995698955e-11	0.9999999995340196	8.089394824423328e-12
KY241674	0.0	0.0	0.0	0.0	0.0	0.0	0.0	0.0	1.0	0.0
KY241685	0.0	0.0	0.0	0.0	0.0	0.0	0.0	0.0	1.0	0.0
KY241676	0.0	0.0	0.0	0.0	0.0	0.0	0.0	0.0	1.0	0.0
KY241678	0.0	0.0	0.0	0.0	0.0	0.0	0.0	0.0	1.0	0.0
n427	6.539877270369197e-17	5.964057052861209e-10	3.60023644208806e-10	7.851742610022029e-10	6.536361576910979e-10	8.12082067224251e-10	6.84657402691806e-11	4.260348669225047e-10	0.9999999962327788	6.539877270369196e-11
KY241756	0.0	0.0	0.0	0.0	0.0	0.0	0.0	0.0	1.0	0.0
KY241680	0.0	0.0	0.0	0.0	0.0	0.0	0.0	0.0	1.0	0.0
KY241679	0.0	0.0	0.0	0.0	0.0	0.0	0.0	0.0	1.0	0.0
KX827309	0.0	0.0	0.0	0.0	0.0	0.0	0.0	0.0	1.0	0.0
KY241781	0.0	0.0	0.0	0.0	0.0	0.0	0.0	0.0	1.0	0.0
KY241779	0.0	0.0	0.0	0.0	0.0	0.0	0.0	0.0	1.0	0.0
n196	6.274950346371216e-17	5.722456298447514e-10	3.4543927929133126e-10	7.533672724051027e-10	6.271577071972926e-10	7.791850578142415e-10	6.569222981652872e-11	0.9999999964192772	3.74885991535722e-10	6.274950346371219e-11
n198	2.3797090802786692e-14	2.1701815096922751e-07	1.3100422222303596e-07	2.857066335137797e-07	2.3784298013859436e-07	2.954977577424669e-07	2.4913088896169022e-08	0.999998642048473	1.421715788783476e-07	2.3797090802786696e-08
n201	1.0967479005528466e-15	1.614457936443829e-08	6.0376542197155925e-09	1.320665639085959e-08	1.2076490326241632e-08	1.3618746430306223e-08	1.1481814392013892e-09	0.9999999301186132	6.552329524032921e-09	1.096747900552847e-09
KU527068	0.0	0.0	0.0	0.0	0.0	0.0	0.0	1.0	0.0	0.0
KY014307	0.0	0.0	0.0	0.0	0.0	0.0	0.0	1.0	0.0	0.0
KY785433	0.0	0.0	0.0	0.0	0.0	0.0	0.0	1.0	0.0	0.0
KU497555	0.0	0.0	0.0	0.0	0.0	0.0	0.0	1.0	0.0	0.0
n326	7.696120935593069e-13	7.018496287928877e-06	4.236754591799064e-06	9.239922736113877e-06	0.00024631550534770757	9.556573526694687e-06	8.057041367486887e-07	0.9997174595169509	4.597913558928986e-06	7.696120935593072e-07
KY558999	0.0	0.0	0.0	0.0	0.0	0.0	0.0	1.0	0.0	0.0
n299	2.145128663242017e-16	1.6923390981275679e-07	1.5974252718087292e-09	2.5754303074568402e-09	2.1439754894901844e-09	3.151468700828317e-09	2.2457274934948643e-10	0.9999998195771348	1.2815697997614195e-09	2.145128663242017e-10
KY558996	0.0	0.0	0.0	0.0	0.0	0.0	0.0	1.0	0.0	0.0
KY785455	0.0	0.0	0.0	0.0	0.0	0.0	0.0	1.0	0.0	0.0
KY785480	0.0	0.0	0.0	0.0	0.0	0.0	0.0	1.0	0.0	0.0
KY014317	0.0	0.0	0.0	0.0	0.0	0.0	0.0	1.0	0.0	0.0
n335	5.4409611203967775e-18	4.961897785371454e-11	2.995277387603165e-11	6.53238960034503e-11	5.4380361799695216e-11	6.756253629342427e-11	5.696122656178937e-12	0.9999999996895184	3.2506075617105606e-11	5.440961120396779e-12
n332	0.0	0.0	0.0	0.0	0.0	0.0	0.0	1.0	0.0	0.0
n333	7.793203679013513e-14	7.107031132952831e-07	4.2901991468435097e-07	9.356479772538065e-07	7.789014224982471e-07	9.6771249555814e-07	8.158676942909061e-08	0.9999955529047969	4.6559139549786956e-07	7.793203679013512e-08
n46	2.487303958321059e-15	2.2683029209807882e-08	1.3692737620433126e-08	2.986244185668549e-08	2.4859668486490107e-08	3.08858233386144e-08	2.603949581024691e-09	0.9999998580650787	1.4859964767771479e-08	2.4873039583210597e-09
KU940228	0.0	0.0	0.0	0.0	0.0	0.0	0.0	1.0	0.0	0.0
n58	3.541338942850646e-14	3.2295327000055647e-07	1.949525501587405e-07	4.251713101726306e-07	3.539435197315371e-07	4.3974186831942575e-07	3.7074150208429027e-08	0.9999979791787726	2.1157113406101315e-07	3.5413389428506466e-08
KY559009	0.0	0.0	0.0	0.0	0.0	0.0	0.0	1.0	0.0	0.0
n69	2.007834723103396e-17	8.606629426955939e-10	1.1053498219569465e-10	1.0606942967892105e-08	2.0067553555410489e-10	2.4948697411690105e-10	2.101994980361278e-11	0.9999999878106437	1.1995459238175036e-10	2.0078347231033964e-11
KU312312	0.0	0.0	0.0	0.0	0.0	0.0	0.0	1.0	0.0	0.0
n91	5.6180749513798485e-18	5.123417180236784e-11	3.092780018648023e-11	6.745031605613545e-11	5.6150547984721555e-11	6.97618278099647e-11	5.881542490153775e-12	0.9999999996794117	3.356421138675777e-11	5.618074951379849e-12
n92	2.1685732697897772e-17	1.9776356910518528e-10	1.1938108740908705e-10	2.6035777815548986e-10	2.1674074927357024e-10	2.6928020069078973e-10	2.2702715679003258e-11	0.9999999987625303	1.2955763720634722e-10	2.1685732697897772e-11
KY559025	0.0	0.0	0.0	0.0	0.0	0.0	0.0	1.0	0.0	0.0
KY272991	0.0	0.0	0.0	0.0	0.0	0.0	0.0	1.0	0.0	0.0
n98	1.736466517041955e-15	1.5835748821990904e-08	4.128682078978602e-07	2.0847926618606348e-08	1.735533031026546e-08	2.156238199169628e-08	1.8179005603145138e-09	0.9999994976018186	1.0374217102551454e-08	1.7364665170419549e-09
KU926309	0.0	0.0	0.0	0.0	0.0	0.0	0.0	1.0	0.0	0.0
MF801377	0.0	0.0	1.0	0.0	0.0	0.0	0.0	0.0	0.0	0.0
KY765323	0.0	0.0	1.0	0.0	0.0	0.0	0.0	0.0	0.0	0.0
MF801397	0.0	0.0	1.0	0.0	0.0	0.0	0.0	0.0	0.0	0.0
n182	5.632890116452507e-15	5.136927902184354e-08	0.9999996728804577	6.762818553997924e-08	5.629861999239515e-08	6.994579349281225e-08	5.897052432852463e-09	3.669499429331737e-08	3.3652722012999674e-08	5.6328901164525095e-09
n188	6.539908467514123e-14	5.964085503173736e-07	0.9999962020706568	7.851780065151844e-07	6.536392757285011e-07	8.120859410954105e-07	6.846606687097043e-08	4.260368992345708e-07	3.9071545351983817e-07	6.539908467514125e-08
MF801408	0.0	0.0	1.0	0.0	0.0	0.0	0.0	0.0	0.0	0.0
n106	2.513976423804166e-13	2.2926269410357923e-06	0.9999140826476388	3.0182670088944403e-06	2.5126249656495423e-06	7.443960774780668e-05	2.6318728893409764e-07	1.6377090377741272e-06	1.5019314772431166e-06	2.5139764238041664e-07
n108	3.460741743814523e-14	3.1560318874551305e-07	0.9999979784825649	4.154948524080856e-07	3.4588813255518693e-07	4.414902903439201e-07	3.623038102630023e-08	2.2544714332168846e-07	2.0675599462380496e-07	3.460741743814523e-08
KY765319	0.0	0.0	1.0	0.0	0.0	0.0	0.0	0.0	0.0	0.0
n116	2.0374380603502056e-14	1.8580466163569947e-07	0.9999988167960089	2.4461375301664094e-07	2.036342778686014e-07	2.529966310684582e-07	2.1329865880893728e-08	1.3272720832804613e-07	1.2172319226218446e-07	2.0374380603502058e-08
n161	5.084151089607585e-13	4.636504006148472e-06	0.00012433083022450565	6.108406393899991e-06	5.081417962365686e-06	0.9998524527022745	5.322579516399606e-07	3.312027953014775e-06	3.037437616454097e-06	5.084151089607585e-07
MF801426	0.0	0.0	1.0	0.0	0.0	0.0	0.0	0.0	0.0	0.0
MF801383	0.0	0.0	1.0	0.0	0.0	0.0	0.0	0.0	0.0	0.0
n146	1.41858059265001e-13	1.2936780368920751e-06	0.9999917618589229	1.7031404756669987e-06	1.4178179950807665e-06	1.7615068487950218e-06	1.485106927729745e-07	9.241225316975658e-07	8.475062951796465e-07	1.41858059265001e-07
KY606271	0.0	0.0	1.0	0.0	0.0	0.0	0.0	0.0	0.0	0.0
MF801404	0.0	0.0	1.0	0.0	0.0	0.0	0.0	0.0	0.0	0.0
n149	1.3983979765009086e-14	1.2752724507911536e-07	0.9999991879065686	1.6789093317711327e-07	1.3976462286599753e-07	1.736445307168522e-07	1.463977819367457e-08	9.109747342240744e-08	8.354485422904681e-08	1.3983979765009085e-08
n158	5.605877401888382e-13	5.112293591148726e-06	0.9999674449170266	6.730387229496397e-06	5.602863806113629e-06	6.961036608068077e-06	5.868772918989221e-07	3.6519022210375e-06	3.34913392494006e-06	5.605877401888382e-07
MF801391	0.0	0.0	1.0	0.0	0.0	0.0	0.0	0.0	0.0	0.0
MF801412	0.0	0.0	1.0	0.0	0.0	0.0	0.0	0.0	0.0	0.0
MF801414	0.0	0.0	1.0	0.0	0.0	0.0	0.0	0.0	0.0	0.0
n128	8.188678201721604e-14	7.467685090034041e-07	0.9999952445785107	9.831284426012846e-07	8.184276149393161e-07	1.0168201152123803e-06	8.57269780041793e-08	5.334446326306568e-07	4.892183328262705e-07	8.188678201721606e-08
n130	3.4163322279949507e-15	3.1155325210162676e-08	0.999998845260556	4.101630690544311e-08	3.414496251433155e-08	9.987642729448554e-07	3.5765459400116373e-09	2.2255412233978004e-08	2.0410282536306818e-08	3.416332227994951e-09
n133	1.8123027769440648e-18	1.6527339446758483e-11	0.9999999993927671	2.175841280763002e-11	5.200942677907215e-10	2.2509812128991966e-11	1.8972932684463407e-12	1.1806095748874232e-11	1.0827287643646716e-11	1.8123027769440651e-12
KU501216	0.0	0.0	1.0	0.0	0.0	0.0	0.0	0.0	0.0	0.0
KU501217	0.0	0.0	1.0	0.0	0.0	0.0	0.0	0.0	0.0	0.0
KY606273	0.0	0.0	1.0	0.0	0.0	0.0	0.0	0.0	0.0	0.0
MF801423	0.0	0.0	1.0	0.0	0.0	0.0	0.0	0.0	0.0	0.0
n176	1.25543202882884e-12	0.9994183890595641	0.00019658397768332746	1.5072651591495889e-05	1.2547571363211491e-05	0.0002260321548719815	1.3143072822000135e-06	8.178407563635371e-06	0.00012062643679569238	1.2554320288288402e-06
n178	3.5704534956241484e-11	0.979650749625407	0.0039119303007243145	0.00042866678822417106	0.0003568534098748872	0.012916859259143822	3.737894941578785e-05	0.00023259422416888146	0.0024292628723803175	3.5704534956241484e-05
n379	6.620528181283636e-28	6.0376068480902846e-21	3.644635187898984e-21	7.948571673869008e-21	6.6169691316784785e-21	8.220968053838893e-21	6.931007175903273e-22	4.312888034534378e-21	1.0	6.620528181283637e-22
n383	4.100027768906093e-79	3.739030339737668e-72	2.2570866052896753e-72	4.922471998251454e-72	4.0978236846076057e-72	5.091164388260959e-72	4.292304346355197e-73	2.670928998650568e-72	1.0	4.100027768906093e-73
n433	1.7235539425580703e-26	1.5717992283546167e-19	9.488254071703415e-20	2.0692898921466588e-19	1.7226273980572747e-19	2.1402041518220263e-19	1.8043824324617845e-20	1.1227948846661344e-19	1.0	1.7235539425580704e-20
n438	5.529939342456365e-36	5.0430416923419847e-29	3.044260361498184e-29	6.6392163906083e-29	5.52696656930377e-29	6.866741357966129e-29	5.789273637295139e-30	3.6024330036394084e-29	1.0	5.529939342456365e-30
n428	3.4389899911159693e-18	3.136195323444721e-11	1.8931818714837826e-11	4.1288334830112465e-11	3.437141266114749e-11	4.2703279980532516e-11	3.600266270849539e-12	2.2403014347854977e-11	0.9999999998019008	3.4389899911159692e-12
KY241684	0.0	0.0	0.0	0.0	0.0	0.0	0.0	0.0	1.0	0.0
KX879604	0.0	0.0	0.0	0.0	0.0	0.0	0.0	1.0	0.0	0.0
MF794971	0.0	0.0	0.0	0.0	0.0	0.0	0.0	1.0	0.0	0.0
KX879603	0.0	0.0	0.0	0.0	0.0	0.0	0.0	1.0	0.0	0.0
KX811222	0.0	0.0	0.0	0.0	0.0	0.0	0.0	1.0	0.0	0.0
n199	3.255256826818831e-18	2.968639415514552e-11	1.7920358091991623e-11	3.9082444023080754e-11	3.253506872721521e-11	4.042179362059582e-11	3.4079166810098193e-12	0.9999999998142428	1.944796557523566e-11	3.2552568268188322e-12
MF073359	0.0	0.0	0.0	0.0	0.0	0.0	0.0	1.0	0.0	0.0
n202	1.748434704538332e-16	5.8990373186979165e-08	9.625223960217907e-10	2.4650425017350216e-09	1.2164812560208197e-08	2.171099564362246e-09	1.8304300129910514e-10	0.9999999218436911	1.0445718956571633e-09	1.7484347045383325e-10
KU991811	0.0	0.0	0.0	0.0	1.0	0.0	0.0	0.0	0.0	0.0
n327	1.5287423130269947e-13	1.3941402869019426e-06	8.415805921708176e-07	1.8354000637476897e-06	4.2242965975791835e-05	1.8982989534695972e-06	1.60043483715565e-07	0.9999505613757614	9.133204984692223e-07	1.5287423130269955e-07
n308	5.102051700028955e-13	0.0002681287882866845	4.285420603164487e-06	6.125496714312371e-06	5.099308949814582e-06	6.33545520592721e-06	5.341319601161168e-07	0.999705933060575	3.0481320247226667e-06	5.102051700028955e-07
n301	5.747235584864256e-14	9.197232752213737e-05	1.4301172030847521e-06	6.900101128192281e-07	5.74414599805502e-07	2.253986663425264e-06	6.016760293070373e-08	0.9999026181452914	3.433585912065734e-07	5.747235584864256e-08
KX548902	0.0	0.0	0.0	0.0	0.0	0.0	0.0	1.0	0.0	0.0
KY014309	0.0	0.0	0.0	0.0	0.0	0.0	0.0	1.0	0.0	0.0
KY559031	0.0	0.0	0.0	0.0	0.0	0.0	0.0	1.0	0.0	0.0
KY014301	0.0	0.0	0.0	0.0	0.0	0.0	0.0	1.0	0.0	0.0
KY785479	0.0	0.0	0.0	0.0	0.0	0.0	0.0	1.0	0.0	0.0
KY014296	0.0	0.0	0.0	0.0	0.0	0.0	0.0	1.0	0.0	0.0
KY014320	0.0	0.0	0.0	0.0	0.0	0.0	0.0	1.0	0.0	0.0
n334	1.0437981109394723e-15	9.51894237146797e-09	5.746162874054695e-09	1.2531785789095219e-08	1.0432369881479243e-08	1.2961248241416036e-08	1.092748493627448e-09	0.9999999404369528	6.235990217977548e-09	1.0437981109394722e-09
KY785427	0.0	0.0	0.0	0.0	0.0	0.0	0.0	1.0	0.0	0.0
KX520666	0.0	0.0	0.0	0.0	0.0	0.0	0.0	1.0	0.0	0.0
KU940224	0.0	0.0	0.0	0.0	0.0	0.0	0.0	1.0	0.0	0.0
n59	1.089416101223547e-14	9.934956748257236e-08	5.997292282521826e-08	1.3079473005979065e-07	1.0888304552087966e-07	1.3527704618515847e-07	1.1405058038225856e-08	0.9999993783381883	6.508526964493973e-08	1.0894161012235472e-08
KY559013	0.0	0.0	0.0	0.0	0.0	0.0	0.0	1.0	0.0	0.0
n89	7.861817436616883e-15	7.169609935331521e-08	4.327971377192889e-08	9.438953759057861e-08	7.857591097346444e-08	9.762325335994156e-08	8.230508439323377e-09	0.9999995513740908	4.696906050744054e-08	7.861817436616883e-09
n84	3.082699310520753e-11	0.013362369702475266	0.00016970419992473105	0.9688966548817485	0.00030810421195137053	0.0003827907964081738	3.227266836923089e-05	0.01663310600804067	0.0001841705071498093	3.082699310520754e-05
n72	5.628241654270844e-14	5.132702637414859e-07	3.0983762953389525e-07	6.757450467620374e-07	5.625216035968367e-07	6.988807175907429e-07	5.892185974489089e-08	0.9999967882909003	3.3624950584416237e-07	5.628241654270846e-08
n74	1.0971874132712673e-14	6.788321978358297e-06	6.04007376598446e-08	1.319857570589661e-07	1.096597589570943e-07	1.398932284703998e-07	1.148641562495806e-08	0.9999926817306856	6.554955316301078e-08	1.0971874132712674e-08
KU365779	0.0	0.0	0.0	0.0	0.0	0.0	0.0	1.0	0.0	0.0
KU707826	0.0	0.0	0.0	0.0	0.0	0.0	0.0	1.0	0.0	0.0
KU365777	0.0	0.0	0.0	0.0	0.0	0.0	0.0	1.0	0.0	0.0
KU365780	0.0	0.0	0.0	0.0	0.0	0.0	0.0	1.0	0.0	0.0
KY785437	0.0	0.0	0.0	0.0	0.0	0.0	0.0	1.0	0.0	0.0
KY014308	0.0	0.0	0.0	0.0	0.0	0.0	0.0	1.0	0.0	0.0
KY559032	0.0	0.0	0.0	0.0	0.0	0.0	0.0	1.0	0.0	0.0
n183	2.782454493118347e-14	2.537466172207084e-07	0.9999983841416712	3.340600381455053e-07	2.780958707088299e-07	3.455082264259972e-07	2.912941615889083e-08	1.812606843655155e-07	1.6623290288805538e-07	2.782454493118348e-08
n185	3.597938680547561e-14	3.2811489690647424e-07	0.9999979105645044	4.3196664521973377e-07	3.5960045082444227e-07	4.4677007849723924e-07	3.766669082964324e-08	2.3438472368700552e-07	2.149525869191643e-07	3.5979386805475616e-08
MF801384	0.0	0.0	1.0	0.0	0.0	0.0	0.0	0.0	0.0	0.0
MF801386	0.0	0.0	1.0	0.0	0.0	0.0	0.0	0.0	0.0	0.0
n107	9.55396584411207e-12	8.71276249074854e-05	0.9954882852795126	0.00011470441662993927	9.548829843262275e-05	0.00407552136972766	1.0002012529918208e-05	6.223851608684178e-05	5.7078506774792694e-05	9.553965844112072e-06
MF801387	0.0	0.0	1.0	0.0	0.0	0.0	0.0	0.0	0.0	0.0
n109	3.002173123451025e-14	2.737839113885642e-07	0.9999982564485446	3.6043934253727375e-07	3.000559221542135e-07	3.72887193529765e-07	3.14296426088297e-08	1.9557407184425226e-07	1.793596101995755e-07	3.002173123451026e-08
MF801389	0.0	0.0	1.0	0.0	0.0	0.0	0.0	0.0	0.0	0.0
KX421195	0.0	0.0	1.0	0.0	0.0	0.0	0.0	0.0	0.0	0.0
KX421194	0.0	0.0	1.0	0.0	0.0	0.0	0.0	0.0	0.0	0.0
KY325479	0.0	0.0	0.0	0.0	0.0	1.0	0.0	0.0	0.0	0.0
KY325465	0.0	0.0	0.0	0.0	0.0	1.0	0.0	0.0	0.0	0.0
n147	2.2067621132399548e-13	2.012462100028471e-06	0.9999871846423763	2.649427106715452e-06	2.2055758067077954e-06	2.7402225832456505e-06	2.3102513309462377e-07	1.4375768296195173e-06	1.3183916321885179e-06	2.2067621132399556e-07
MF801402	0.0	0.0	1.0	0.0	0.0	0.0	0.0	0.0	0.0	0.0
n150	1.9485359464146177e-14	1.7769721163760673e-07	0.999998868424247	2.339402114920661e-07	1.9474884565617195e-07	2.4195730806670253e-07	2.039915284294837e-08	1.2693575403710965e-07	1.1641189013345317e-07	1.948535946414618e-08
n155	2.572497283594408e-14	2.345995182081054e-07	0.999998506070388	3.0885268485510677e-07	2.5711143659191496e-07	3.194370208528672e-07	2.6931381672825246e-08	1.675831965288207e-07	1.536893746802229e-07	2.572497283594407e-08
KY765324	0.0	0.0	1.0	0.0	0.0	0.0	0.0	0.0	0.0	0.0
MF434518	0.0	0.0	1.0	0.0	0.0	0.0	0.0	0.0	0.0	0.0
MF801401	0.0	0.0	1.0	0.0	0.0	0.0	0.0	0.0	0.0	0.0
MF801417	0.0	0.0	1.0	0.0	0.0	0.0	0.0	0.0	0.0	0.0
n131	4.967305895901269e-15	4.5299467463089854e-08	0.9999995327814489	5.96372160324346e-08	4.9646356882422163e-08	2.404325388201988e-07	5.200254702748368e-09	3.2359101231332455e-08	2.9676304883003146e-08	4.9673058959012694e-09
n132	3.1260115467375557e-12	2.85077386652444e-05	0.9987471793541571	3.753073191777881e-05	3.124331072493795e-05	0.0011101002851699759	3.2726102614661244e-06	2.0364142295859378e-05	1.8675812134968186e-05	3.1260115467375556e-06
n138	8.553735307266698e-15	7.800599809227296e-08	0.999999503255438	1.0269570086767748e-07	8.549377620359592e-08	1.0621506743079807e-07	8.954874773140514e-09	5.5722597422932546e-08	5.1102803448527654e-08	8.553735307266699e-09
n136	5.6715790604142186e-14	5.172210379142757e-07	0.9999809068653797	6.809268298738129e-07	1.6366324324062485e-05	7.042620977018884e-07	5.9375557493378166e-08	3.6947030201801144e-07	3.388386237775081e-07	5.671579060414218e-08
MF801393	0.0	0.0	1.0	0.0	0.0	0.0	0.0	0.0	0.0	0.0
MF801398	0.0	0.0	1.0	0.0	0.0	0.0	0.0	0.0	0.0	0.0
n177	4.825278442689713e-13	0.99993334601495	1.7577688175176785e-05	5.793204182186238e-06	4.822684479660482e-06	2.2547053046692438e-05	5.05156667206111e-07	3.143387519685502e-06	1.1782282652587979e-05	4.825278442689713e-07
MH063262	0.0	1.0	0.0	0.0	0.0	0.0	0.0	0.0	0.0	0.0
MH063265	0.0	1.0	0.0	0.0	0.0	0.0	0.0	0.0	0.0	0.0
MF159531	0.0	0.0	0.0	0.0	0.0	1.0	0.0	0.0	0.0	0.0
KY241695	0.0	0.0	0.0	0.0	0.0	0.0	0.0	0.0	1.0	0.0
KY241752	0.0	0.0	0.0	0.0	0.0	0.0	0.0	0.0	1.0	0.0
KY241772	0.0	0.0	0.0	0.0	0.0	0.0	0.0	0.0	1.0	0.0
KY241725	0.0	0.0	0.0	0.0	0.0	0.0	0.0	0.0	1.0	0.0
KY241737	0.0	0.0	0.0	0.0	0.0	0.0	0.0	0.0	1.0	0.0
KY241760	0.0	0.0	0.0	0.0	0.0	0.0	0.0	0.0	1.0	0.0
KY241785	0.0	0.0	0.0	0.0	0.0	0.0	0.0	0.0	1.0	0.0
KY241702	0.0	0.0	0.0	0.0	0.0	0.0	0.0	0.0	1.0	0.0
KY241709	0.0	0.0	0.0	0.0	0.0	0.0	0.0	0.0	1.0	0.0
KY241763	0.0	0.0	0.0	0.0	0.0	0.0	0.0	0.0	1.0	0.0
KY241762	0.0	0.0	0.0	0.0	0.0	0.0	0.0	0.0	1.0	0.0
KY241742	0.0	0.0	0.0	0.0	0.0	0.0	0.0	0.0	1.0	0.0
KY241757	0.0	0.0	0.0	0.0	0.0	0.0	0.0	0.0	1.0	0.0
KY241703	0.0	0.0	0.0	0.0	0.0	0.0	0.0	0.0	1.0	0.0
KY241784	0.0	0.0	0.0	0.0	0.0	0.0	0.0	0.0	1.0	0.0
KY241761	0.0	0.0	0.0	0.0	0.0	0.0	0.0	0.0	1.0	0.0
KY241746	0.0	0.0	0.0	0.0	0.0	0.0	0.0	0.0	1.0	0.0
KY241754	0.0	0.0	0.0	0.0	0.0	0.0	0.0	0.0	1.0	0.0
KY241753	0.0	0.0	0.0	0.0	0.0	0.0	0.0	0.0	1.0	0.0
KY241765	0.0	0.0	0.0	0.0	0.0	0.0	0.0	0.0	1.0	0.0
KY241733	0.0	0.0	0.0	0.0	0.0	0.0	0.0	0.0	1.0	0.0
KY241726	0.0	0.0	0.0	0.0	0.0	0.0	0.0	0.0	1.0	0.0
KY241720	0.0	0.0	0.0	0.0	0.0	0.0	0.0	0.0	1.0	0.0
KY241739	0.0	0.0	0.0	0.0	0.0	0.0	0.0	0.0	1.0	0.0
KY241705	0.0	0.0	0.0	0.0	0.0	0.0	0.0	0.0	1.0	0.0
KY241696	0.0	0.0	0.0	0.0	0.0	0.0	0.0	0.0	1.0	0.0
KY241764	0.0	0.0	0.0	0.0	0.0	0.0	0.0	0.0	1.0	0.0
KY241731	0.0	0.0	0.0	0.0	0.0	0.0	0.0	0.0	1.0	0.0
KY241750	0.0	0.0	0.0	0.0	0.0	0.0	0.0	0.0	1.0	0.0
KY241718	0.0	0.0	0.0	0.0	0.0	0.0	0.0	0.0	1.0	0.0
KY241710	0.0	0.0	0.0	0.0	0.0	0.0	0.0	0.0	1.0	0.0
n437	0.0	0.0	0.0	0.0	0.0	0.0	0.0	0.0	1.0	0.0
KY241728	0.0	0.0	0.0	0.0	0.0	0.0	0.0	0.0	1.0	0.0
KY241747	0.0	0.0	0.0	0.0	0.0	0.0	0.0	0.0	1.0	0.0
KY241715	0.0	0.0	0.0	0.0	0.0	0.0	0.0	0.0	1.0	0.0
KY241768	0.0	0.0	0.0	0.0	0.0	0.0	0.0	0.0	1.0	0.0
KY241723	0.0	0.0	0.0	0.0	0.0	0.0	0.0	0.0	1.0	0.0
n444	0.0	0.0	0.0	0.0	0.0	0.0	0.0	0.0	1.0	0.0
KY241689	0.0	0.0	0.0	0.0	0.0	0.0	0.0	0.0	1.0	0.0
KY241736	0.0	0.0	0.0	0.0	0.0	0.0	0.0	0.0	1.0	0.0
n429	2.1802050371815935e-19	1.988243309641247e-12	1.2002142091638996e-12	2.6175428194322968e-12	2.1790330071464854e-12	2.7072456261357377e-12	2.2824488233982943e-13	1.4202764432412636e-12	0.9999999999874412	2.1802050371815938e-13
KY241767	0.0	0.0	0.0	0.0	0.0	0.0	0.0	0.0	1.0	0.0
KX280026	0.0	0.0	0.0	0.0	0.0	0.0	0.0	1.0	0.0	0.0
MH513599	0.0	0.0	0.0	0.0	0.0	0.0	0.0	1.0	0.0	0.0
n203	1.4963835597244487e-13	0.00018085071756708643	8.237669302251757e-07	1.7966504473412294e-06	3.407219399421485e-05	1.8581178274509314e-06	1.5665585745370627e-07	0.9997793982705464	8.939883242732939e-07	1.496383559724449e-07
n287	5.5963298791152104e-15	5.170790902679747e-08	3.0808086971331685e-08	1.0673687857619878e-06	5.605518936702876e-08	6.949181076672044e-08	5.858777651687333e-09	0.9999986796788056	3.3434299235632204e-08	5.596329879115213e-09
KY559001	0.0	0.0	0.0	0.0	0.0	0.0	0.0	1.0	0.0	0.0
KY558995	0.0	0.0	0.0	0.0	0.0	0.0	0.0	1.0	0.0	0.0
n309	2.3923635972727657e-15	1.1069501897201078e-06	1.6944043421609415e-06	2.872259282369029e-08	2.391077515485464e-08	2.9707070912425964e-08	2.50455685800772e-09	0.9999970971153462	1.429276009803361e-08	2.392363597272766e-09
KY014303	0.0	1.0	0.0	0.0	0.0	0.0	0.0	0.0	0.0	0.0
n304	3.503881606736862e-11	0.9104764363890712	0.011293135564749587	0.0004206742018957666	0.00035019979974374956	0.015787417413589633	3.6682010701901475e-05	0.06139108245846096	0.0002093333106810879	3.5038816067368614e-05
KY317937	0.0	0.0	0.0	0.0	0.0	0.0	0.0	1.0	0.0	0.0
n303	5.965998927954219e-14	7.316646095757961e-07	3.307160103282478e-07	7.16274725921874e-07	5.962791738807449e-07	7.439811381462037e-07	6.2457828512807e-08	0.9999964025382382	3.564282265437482e-07	5.965998927954221e-08
MH763833	0.0	0.0	0.0	0.0	0.0	0.0	0.0	1.0	0.0	0.0
MH763832	0.0	0.0	0.0	0.0	0.0	0.0	0.0	1.0	0.0	0.0
KY559019	0.0	0.0	0.0	0.0	0.0	0.0	0.0	1.0	0.0	0.0
n60	0.0	0.0	0.0	0.0	0.0	0.0	0.0	1.0	0.0	0.0
KY785450	0.0	0.0	0.0	0.0	0.0	0.0	0.0	1.0	0.0	0.0
KY014297	0.0	0.0	0.0	0.0	0.0	0.0	0.0	1.0	0.0	0.0
n85	3.039725192908776e-11	0.01667817596999385	0.00016733845240535767	0.9691078630673434	0.0003038091103837425	0.0003774545326178109	3.18227738753312e-05	0.01312153571779656	0.0001816030932577368	3.039725192908777e-05
KU820898	0.0	0.0	0.0	1.0	0.0	0.0	0.0	0.0	0.0	0.0
n73	1.649915278532597e-14	1.5046444073470624e-07	9.082869397332157e-08	1.98088181493886e-07	1.6490283205498179e-07	2.0487641507104712e-07	1.727290379560724e-08	0.9999990584960458	9.857131785916413e-08	1.649915278532597e-08
MF073357	0.0	0.0	0.0	0.0	0.0	0.0	0.0	1.0	0.0	0.0
n75	2.2107576189436577e-15	2.940687528047664e-08	1.2170335642942109e-08	2.6542597568493437e-08	2.2095691645159518e-08	2.745688696654192e-08	2.3144342115179217e-09	0.9999998645946322	1.320778677558981e-08	2.210757618943658e-09
KU365778	0.0	0.0	0.0	0.0	0.0	0.0	0.0	1.0	0.0	0.0
n78	3.047057879690055e-12	0.8367780984494883	1.677421206253387e-05	3.658281887354112e-05	3.0454198487283765e-05	0.0004946427795679807	3.1899539509896983e-06	0.16261900640945537	1.8204117187236833e-05	3.0470578796900542e-06
n184	4.524276183088146e-14	4.1259247174397766e-07	0.999997372611351	5.431822436058592e-07	4.521844032220099e-07	5.617970190514374e-07	4.7364484875090935e-08	2.9473021004778003e-07	2.702950094034278e-07	4.524276183088146e-08
KY014306	0.0	0.0	1.0	0.0	0.0	0.0	0.0	0.0	0.0	0.0
MF801410	0.0	0.0	1.0	0.0	0.0	0.0	0.0	0.0	0.0	0.0
n186	3.498688664152601e-14	3.1906376741572854e-07	0.9999979682020922	4.2005073991208406e-07	3.49680784646438e-07	4.344458168706124e-07	3.6627645972487114e-08	2.2791916389455142e-07	2.090230673608655e-07	3.4986886641525997e-08
KY785431	0.0	0.0	1.0	0.0	0.0	0.0	0.0	0.0	0.0	0.0
KU870645	0.0	0.0	0.0	0.0	0.0	1.0	0.0	0.0	0.0	0.0
n110	6.629254754364272e-15	6.045565067729158e-08	0.9999996150176264	7.959048752086844e-08	6.625691013546327e-08	8.231886287057234e-08	6.940142993920622e-09	4.318572888007e-08	3.9605329198659546e-08	6.629254754364272e-09
MF434517	0.0	0.0	1.0	0.0	0.0	0.0	0.0	0.0	0.0	0.0
MF801396	0.0	0.0	1.0	0.0	0.0	0.0	0.0	0.0	0.0	0.0
MF801418	0.0	0.0	1.0	0.0	0.0	0.0	0.0	0.0	0.0	0.0
n151	6.699976468478905e-17	6.110059907680797e-10	0.9999999961091142	8.043956873938543e-10	6.696374709230736e-10	8.319622090658942e-10	7.01418130243601e-11	4.3646439606215765e-10	4.00278437757558e-10	6.699976468478906e-11
KY014310	0.0	0.0	1.0	0.0	0.0	0.0	0.0	0.0	0.0	0.0
n156	1.1807468384016844e-14	1.0767849637055339e-07	0.9999993143033901	1.417598508267408e-07	1.1801120950014699e-07	1.4661794002498275e-07	1.2361196245675448e-08	7.69187710061158e-08	7.054166564407391e-08	1.1807468384016847e-08
MF801385	0.0	0.0	1.0	0.0	0.0	0.0	0.0	0.0	0.0	0.0
MF801413	0.0	0.0	1.0	0.0	0.0	0.0	0.0	0.0	0.0	0.0
KY631493	0.0	0.0	1.0	0.0	0.0	0.0	0.0	0.0	0.0	0.0
KX827268	0.0	0.0	0.0	0.0	0.0	1.0	0.0	0.0	0.0	0.0
KY606272	0.0	0.0	1.0	0.0	0.0	0.0	0.0	0.0	0.0	0.0
n139	2.3025509062465503e-15	2.0998169238115475e-08	0.9999998662836581	2.764430633007928e-08	2.3013141937123875e-08	2.8591672634498077e-08	2.410532274327269e-09	1.499977642347504e-08	1.3756189800751093e-08	2.3025509062465503e-09
MF801395	0.0	0.0	1.0	0.0	0.0	0.0	0.0	0.0	0.0	0.0
MF098771	0.0	0.0	0.0	0.0	1.0	0.0	0.0	0.0	0.0	0.0
n137	5.568717471753877e-17	5.078405502085242e-10	0.9999999967100861	6.685773210798448e-10	6.125578608790859e-10	6.914893673725927e-10	5.829870321588241e-11	3.627694693533226e-10	3.3269333711748356e-10	5.568717471753876e-11
MH063263	0.0	1.0	0.0	0.0	0.0	0.0	0.0	0.0	0.0	0.0
MH063259	0.0	1.0	0.0	0.0	0.0	0.0	0.0	0.0	0.0	0.0
KY241713	0.0	0.0	0.0	0.0	0.0	0.0	0.0	0.0	1.0	0.0
KX813683	0.0	0.0	0.0	0.0	0.0	0.0	0.0	0.0	1.0	0.0
KY241759	0.0	0.0	0.0	0.0	0.0	0.0	0.0	0.0	1.0	0.0
KY241692	0.0	0.0	0.0	0.0	0.0	0.0	0.0	0.0	1.0	0.0
KY241693	0.0	0.0	0.0	0.0	0.0	0.0	0.0	0.0	1.0	0.0
KY241775	0.0	0.0	0.0	0.0	0.0	0.0	0.0	0.0	1.0	0.0
n449	2.3604478458358355e-19	2.1526161793053838e-12	1.2994388125186769e-12	2.833941397318861e-12	2.3591789212510166e-12	2.9310601513981957e-12	2.4711443724511945e-13	1.5376941222345167e-12	0.9999999999864029	2.360447845835836e-13
KY241774	0.0	0.0	0.0	0.0	0.0	0.0	0.0	0.0	1.0	0.0
n430	1.3271875640971096e-20	1.2103319412408793e-13	7.306236548807212e-14	1.5934144812971902e-13	1.3264740973997963e-13	1.6480205607672734e-13	1.3894278943682604e-14	8.645853031725089e-14	0.9999999999992354	1.3271875640971099e-14
KY241677	0.0	0.0	0.0	0.0	0.0	0.0	0.0	0.0	1.0	0.0
KY558989	0.0	0.0	0.0	0.0	0.0	0.0	0.0	1.0	0.0	0.0
n205	8.818794444644243e-12	0.02845989800754218	4.8547921959855934e-05	0.00010587802439735873	0.00010028277285990117	0.00010950641008937686	9.23236423212297e-06	0.9711051493425049	5.2686353150858725e-05	8.818794444644245e-06
MF098767	0.0	0.0	0.0	0.0	1.0	0.0	0.0	0.0	0.0	0.0
n288	1.6887065978863408e-11	0.00015400228307954806	9.2964176273628e-05	0.007649913324822778	0.00016877992808689898	0.00020969328448412208	1.767900872476324e-05	0.9915891920739158	0.00010088883774636403	1.688706597886341e-05
n289	2.2100956814336187e-14	2.019063933930133e-07	1.2166691642440524e-07	7.954315060600249e-07	2.209554043418883e-07	2.74436200488619e-07	2.3137412315159598e-08	0.9999982083268666	1.320383214509733e-07	2.210095681433619e-08
n310	1.38643405339155e-13	2.29788440586763e-06	0.00010299531775950831	1.6645455079595773e-06	1.3856887370912206e-06	1.7215893887314142e-06	1.4514528312317158e-07	0.9998888228844691	8.283009045723421e-07	1.38643405339155e-07
n312	5.552163198255954e-19	2.763775830120968e-11	1.194209986171949e-09	6.665898236203663e-12	5.549178478049734e-12	6.894340895574384e-12	5.812539712116578e-13	0.9999999987545892	3.317043308478146e-12	5.552163198255951e-13
n305	2.945404794654562e-11	0.9419598734255674	0.037451883430387675	0.0003536237665305123	0.00029438214101443834	0.004207350104420521	3.0835337013447374e-05	0.015496629632506288	0.00017596808515890405	2.945404794654563e-05
n307	4.575581210553293e-11	0.91976900272208	0.007433246317459846	0.0005493418984984915	0.00045731214792365637	0.03155641612306811	4.7901595365045676e-05	0.0398676631987327	0.00027336013901089334	4.5755812105532925e-05
KY693678	0.0	0.0	0.0	0.0	0.0	0.0	0.0	1.0	0.0	0.0
KY693679	0.0	0.0	0.0	0.0	0.0	0.0	0.0	1.0	0.0	0.0
n61	0.0	0.0	0.0	0.0	0.0	0.0	0.0	1.0	0.0	0.0
KY559018	0.0	0.0	0.0	0.0	0.0	0.0	0.0	1.0	0.0	0.0
KX766028	0.0	1.0	0.0	0.0	0.0	0.0	0.0	0.0	0.0	0.0
n86	0.0	0.0	0.0	1.0	0.0	0.0	0.0	0.0	0.0	0.0
KY441403	0.0	0.0	0.0	0.0	0.0	0.0	0.0	1.0	0.0	0.0
KY441402	0.0	0.0	0.0	0.0	0.0	0.0	0.0	1.0	0.0	0.0
KU758877	0.0	0.0	0.0	0.0	0.0	0.0	0.0	1.0	0.0	0.0
KY348640	0.0	0.0	0.0	0.0	0.0	0.0	0.0	1.0	0.0	0.0
KU937936	0.0	0.0	0.0	0.0	0.0	0.0	0.0	1.0	0.0	0.0
KY785456	0.0	0.0	0.0	0.0	0.0	0.0	0.0	1.0	0.0	0.0
n80	9.888903779505414e-13	0.9900068720370029	5.443892948967817e-06	1.1872566419633005e-05	9.883587723425267e-06	0.005751138192412119	1.0352657851579443e-06	0.004206857612820936	5.907953519863471e-06	9.888903779505415e-07
KY785481	0.0	1.0	0.0	0.0	0.0	0.0	0.0	0.0	0.0	0.0
KY693677	0.0	0.0	1.0	0.0	0.0	0.0	0.0	0.0	0.0	0.0
KY765325	0.0	0.0	1.0	0.0	0.0	0.0	0.0	0.0	0.0	0.0
KY785418	0.0	0.0	1.0	0.0	0.0	0.0	0.0	0.0	0.0	0.0
KY014315	0.0	0.0	1.0	0.0	0.0	0.0	0.0	0.0	0.0	0.0
n111	3.230943183403e-16	2.9464665289170917e-09	0.9999999812369016	3.879053568577659e-09	3.2292062997667838e-09	4.011989276049021e-09	3.3824628150378335e-10	2.1047710717934673e-09	1.9302707942638445e-09	3.2309431834030003e-10
MF434516	0.0	0.0	1.0	0.0	0.0	0.0	0.0	0.0	0.0	0.0
KY785442	0.0	0.0	1.0	0.0	0.0	0.0	0.0	0.0	0.0	0.0
KY014319	0.0	0.0	1.0	0.0	0.0	0.0	0.0	0.0	0.0	0.0
n153	2.4779152772517216e-14	2.2597408903441666e-07	0.9999985609971165	2.974972184045824e-07	2.476583204772361e-07	3.0769240424041353e-07	2.5941206045258648e-08	1.6142173036980892e-07	1.480387372612797e-07	2.4779152772517217e-08
n157	1.3017024468381267e-14	1.187090726299418e-07	0.9999992440606863	1.562817182168905e-07	1.30100268037651e-07	1.6163746967066495e-07	1.3627476166375348e-08	8.479832354408587e-08	7.776794803636803e-08	1.301702446838127e-08
KY328289	0.0	0.0	1.0	0.0	0.0	0.0	0.0	0.0	0.0	0.0
n140	1.1976391320786235e-14	1.0921899321900973e-07	0.9999993044935065	1.4378793081296875e-07	1.196995311976452e-07	1.487155220134877e-07	1.2538041061506485e-08	7.801920543189276e-08	7.155086634126414e-08	1.1976391320786238e-08
KY120349	0.0	0.0	1.0	0.0	0.0	0.0	0.0	0.0	0.0	0.0
KX856011	0.0	0.0	1.0	0.0	0.0	0.0	0.0	0.0	0.0	0.0
KY648934	0.0	0.0	1.0	0.0	0.0	0.0	0.0	0.0	0.0	0.0
n450	0.0	0.0	0.0	0.0	0.0	0.0	0.0	0.0	1.0	0.0
KY241690	0.0	0.0	0.0	0.0	0.0	0.0	0.0	0.0	1.0	0.0
KY241675	0.0	0.0	0.0	0.0	0.0	0.0	0.0	0.0	1.0	0.0
KY241681	0.0	0.0	0.0	0.0	0.0	0.0	0.0	0.0	1.0	0.0
n206	0.0	1.0	0.0	0.0	0.0	0.0	0.0	0.0	0.0	0.0
KY559026	0.0	0.0	0.0	0.0	0.0	0.0	0.0	1.0	0.0	0.0
KU729217	0.0	0.0	0.0	0.0	0.0	0.0	0.0	1.0	0.0	0.0
KY120352	0.0	0.0	0.0	1.0	0.0	0.0	0.0	0.0	0.0	0.0
KY785426	0.0	0.0	0.0	0.0	0.0	0.0	0.0	1.0	0.0	0.0
MF073358	0.0	0.0	0.0	0.0	0.0	0.0	0.0	1.0	0.0	0.0
n311	1.05417902174247e-14	9.841156812022456e-08	2.8311235241764125e-07	1.2656418463858145e-07	1.0536123184027417e-07	1.3090152092932301e-07	1.1036162318649188e-08	0.9999991710910873	6.298009163540621e-08	1.0541790217424702e-08
KX198135	0.0	0.0	1.0	0.0	0.0	0.0	0.0	0.0	0.0	0.0
n315	5.472037821627801e-15	4.990504694867302e-08	7.795002558479903e-06	6.569700126085336e-08	5.469096175052909e-08	6.79484278134087e-08	5.72865674308827e-09	0.9999919228635658	3.269173796200989e-08	5.472037821627805e-09
n314	1.0235126884991196e-14	9.334051054434202e-08	5.63987732361479e-08	1.2288240063154983e-07	1.0229624707022716e-07	1.270935623935145e-07	1.0715117577280697e-08	0.9999994158902663	6.114798490784516e-08	1.02351268849912e-08
KY785469	0.0	0.0	0.0	0.0	0.0	0.0	0.0	1.0	0.0	0.0
KU647676	0.0	1.0	0.0	0.0	0.0	0.0	0.0	0.0	0.0	0.0
n306	1.8877737108534018e-14	2.2678932893341036e-05	0.9999759393286007	2.266451291180009e-07	1.8867588854352072e-07	3.2622809922943604e-07	1.9763035181083727e-08	4.887668418154048e-07	1.1278175608156118e-07	1.887773710853402e-08
KY075932	0.0	0.0	0.0	0.0	0.0	1.0	0.0	0.0	0.0	0.0
KY785451	0.0	1.0	0.0	0.0	0.0	0.0	0.0	0.0	0.0	0.0
KY559024	0.0	0.0	0.0	0.0	0.0	0.0	0.0	1.0	0.0	0.0
KY559023	0.0	0.0	0.0	0.0	0.0	0.0	0.0	1.0	0.0	0.0
KX056898	0.0	0.0	0.0	1.0	0.0	0.0	0.0	0.0	0.0	0.0
n87	0.0	0.0	0.0	1.0	0.0	0.0	0.0	0.0	0.0	0.0
n82	1.0919523662466958e-12	0.993274747405144	6.011254553349913e-06	1.3109923274240492e-05	1.0913653567919325e-05	0.005995430337647193	1.1431610105665322e-06	0.0006910286319060546	6.5236794386253645e-06	1.0919523662466957e-06
KX377337	0.0	1.0	0.0	0.0	0.0	0.0	0.0	0.0	0.0	0.0
KY075933	0.0	0.0	0.0	0.0	0.0	1.0	0.0	0.0	0.0	0.0
n113	3.592186770793006e-14	3.2759035009128404e-07	0.9999979139048183	4.3127607392853454e-07	3.5902556905894076e-07	4.460558414329558e-07	3.760647429299792e-08	2.340100203087121e-07	2.1460894907782148e-07	3.592186770793007e-08
KY785448	0.0	0.0	1.0	0.0	0.0	0.0	0.0	0.0	0.0	0.0
MF434522	0.0	0.0	1.0	0.0	0.0	0.0	0.0	0.0	0.0	0.0
MF434521	0.0	0.0	1.0	0.0	0.0	0.0	0.0	0.0	0.0	0.0
n154	1.153719539893291e-15	1.052137352806305e-08	0.9999999329998986	1.3851496743583034e-08	1.153099325771323e-08	1.4326185495842855e-08	1.2078248428254276e-09	7.515810011776926e-09	6.8926966715705445e-09	1.1537195398932913e-09
KY014312	0.0	0.0	1.0	0.0	0.0	0.0	0.0	0.0	0.0	0.0
KY785452	0.0	0.0	1.0	0.0	0.0	0.0	0.0	0.0	0.0	0.0
KX446950	0.0	0.0	1.0	0.0	0.0	0.0	0.0	0.0	0.0	0.0
KX446951	0.0	0.0	1.0	0.0	0.0	0.0	0.0	0.0	0.0	0.0
KY241694	0.0	0.0	0.0	0.0	0.0	0.0	0.0	0.0	1.0	0.0
KY241686	0.0	0.0	0.0	0.0	0.0	0.0	0.0	0.0	1.0	0.0
KY014302	0.0	1.0	0.0	0.0	0.0	0.0	0.0	0.0	0.0	0.0
KY785476	0.0	1.0	0.0	0.0	0.0	0.0	0.0	0.0	0.0	0.0
n209	1.0111983650239529e-13	0.9999314265330984	5.566699577733177e-07	3.632984812960976e-05	2.8961462797033236e-05	1.2556444481963138e-06	1.058619936707798e-07	6.587367668612439e-07	6.041228707578992e-07	1.0111983650239533e-07
n285	2.874216557004534e-11	0.028091855082583116	0.00015822711594091473	0.0003450769437725136	0.962593190288127	0.008393864789885287	3.0090069910156252e-05	0.00018723844771795822	0.00017171506775095832	2.874216557004534e-05
n218	1.477870703866274e-12	0.9999195171499938	8.13575506815791e-06	1.77432387458167e-05	1.4770762332438335e-05	1.8351296923009845e-05	1.5471775322264926e-06	9.627465816568635e-06	8.829281406201065e-06	1.477870703866274e-06
MF438286	0.0	1.0	0.0	0.0	0.0	0.0	0.0	0.0	0.0	0.0
n276	2.3110890956370286e-14	0.9999922122284076	1.2722665638884453e-07	2.7746815387479157e-07	6.760168237987906e-06	2.869769466206499e-07	2.4194708741359557e-08	1.505539774831568e-07	1.3807199727824385e-07	2.311089095637029e-08
n221	2.3738298105257732e-15	0.9996154486225118	1.3068056536613594e-08	2.8500077144709976e-08	5.017895375586063e-07	0.0003839735146805169	2.485153903224864e-09	1.5464116918618093e-08	1.4182033213547968e-08	2.373829810525774e-09
MF098766	0.0	0.0	0.0	0.0	1.0	0.0	0.0	0.0	0.0	0.0
MH063261	0.0	1.0	0.0	0.0	0.0	0.0	0.0	0.0	0.0	0.0
MF384325	0.0	1.0	0.0	0.0	0.0	0.0	0.0	0.0	0.0	0.0
MF783072	0.0	1.0	0.0	0.0	0.0	0.0	0.0	0.0	0.0	0.0
n271	0.0	1.0	0.0	0.0	0.0	0.0	0.0	0.0	0.0	0.0
KY415990	0.0	1.0	0.0	0.0	0.0	0.0	0.0	0.0	0.0	0.0
KY415986	0.0	1.0	0.0	0.0	0.0	0.0	0.0	0.0	0.0	0.0
KY415987	0.0	1.0	0.0	0.0	0.0	0.0	0.0	0.0	0.0	0.0
n275	0.0	1.0	0.0	0.0	0.0	0.0	0.0	0.0	0.0	0.0
KY317936	0.0	0.0	0.0	0.0	0.0	0.0	0.0	1.0	0.0	0.0
KY317939	0.0	0.0	0.0	0.0	0.0	0.0	0.0	1.0	0.0	0.0
KY785466	0.0	0.0	0.0	0.0	0.0	0.0	0.0	1.0	0.0	0.0
n317	9.981848027586298e-18	9.102971152049538e-11	6.832210455834705e-11	1.1984154785299076e-10	9.976482006732894e-11	1.2394850003818228e-10	1.04499608510937e-11	0.9999999994170266	5.963481443872453e-11	9.981848027586295e-12
n320	1.4208436201112743e-13	1.2957418108509092e-06	0.9997901163986936	1.7058574546576845e-06	1.4200798059884911e-06	1.7643169382553474e-06	1.4874760830514651e-07	0.0002025579148826501	8.4885830156513e-07	1.4208436201112748e-07
KY317940	0.0	0.0	0.0	0.0	0.0	0.0	0.0	1.0	0.0	0.0
KY317938	0.0	0.0	0.0	0.0	0.0	0.0	0.0	1.0	0.0	0.0
KU922960	0.0	0.0	1.0	0.0	0.0	0.0	0.0	0.0	0.0	0.0
KU922923	0.0	0.0	1.0	0.0	0.0	0.0	0.0	0.0	0.0	0.0
KY379148	0.0	0.0	0.0	1.0	0.0	0.0	0.0	0.0	0.0	0.0
KU955590	0.0	0.0	0.0	1.0	0.0	0.0	0.0	0.0	0.0	0.0
MF167360	0.0	0.0	0.0	1.0	0.0	0.0	0.0	0.0	0.0	0.0
n83	1.6425137103243727e-13	0.9994070401378206	9.042123379488506e-07	1.97199341136129e-06	1.6416307312610525e-06	0.0005261341089323225	1.719541704385657e-07	6.0990419820422814e-05	9.81291240435168e-07	1.6425137103243731e-07
KY075934	0.0	0.0	0.0	0.0	0.0	1.0	0.0	0.0	0.0	0.0
KY785414	0.0	0.0	1.0	0.0	0.0	0.0	0.0	0.0	0.0	0.0
KY693676	0.0	0.0	1.0	0.0	0.0	0.0	0.0	0.0	0.0	0.0
KY765317	0.0	0.0	1.0	0.0	0.0	0.0	0.0	0.0	0.0	0.0
KY765318	0.0	0.0	1.0	0.0	0.0	0.0	0.0	0.0	0.0	0.0
n210	3.5854308489207596e-15	0.9999995984972303	1.9737983251392922e-08	1.5788476379258453e-07	1.2724179631980798e-07	4.452169322616048e-08	3.7535746789550745e-09	2.3356991139583965e-08	2.1420532827924748e-08	3.5854308489207605e-09
n213	1.1068962998690876e-11	0.9902647961650821	6.093521684966042e-05	0.005217861213636872	0.004158065309345872	0.0001374476306265328	1.158805761005905e-05	7.210783907954245e-05	6.6129593701664e-05	1.1068962998690872e-05
KX269878	0.0	0.0	0.0	0.0	1.0	0.0	0.0	0.0	0.0	0.0
n286	2.9552847237949443e-11	0.015240766891638252	0.00016268996067493572	0.0003548099456804944	0.9680840846677149	0.015728078977491285	3.0938769636788505e-05	0.00019251956603598655	0.00017655834433668967	2.9552847237949446e-05
MH063260	0.0	1.0	0.0	0.0	0.0	0.0	0.0	0.0	0.0	0.0
MH063264	0.0	1.0	0.0	0.0	0.0	0.0	0.0	0.0	0.0	0.0
n277	2.613484541582584e-12	0.9989592618920663	1.438736829217018e-05	3.1377359371484686e-05	0.0009245320522340159	3.245265685340903e-05	2.7360475804679793e-06	1.702532773698829e-05	1.5613808710073047e-05	2.613484541582584e-06
n281	6.679606425871914e-15	0.9999995843147013	3.6771580687281076e-08	8.01950070681291e-08	1.1868307643081396e-07	8.29432781428975e-08	6.992855977988084e-09	4.351374065740529e-08	3.990614650009908e-08	6.6796064258719145e-09
n239	2.281922715081436e-11	0.9708480526811752	0.00012562103197390624	0.00027396645340671045	0.011352956482151113	0.017067711273884328	2.3889366950809637e-05	0.00014865395787347515	0.0001363295026144551	2.281922715081437e-05
n237	2.1964252888804186e-13	0.9999678038413343	1.209143542062933e-06	2.6370167691937046e-06	2.220408264541315e-06	2.293694529906575e-05	2.299429746648094e-07	1.4308429913403661e-06	1.3122160763108577e-06	2.1964252888804182e-07
n224	2.5575231767737774e-15	1.658988111318986e-05	1.4079298069130239e-08	3.070549013844098e-08	2.5569406010275e-08	0.9999833025894557	2.6774618286302795e-09	1.6660772079084088e-08	1.5279477271957795e-08	2.5575231767737774e-09
KY785424	0.0	1.0	0.0	0.0	0.0	0.0	0.0	0.0	0.0	0.0
KY415988	0.0	1.0	0.0	0.0	0.0	0.0	0.0	0.0	0.0	0.0
KX673530	0.0	0.0	0.0	0.0	1.0	0.0	0.0	0.0	0.0	0.0
KY415991	0.0	1.0	0.0	0.0	0.0	0.0	0.0	0.0	0.0	0.0
KY415989	0.0	1.0	0.0	0.0	0.0	0.0	0.0	0.0	0.0	0.0
KU820897	0.0	0.0	0.0	0.0	0.0	0.0	0.0	1.0	0.0	0.0
KX247646	0.0	0.0	0.0	0.0	0.0	0.0	0.0	1.0	0.0	0.0
n319	0.0	0.0	0.0	0.0	0.0	0.0	0.0	1.0	0.0	0.0
n321	2.2696328357957418e-15	2.069797209741656e-08	0.9999972684077717	2.7249093689668785e-08	2.268412731352878e-08	2.8182916115014413e-08	2.376070464594861e-09	2.614572887029304e-06	1.3559526515797288e-08	2.2696328357957424e-09
KX156775	0.0	0.0	1.0	0.0	0.0	0.0	0.0	0.0	0.0	0.0
KY785464	0.0	1.0	0.0	0.0	0.0	0.0	0.0	0.0	0.0	0.0
KY785462	0.0	1.0	0.0	0.0	0.0	0.0	0.0	0.0	0.0	0.0
KY785423	0.0	1.0	0.0	0.0	0.0	0.0	0.0	0.0	0.0	0.0
n211	1.5737759469013832e-15	0.9999999055955643	8.663718417755784e-09	2.373816034820296e-08	1.9584526100359403e-08	1.9542189730348396e-08	1.6475803867241541e-09	1.0252232547876522e-08	9.402250595502827e-09	1.5737759469013823e-09
LC190723	0.0	0.0	0.0	1.0	0.0	0.0	0.0	0.0	0.0	0.0
n214	2.1492030161255174e-11	0.9773026781139448	0.00011831474353744021	0.00230995899380659	0.01968977280858172	0.00026687492074622314	2.249992918895898e-05	0.00014000804344036107	0.00012840039510077008	2.1492030161255174e-05
KU853012	0.0	0.0	0.0	0.0	1.0	0.0	0.0	0.0	0.0	0.0
KX922707	0.0	0.0	0.0	0.0	0.0	1.0	0.0	0.0	0.0	0.0
n278	1.5617780792004688e-13	0.9999854171854804	8.597669532221049e-07	1.8750626326607522e-06	7.638519744598068e-06	1.9393207527746736e-06	1.6350198621174226e-07	1.0174073436352032e-06	9.330571422264863e-07	1.5617780792004692e-07
n279	0.0	0.0	0.0	0.0	1.0	0.0	0.0	0.0	0.0	0.0
n282	1.5420996644605075e-15	0.9999999158657589	8.48933883587859e-09	1.8514368303522763e-08	1.556627481130372e-08	1.9148852977025605e-08	1.6144186003995651e-09	1.0045880039773017e-08	9.213006156973039e-09	1.5420996644605078e-09
n284	9.311137640401015e-14	0.999994928844387	5.125829685237675e-07	1.1178903385566042e-06	9.310485563194291e-07	1.156200275727732e-06	9.747796555550631e-08	6.065663194473723e-07	5.562777191800295e-07	9.311137640401018e-08
n240	1.7944921778249653e-11	0.962587245957222	9.878772745352584e-05	0.0002154457968166747	0.0047357179173048445	0.032101961673320994	1.8786474161938584e-05	0.00011690070081849953	0.00010720881317826627	1.794492177824966e-05
MF098765	0.0	0.0	0.0	0.0	1.0	0.0	0.0	0.0	0.0	0.0
KY785430	0.0	1.0	0.0	0.0	0.0	0.0	0.0	0.0	0.0	0.0
n238	6.62880588324384e-14	0.9999963130289119	3.649192105868821e-07	7.958509839756078e-07	6.626200105723284e-07	9.00041504688278e-07	6.939673072356724e-08	4.318280474647923e-07	3.9602647496243335e-07	6.628805883243841e-08
KY325471	0.0	0.0	0.0	0.0	0.0	1.0	0.0	0.0	0.0	0.0
n236	2.3955082086462266e-13	2.2335594152453972e-06	1.3187397245456807e-06	2.8760346864159575e-06	2.3942204598050913e-06	0.9999876954211524	2.5078489403609826e-07	1.5605339040632307e-06	1.431154703159741e-06	2.3955082086462265e-07
n227	9.461404608653095e-14	9.050996225982047e-07	5.208552432588665e-07	1.135931312549333e-06	9.456318568806614e-07	0.999995117206225	9.905110504942272e-08	6.163553361483705e-07	5.652551577697745e-07	9.461404608653096e-08
n235	1.9701632934217494e-13	1.8375986148286348e-06	1.0845851370909272e-06	2.3653677951646937e-06	1.9691041967471266e-06	0.9999898795857628	2.062556876203765e-07	1.2834464957492301e-06	1.177039783539989e-06	1.9701632934217494e-07
KY325482	0.0	0.0	0.0	0.0	0.0	1.0	0.0	0.0	0.0	0.0
KX702400	0.0	0.0	0.0	0.0	0.0	0.0	0.0	1.0	0.0	0.0
KX893855	0.0	0.0	0.0	0.0	0.0	0.0	0.0	1.0	0.0	0.0
KX156774	0.0	0.0	1.0	0.0	0.0	0.0	0.0	0.0	0.0	0.0
KX156776	0.0	0.0	1.0	0.0	0.0	0.0	0.0	0.0	0.0	0.0
n212	3.0159212207967606e-14	0.9999983555075689	1.6602803136344235e-07	3.6323823902733363e-07	3.0234400027180403e-07	3.744987005592318e-07	3.157357094619059e-08	1.9646968021440706e-07	1.8018096635710523e-07	3.0159212207967606e-08
KY785419	0.0	1.0	0.0	0.0	0.0	0.0	0.0	0.0	0.0	0.0
MF098764	0.0	0.0	0.0	0.0	1.0	0.0	0.0	0.0	0.0	0.0
KY785413	0.0	1.0	0.0	0.0	0.0	0.0	0.0	0.0	0.0	0.0
KY785484	0.0	1.0	0.0	0.0	0.0	0.0	0.0	0.0	0.0	0.0
KY785435	0.0	1.0	0.0	0.0	0.0	0.0	0.0	0.0	0.0	0.0
MF664436	0.0	0.0	0.0	0.0	1.0	0.0	0.0	0.0	0.0	0.0
MF098768	0.0	0.0	0.0	0.0	1.0	0.0	0.0	0.0	0.0	0.0
MF098769	0.0	0.0	0.0	0.0	1.0	0.0	0.0	0.0	0.0	0.0
KY785415	0.0	1.0	0.0	0.0	0.0	0.0	0.0	0.0	0.0	0.0
KY785470	0.0	1.0	0.0	0.0	0.0	0.0	0.0	0.0	0.0	0.0
KY014314	0.0	1.0	0.0	0.0	0.0	0.0	0.0	0.0	0.0	0.0
KY785420	0.0	1.0	0.0	0.0	0.0	0.0	0.0	0.0	0.0	0.0
KY014318	0.0	1.0	0.0	0.0	0.0	0.0	0.0	0.0	0.0	0.0
n241	4.389403304079943e-31	7.46030468996333e-22	2.416389342040088e-24	5.269894759549569e-24	7.899996225313777e-24	1.0	4.595250554860261e-25	2.859440284905119e-24	2.6223726389353582e-24	4.3894033040799425e-25
KY785425	0.0	1.0	0.0	0.0	0.0	0.0	0.0	0.0	0.0	0.0
KY785453	0.0	1.0	0.0	0.0	0.0	0.0	0.0	0.0	0.0	0.0
KY014300	0.0	1.0	0.0	0.0	0.0	0.0	0.0	0.0	0.0	0.0
KY325464	0.0	0.0	0.0	0.0	0.0	1.0	0.0	0.0	0.0	0.0
KY325476	0.0	0.0	0.0	0.0	0.0	1.0	0.0	0.0	0.0	0.0
n228	4.5525339298363403e-14	4.155525192614136e-07	2.506193599733085e-07	5.465748539719781e-07	4.5500865900603215e-07	0.9999976705046518	4.7660314210944045e-08	2.9657103746360047e-07	2.719832193211984e-07	4.552533929836341e-08
n229	1.706654763658894e-14	1.5581292389944505e-07	9.395223213173643e-08	2.0490008259223995e-07	1.7057373046158756e-07	0.9999991266878335	1.7866907427642484e-08	1.1117860550875884e-07	1.0196111968494256e-07	1.7066547636588943e-08
KY075937	0.0	0.0	0.0	0.0	0.0	1.0	0.0	0.0	0.0	0.0
KY785422	0.0	0.0	0.0	0.0	0.0	1.0	0.0	0.0	0.0	0.0
KY785465	0.0	1.0	0.0	0.0	0.0	0.0	0.0	0.0	0.0	0.0
KY785441	0.0	1.0	0.0	0.0	0.0	0.0	0.0	0.0	0.0	0.0
KY785443	0.0	0.0	0.0	0.0	0.0	1.0	0.0	0.0	0.0	0.0
n243	2.4227244401974523e-15	2.2094094716678275e-08	1.3337224015281648e-08	2.908710352352869e-08	2.4214220370921136e-08	0.9999998760515063	2.536341515427103e-09	1.578263691806486e-08	1.4474145672028842e-08	2.4227244401974526e-09
n254	3.6807790328443585e-14	3.3566954307110066e-07	2.0262879961617088e-07	4.419124147971694e-07	3.678800327398991e-07	0.9999981168844101	3.853394350269528e-08	2.397812895562894e-07	2.1990173964479707e-07	3.680779032844359e-08
KY325472	0.0	0.0	0.0	0.0	0.0	1.0	0.0	0.0	0.0	0.0
KX842449	0.0	0.0	0.0	0.0	0.0	1.0	0.0	0.0	0.0	0.0
KY075936	0.0	0.0	0.0	0.0	0.0	1.0	0.0	0.0	0.0	0.0
n263	5.5177451533231486e-17	5.031921171772984e-10	3.037547396975435e-10	6.624576110607061e-10	5.514778935497082e-10	0.9999999971770782	5.776507584486002e-11	3.594489200522283e-10	3.2964808463244544e-10	5.517745153323149e-11
KY325483	0.0	0.0	0.0	0.0	0.0	1.0	0.0	0.0	0.0	0.0
n261	3.903956448617134e-14	3.5602226202210664e-07	2.149148323978048e-07	4.687069791685399e-07	3.9018577679263274e-07	0.9999980027050834	4.08703798531871e-08	2.5431999673656884e-07	2.3323508607497894e-07	3.9039564486171346e-08
KX922704	0.0	0.0	0.0	0.0	0.0	1.0	0.0	0.0	0.0	0.0
KX922706	0.0	0.0	0.0	0.0	0.0	1.0	0.0	0.0	0.0	0.0
KY325478	0.0	0.0	0.0	0.0	0.0	1.0	0.0	0.0	0.0	0.0
KX922705	0.0	0.0	0.0	0.0	0.0	1.0	0.0	0.0	0.0	0.0
KY014298	0.0	0.0	0.0	0.0	0.0	1.0	0.0	0.0	0.0	0.0
n230	3.0748071138865553e-15	2.8041613668264916e-08	1.692697303963481e-08	3.691597416221696e-08	3.073154165589902e-08	0.9999998426896075	3.219004524610923e-09	2.003057527565922e-08	1.83699001592428e-08	3.074807113886556e-09
KY325473	0.0	0.0	0.0	0.0	0.0	1.0	0.0	0.0	0.0	0.0
n244	4.552265168003685e-16	4.1514493406072884e-09	2.5060456449467544e-09	5.465425865662431e-09	4.549817970876035e-09	0.9999999767102522	4.765750055297034e-10	2.9655352919748552e-09	2.7196716261308755e-09	4.5522651680036855e-10
KY014326	0.0	0.0	0.0	0.0	0.0	1.0	0.0	0.0	0.0	0.0
KY325467	0.0	0.0	0.0	0.0	0.0	1.0	0.0	0.0	0.0	0.0
KX832731	0.0	0.0	0.0	0.0	0.0	1.0	0.0	0.0	0.0	0.0
KX838904	0.0	0.0	0.0	0.0	0.0	1.0	0.0	0.0	0.0	0.0
KY014324	0.0	0.0	0.0	0.0	0.0	1.0	0.0	0.0	0.0	0.0
n262	5.347505721071965e-15	4.8766709056566845e-08	2.9438297043441035e-08	6.42018753436133e-08	5.344631020201577e-08	0.9999997264173889	5.598284534263161e-09	3.483588137909527e-08	3.1947742592836976e-08	5.347505721071965e-09
KY325477	0.0	0.0	0.0	0.0	0.0	1.0	0.0	0.0	0.0	0.0
n231	2.3192885317554716e-15	2.1150815490425935e-08	1.2767803961054419e-08	2.78452573907275e-08	2.3180417335084242e-08	0.999999881343362	2.428054834360754e-09	1.510881229313272e-08	1.3856185832408849e-08	2.319288531755472e-09
KX838906	0.0	0.0	0.0	0.0	0.0	1.0	0.0	0.0	0.0	0.0
n245	2.0729261096755882e-16	1.890410029632392e-09	1.141156601764267e-09	2.4887442974672486e-09	2.0718117504205335e-09	0.9999999893947465	2.1701388994757042e-10	1.350390477933187e-09	1.2384336402843732e-09	2.0729261096755888e-10
n252	3.55574081870932e-15	3.2426665258769636e-08	1.957453809131596e-08	4.2690039189188756e-08	3.553829331043933e-08	0.9999998180854947	3.72249229295602e-09	2.3163577906473827e-08	2.1243154907779477e-08	3.5557408187093194e-09
KY785472	0.0	0.0	0.0	0.0	0.0	1.0	0.0	0.0	0.0	0.0
KY075938	0.0	0.0	0.0	0.0	0.0	1.0	0.0	0.0	0.0	0.0
n232	1.0717699423042332e-15	9.774032176058183e-09	5.900149260141217e-09	1.2867614140495837e-08	1.071193782474454e-08	0.9999999451674043	1.1220321034246842e-09	6.98195617232657e-09	6.403103058038707e-09	1.0717699423042332e-09
n233	8.749320098094045e-16	7.978963842724545e-09	4.816546206970855e-09	1.050438816859463e-08	8.744616657010818e-09	0.9999999552377882	9.159631788230967e-10	5.699671828005821e-09	5.227129075426415e-09	8.749320098094045e-10
n246	5.316142895484528e-17	4.848069500246542e-10	2.926564305784053e-10	6.382533489208023e-10	5.31328505457591e-10	0.9999999972802194	5.5654509047926833e-11	3.46315708595998e-10	3.1760370847744086e-10	5.316142895484529e-11
n250	7.391027644925314e-16	6.740265716197531e-09	4.068799148923206e-09	8.873629319382433e-09	7.387054391840199e-09	0.9999999621869194	7.737640297204278e-10	4.814823503482272e-09	4.415640880310866e-09	7.391027644925316e-10
KY785412	0.0	0.0	0.0	0.0	0.0	1.0	0.0	0.0	0.0	0.0
KY075935	0.0	0.0	0.0	0.0	0.0	1.0	0.0	0.0	0.0	0.0
KY014299	0.0	0.0	0.0	0.0	0.0	1.0	0.0	0.0	0.0	0.0
KX922708	0.0	0.0	0.0	0.0	0.0	1.0	0.0	0.0	0.0	0.0
KY785459	0.0	0.0	0.0	0.0	0.0	1.0	0.0	0.0	0.0	0.0
MF988743	0.0	0.0	0.0	0.0	0.0	1.0	0.0	0.0	0.0	0.0
n247	1.7985578383249913e-15	1.6401992143249224e-08	9.901154417803336e-09	2.159339179000866e-08	1.7975909733877736e-08	0.9999999079843622	1.8829037415698497e-09	1.171655548912095e-08	1.0745170899156641e-08	1.7985578383249919e-09
n249	2.9890899859965025e-16	2.7259079147234297e-09	1.6455095793651772e-09	3.588685878644013e-09	2.9874831172931093e-09	0.9999999847075798	3.1292675712688427e-10	1.9472178173330167e-09	1.7857798091387555e-09	2.989089985996503e-10
KX838905	0.0	0.0	0.0	0.0	0.0	1.0	0.0	0.0	0.0	0.0
n251	1.4500663493181023e-15	1.322391549601528e-08	7.982690650654838e-09	1.7409421112358708e-08	1.4492868257020588e-08	0.9999999258134615	1.5180692533070649e-09	9.446336660774436e-09	8.663169127243672e-09	1.4500663493181025e-09
n248	0.0	0.0	0.0	0.0	0.0	1.0	0.0	0.0	0.0	0.0
KY325468	0.0	0.0	0.0	0.0	0.0	1.0	0.0	0.0	0.0	0.0
KX922703	0.0	0.0	0.0	0.0	0.0	1.0	0.0	0.0	0.0	0.0
KY785445	0.0	0.0	0.0	0.0	0.0	1.0	0.0	0.0	0.0	0.0
KY785474	0.0	0.0	0.0	0.0	0.0	1.0	0.0	0.0	0.0	0.0
KY325469	0.0	0.0	0.0	0.0	0.0	1.0	0.0	0.0	0.0	0.0
KY785468	0.0	0.0	0.0	0.0	0.0	1.0	0.0	0.0	0.0	0.0
KY075939	0.0	0.0	0.0	0.0	0.0	1.0	0.0	0.0	0.0	0.0
