node	Africa	Caribbean	Central America	Eastern Asia	Europe	Northern America	Oceania	South America	South-eastern Asia	Southern Asia
NODE_0000445	8.82348413997253e-09	0.13364867886647572	0.11664168404209854	0.1569408812976559	0.15276853219560435	0.1777679627773298	0.019583905706088936	0.008138942508209141	0.22568591964308085	0.008823484139972526
node_1	1.1335430967673693e-14	1.7169695657394156e-07	1.4984826134866613e-07	1.994873806496389e-07	1.9626001738826727e-07	2.2837647476607174e-07	2.515919441234982e-08	1.0456008022241082e-08	0.9999990073802645	1.1335430967673693e-08
node_2	1.767138566472216e-09	0.02676672061018118	0.023360615269344267	0.058629737771702564	0.0305959823470647	0.03560317289816702	0.0039225739956277456	0.0016300408056948428	0.8177240159686069	0.0017671385664722163
HQ234499	0.0	0.0	0.0	0.0	0.0	0.0	0.0	0.0	1.0	0.0
KX377336	0.0	0.0	0.0	0.0	0.0	0.0	0.0	0.0	1.0	0.0
node_4	2.1386681903573888e-09	0.03239425306837025	0.02827203578237858	0.13644188634820262	0.03702859268644243	0.04308817159560241	0.00474694006823632	0.0019727464989253854	0.7139167036228166	0.0021386681903573885
node_3	1.3571467281966562e-10	0.002055660376038346	0.0017940745102260148	0.003573306717063148	0.00234974427733618	0.00273496143047042	0.0003018971556893492	0.00012518568652440638	0.9869294550381177	0.00013571467281966562
KU681082	0.0	0.0	0.0	0.0	0.0	0.0	0.0	0.0	1.0	0.0
node_7	8.636009815269062e-13	1.308090187706985e-05	1.1416337495226822e-05	0.9999023803483813	1.495226287684577e-05	1.7399091977191455e-05	1.916782991585247e-06	7.966012775881023e-07	3.719407127816737e-05	8.636009815269062e-07
node_5	8.010676629182069e-11	0.001213371420328829	0.0010589680873471679	0.0015689686076773197	0.0013869570014749145	0.0016140163007976691	0.00017788960796210883	7.389194053333499e-05	0.9928258301874802	8.010676629182068e-05
node_6	3.282073056486972e-12	4.971332423612259e-05	4.338722916988549e-05	7.456623139003191e-05	5.682533967809869e-05	6.792281706076131e-05	9.02285546040691e-06	3.027443976861153e-06	0.9996922526826892	3.2820730564869715e-06
KY120353	0.0	0.0	0.0	1.0	0.0	0.0	0.0	0.0	0.0	0.0
KY553111	0.0	0.0	0.0	1.0	0.0	0.0	0.0	0.0	0.0	0.0
MG645981	0.0	0.0	0.0	0.0	0.0	0.0	0.0	0.0	1.0	0.0
node_8	0.0	0.0	0.0	0.0	0.0	0.0	0.0	0.0	1.0	0.0
node_9	3.500161406178722e-12	5.3016692763802976e-05	4.627023909821601e-05	0.0001684868684872024	6.0601289919844586e-05	0.00011499447742389782	7.84362899634923e-06	3.228612643534459e-06	0.9995420580257609	3.5001614061787205e-06
node_10	1.294538583015833e-12	1.9608282693902395e-05	1.71130993137263e-05	2.6885585606555043e-05	2.2413454374784204e-05	2.6198266033468077e-05	1.34100683921856e-05	1.1941059715960847e-06	0.9998718825977363	1.294538583015833e-06
KU955593	0.0	0.0	0.0	0.0	0.0	0.0	0.0	0.0	1.0	0.0
J860885	1.5326145810721796e-10	0.0023214402691999585	0.0020260335133813812	0.0026955554913642684	0.0026535467878418704	0.003087779490510244	0.0003401665607817599	0.00014137116092360704	0.9865808451146281	0.00015326145810721793
node_11	1.379198457148944e-11	0.00020890619710822291	0.00018232257022067678	0.0013322323801082403	0.0002387924322893862	0.0002948623702354666	3.0640197347117446e-05	1.2721977817462199e-05	0.9976857298765099	1.379198457148944e-05
node_12	2.682834522834425e-11	0.00040636701319588816	0.0003546562013207875	0.0004863797806487579	0.0004645021010695507	0.0030502590015694573	5.955617613940847e-05	2.4746954370857038e-05	0.9951267043996286	2.682834522834426e-05
KU179098	0.0	0.0	0.0	0.0	0.0	0.0	0.0	0.0	1.0	0.0
node_13	1.082659000448116e-12	1.639895791474051e-05	1.4312165925873879e-05	2.8396186944756778e-05	1.8745001831819894e-05	2.1844548201054863e-05	3.455836481921483e-05	9.986643848231911e-07	0.9998636634498946	1.0826590004481162e-06
KX051561	0.0	0.0	0.0	0.0	0.0	0.0	0.0	0.0	1.0	0.0
node_14	1.1582643613585804e-10	0.0017544146871915657	0.0015311627870759816	0.015971824135046137	0.0020054022149551946	0.0023447207067996633	0.0002570976478202392	0.00010684041470305645	0.9759127108544459	0.00011582643613585805
KY272987	0.0	0.0	0.0	0.0	0.0	0.0	0.0	0.0	1.0	0.0
node_15	4.442856079786007e-12	6.729562109907503e-05	5.873215238810747e-05	7.82597891411262e-05	7.692296957733732e-05	0.05079936469499934	9.861082369071971e-06	4.09817138354808e-06	0.9489010226585197	4.4428560797860075e-06
KX051560	0.0	0.0	0.0	0.0	0.0	0.0	0.0	0.0	1.0	0.0
node_16	3.5111127338627555e-12	5.31825717355999e-05	4.6415009722076004e-05	0.00017086217711041393	6.079089962836141e-05	7.0747395199393e-05	0.0003999322759653865	3.2387143476912882e-06	0.9991913198400462	3.5111127338627556e-06
KY328290	0.0	0.0	0.0	1.0	0.0	0.0	0.0	0.0	0.0	0.0
KX051562	0.0	0.0	0.0	0.0	0.0	0.0	0.0	0.0	1.0	0.0
KF993678	0.0	0.0	0.0	0.0	0.0	1.0	0.0	0.0	0.0	0.0
KX694532	0.0	0.0	0.0	0.0	0.0	0.0	0.0	0.0	1.0	0.0
KU681081	0.0	0.0	0.0	0.0	0.0	0.0	0.0	0.0	1.0	0.0
node_17	1.6705549280347558e-11	0.00025303775194004095	0.0002208383185141729	0.001530571149862663	0.00028923747156958977	0.0003365725520787309	0.004490069709436142	1.5409502981357405e-05	0.9928475579776315	1.670554928034755e-05
node_19	2.308993753919167e-12	3.49741621140605e-05	3.052364753280522e-05	0.0003147717551388301	3.9977584935756204e-05	4.651981414196704e-05	0.00025710323463477207	2.129857901577662e-06	0.9992716909475372	2.308993753919166e-06
node_18	6.266558377057795e-10	0.009491910846637822	0.008284050955980036	0.07916885461280418	0.010849828820388954	0.012625322710288423	0.2834042918871062	0.0005780387604959019	0.594971044941937	0.0006266558377057794
node_22	1.0300481706790996e-11	0.0001560206546486979	0.00013616679235382766	0.0013626192777934356	0.0001783410551083093	0.00020752528250552217	0.00011421008953789077	9.50135197032203e-06	0.9978253150040747	1.0300481706790993e-05
node_21	6.729634662209621e-13	1.0193329161026381e-05	8.896212737915718e-06	4.606838523164869e-05	1.1651592423688843e-05	1.3558287846596335e-05	2.9243083990490785e-06	6.207537606243863e-07	0.9999054141663003	6.729634662209622e-07
LC219720	0.0	0.0	0.0	1.0	0.0	0.0	0.0	0.0	0.0	0.0
node_20	2.4973471388792066e-12	3.782713727224083e-05	3.301357732337853e-05	0.00012058816807303522	4.323870828543884e-05	5.031439564956017e-05	0.999020842939252	2.3035984967031334e-06	0.0006893741260117362	2.497347138879206e-06
MG807647	0.0	0.0	0.0	0.0	0.0	0.0	0.0	0.0	1.0	0.0
node_26	9.377310538423667e-11	0.001420374474413579	0.001239629692348333	0.03957489619597233	0.001623574026055671	0.0018892595563957228	0.0002308113737949829	8.649802067201493e-05	0.9538411834611901	9.377310538423667e-05
node_25	1.4416827716390272e-12	2.1837065122748087e-05	1.9058265835901407e-05	0.0002771143838928705	2.4961087640791133e-05	2.9045779631335833e-05	3.558185445071029e-06	1.3298344517092532e-06	0.9996216537137662	1.4416827716390272e-06
node_24	5.420395438647106e-13	8.210233937263157e-06	7.165469355508768e-06	9.903291452064597e-06	9.384794509127383e-06	1.0920544598508507e-05	1.2185265826613304e-06	4.999871496005798e-07	0.9999521551123294	5.420395438647107e-07
KX447517	0.0	0.0	0.0	0.0	0.0	0.0	1.0	0.0	0.0	0.0
node_23	8.892142512139439e-20	1.346886645714292e-12	1.1754931055630708e-12	1.8140167660438194e-10	1.53957273351874e-12	1.791512409456837e-12	0.9999999997913867	8.389283388725816e-14	2.1185443563698342e-11	8.892142512139438e-14
KY126351	0.0	0.0	0.0	1.0	0.0	0.0	0.0	0.0	0.0	0.0
KY241691	0.0	0.0	0.0	0.0	0.0	0.0	0.0	0.0	1.0	0.0
MH013290	0.0	0.0	0.0	0.0	0.0	0.0	0.0	0.0	1.0	0.0
node_30	2.9994951053492025e-11	0.00045433136359400694	0.00039651701619656567	0.014757341928678488	0.0005193282577527519	0.000604312368168901	6.670410965801802e-05	2.7667889270063204e-05	0.9831438020856328	2.9994951053492017e-05
MG807646	0.0	0.0	0.0	0.0	0.0	0.0	0.0	0.0	1.0	0.0
node_29	1.2499103597420724e-163	1.893230220976738e-156	1.65231383599942e-156	2.201393852590941e-156	2.1640767751691191e-156	2.5182114418127315e-156	2.775476207256242e-157	1.1529400854555635e-157	1.0	1.249910359742073e-157
KX447515	0.0	0.0	0.0	0.0	0.0	0.0	1.0	0.0	0.0	0.0
KX447516	0.0	0.0	0.0	0.0	0.0	0.0	1.0	0.0	0.0	0.0
node_36	3.600635613910799e-17	5.453856835291581e-10	4.759845373619253e-10	6.332785664251041e-10	6.234088586576006e-10	7.254249658551911e-10	0.9999999965247303	3.32129188353034e-11	4.0256792613072534e-10	3.6006356139107995e-11
node_37	8.254313690822133e-12	0.00012502749506061622	0.00010911755880509136	0.06660185647070022	0.0001429139971041989	0.00016630078323362992	0.9327466283596404	7.613929317514802e-06	9.228708419322554e-05	8.254313690822129e-06
node_28	1.6679309926050783e-18	2.5608300814352735e-11	2.2049144845413758e-11	2.933767741096137e-11	2.887831671725864e-11	3.400916757575735e-11	0.999999996949379	2.8904218739341366e-09	1.864849266419442e-11	1.667930992605078e-12
MG548660	0.0	0.0	0.0	0.0	0.0	0.0	0.0	0.0	1.0	0.0
LC369584	0.0	0.0	0.0	1.0	0.0	0.0	0.0	0.0	0.0	0.0
KY241708	0.0	0.0	0.0	0.0	0.0	0.0	0.0	0.0	1.0	0.0
KY241758	0.0	0.0	0.0	0.0	0.0	0.0	0.0	0.0	1.0	0.0
KY241745	0.0	0.0	0.0	0.0	0.0	0.0	0.0	0.0	1.0	0.0
KY241701	0.0	0.0	0.0	0.0	0.0	0.0	0.0	0.0	1.0	0.0
KY241687	0.0	0.0	0.0	0.0	0.0	0.0	0.0	0.0	1.0	0.0
KY241695	0.0	0.0	0.0	0.0	0.0	0.0	0.0	0.0	1.0	0.0
KY241752	0.0	0.0	0.0	0.0	0.0	0.0	0.0	0.0	1.0	0.0
KY241772	0.0	0.0	0.0	0.0	0.0	0.0	0.0	0.0	1.0	0.0
KY241725	0.0	0.0	0.0	0.0	0.0	0.0	0.0	0.0	1.0	0.0
KY241737	0.0	0.0	0.0	0.0	0.0	0.0	0.0	0.0	1.0	0.0
KY241760	0.0	0.0	0.0	0.0	0.0	0.0	0.0	0.0	1.0	0.0
KY241785	0.0	0.0	0.0	0.0	0.0	0.0	0.0	0.0	1.0	0.0
KY241702	0.0	0.0	0.0	0.0	0.0	0.0	0.0	0.0	1.0	0.0
KY241709	0.0	0.0	0.0	0.0	0.0	0.0	0.0	0.0	1.0	0.0
KY241763	0.0	0.0	0.0	0.0	0.0	0.0	0.0	0.0	1.0	0.0
KY241762	0.0	0.0	0.0	0.0	0.0	0.0	0.0	0.0	1.0	0.0
KY241742	0.0	0.0	0.0	0.0	0.0	0.0	0.0	0.0	1.0	0.0
KY241757	0.0	0.0	0.0	0.0	0.0	0.0	0.0	0.0	1.0	0.0
KY241703	0.0	0.0	0.0	0.0	0.0	0.0	0.0	0.0	1.0	0.0
KY241784	0.0	0.0	0.0	0.0	0.0	0.0	0.0	0.0	1.0	0.0
KY241739	0.0	0.0	0.0	0.0	0.0	0.0	0.0	0.0	1.0	0.0
KY241705	0.0	0.0	0.0	0.0	0.0	0.0	0.0	0.0	1.0	0.0
KY241696	0.0	0.0	0.0	0.0	0.0	0.0	0.0	0.0	1.0	0.0
KY241764	0.0	0.0	0.0	0.0	0.0	0.0	0.0	0.0	1.0	0.0
KY241761	0.0	0.0	0.0	0.0	0.0	0.0	0.0	0.0	1.0	0.0
KY241746	0.0	0.0	0.0	0.0	0.0	0.0	0.0	0.0	1.0	0.0
KY241754	0.0	0.0	0.0	0.0	0.0	0.0	0.0	0.0	1.0	0.0
KY241753	0.0	0.0	0.0	0.0	0.0	0.0	0.0	0.0	1.0	0.0
KY241765	0.0	0.0	0.0	0.0	0.0	0.0	0.0	0.0	1.0	0.0
KY241733	0.0	0.0	0.0	0.0	0.0	0.0	0.0	0.0	1.0	0.0
KY241726	0.0	0.0	0.0	0.0	0.0	0.0	0.0	0.0	1.0	0.0
KY241720	0.0	0.0	0.0	0.0	0.0	0.0	0.0	0.0	1.0	0.0
KY241741	0.0	0.0	0.0	0.0	0.0	0.0	0.0	0.0	1.0	0.0
KY241735	0.0	0.0	0.0	0.0	0.0	0.0	0.0	0.0	1.0	0.0
KY241755	0.0	0.0	0.0	0.0	0.0	0.0	0.0	0.0	1.0	0.0
KY241771	0.0	0.0	0.0	0.0	0.0	0.0	0.0	0.0	1.0	0.0
KY241704	0.0	0.0	0.0	0.0	0.0	0.0	0.0	0.0	1.0	0.0
KY241719	0.0	0.0	0.0	0.0	0.0	0.0	0.0	0.0	1.0	0.0
KY241683	0.0	0.0	0.0	0.0	0.0	0.0	0.0	0.0	1.0	0.0
KY241786	0.0	0.0	0.0	0.0	0.0	0.0	0.0	0.0	1.0	0.0
KY241748	0.0	0.0	0.0	0.0	0.0	0.0	0.0	0.0	1.0	0.0
KY241722	0.0	0.0	0.0	0.0	0.0	0.0	0.0	0.0	1.0	0.0
KY241770	0.0	0.0	0.0	0.0	0.0	0.0	0.0	0.0	1.0	0.0
KY241711	0.0	0.0	0.0	0.0	0.0	0.0	0.0	0.0	1.0	0.0
KY241743	0.0	0.0	0.0	0.0	0.0	0.0	0.0	0.0	1.0	0.0
KY241699	0.0	0.0	0.0	0.0	0.0	0.0	0.0	0.0	1.0	0.0
KY241679	0.0	0.0	0.0	0.0	0.0	0.0	0.0	0.0	1.0	0.0
KX827309	0.0	0.0	0.0	0.0	0.0	0.0	0.0	0.0	1.0	0.0
KY241732	0.0	0.0	0.0	0.0	0.0	0.0	0.0	0.0	1.0	0.0
KY241724	0.0	0.0	0.0	0.0	0.0	0.0	0.0	0.0	1.0	0.0
KY241674	0.0	0.0	0.0	0.0	0.0	0.0	0.0	0.0	1.0	0.0
KY241731	0.0	0.0	0.0	0.0	0.0	0.0	0.0	0.0	1.0	0.0
KY241750	0.0	0.0	0.0	0.0	0.0	0.0	0.0	0.0	1.0	0.0
KY241718	0.0	0.0	0.0	0.0	0.0	0.0	0.0	0.0	1.0	0.0
KY241710	0.0	0.0	0.0	0.0	0.0	0.0	0.0	0.0	1.0	0.0
KY241728	0.0	0.0	0.0	0.0	0.0	0.0	0.0	0.0	1.0	0.0
KY241747	0.0	0.0	0.0	0.0	0.0	0.0	0.0	0.0	1.0	0.0
KY241715	0.0	0.0	0.0	0.0	0.0	0.0	0.0	0.0	1.0	0.0
KY241768	0.0	0.0	0.0	0.0	0.0	0.0	0.0	0.0	1.0	0.0
KY241723	0.0	0.0	0.0	0.0	0.0	0.0	0.0	0.0	1.0	0.0
node_78	3.3675649427332213e-15	5.100826368060488e-08	4.451738562798153e-08	5.922857766079691e-08	5.830553387001728e-08	6.784678999894775e-08	7.474370914423881e-09	3.1063032501412338e-09	0.9999997051452068	3.367564942733221e-09
node_428	1.1160704069971153e-15	1.690503808369725e-08	1.4753846634340883e-08	1.9629395097008695e-08	1.9323482107424165e-08	2.2485622642845083e-08	2.4771383270601143e-09	1.0294836748798621e-09	0.9999999022799219	1.1160704069971152e-09
node_435	3.2019654249302452e-15	4.849993970968854e-08	4.232824964420463e-08	5.631602094175012e-08	5.5438367695551955e-08	6.451043393770828e-08	7.106819808399899e-09	2.9535512381917035e-09	0.9999997196446484	3.2019654249302447e-09
node_34	2.163446653164512e-18	3.276957066014919e-11	2.859959364772386e-11	3.80506004460139e-11	3.74576034188309e-11	4.3587254662428393e-11	4.801808729543346e-12	1.9956026044081796e-12	0.9999999998105745	2.1634466531645116e-12
node_68	2.462534687889788e-20	3.729983558403766e-13	3.2553375565816194e-13	4.331094707432968e-13	4.2635970528401137e-13	4.961302207249475e-13	5.4656399980172374e-14	2.2714868561284827e-14	0.9999999999978438	2.462534687889788e-14
node_434	9.867403693139098e-16	1.494608531629694e-08	1.3044173544517191e-08	1.735474432974646e-08	1.7084280482279403e-08	1.9879992742170716e-08	2.1900879840202197e-09	9.101872921142885e-10	0.999999913603707	9.867403693139096e-10
node_399	2.0804695341892142e-33	3.1512722214425183e-26	2.75026810516674e-26	3.6591202685652155e-26	3.602094954485276e-26	4.191550333422225e-26	4.617639522659906e-27	1.919062998270362e-27	1.0	2.080469534189214e-27
node_41	7.477318398053588e-26	1.1325840331447183e-18	9.884610163425218e-19	1.3151073281876327e-18	1.2946121263537405e-18	1.5064655314301374e-18	1.6596042571620802e-19	6.897214704748377e-20	1.0	7.477318398053586e-20
KX447509	0.0	0.0	0.0	0.0	0.0	0.0	1.0	0.0	0.0	0.0
KX447514	0.0	0.0	0.0	0.0	0.0	0.0	1.0	0.0	0.0	0.0
KJ776791	0.0	0.0	0.0	0.0	0.0	0.0	1.0	0.0	0.0	0.0
node_45	9.727884808993019e-12	0.00014734757067192084	0.00012859737132048907	0.06683500525826493	0.00016842719497905812	0.00019598902144230717	0.9323971702134363	8.973178160944883e-06	0.00010876229718724511	9.727884808993014e-06
node_44	1.1611777599615703e-11	0.00017588275910753853	0.00015350141423223654	0.9933127426770038	0.00020104464312899103	0.00023394406632472884	0.005770736639018804	1.0710915189754883e-05	0.00012982509678266006	1.1611777599615702e-05
KX447513	0.0	0.0	0.0	0.0	0.0	0.0	1.0	0.0	0.0	0.0
KX447511	0.0	0.0	0.0	0.0	0.0	0.0	1.0	0.0	0.0	0.0
node_38	7.815376181295704e-15	1.1837894040349023e-07	1.0331504253280997e-07	1.374564775967137e-07	1.3531429635195662e-07	1.5745744961352996e-07	0.9999992456722085	7.210645225245223e-09	8.737955582857842e-08	7.815376181295703e-09
node_46	2.3454823161149363e-12	3.6930216760798256e-05	3.1006006573210625e-05	4.1252235332342146e-05	4.060934264055252e-05	4.890622105771117e-05	0.987994469903814	0.011778257001422925	2.622358773679312e-05	2.3454823161149365e-06
KY241781	0.0	0.0	0.0	0.0	0.0	0.0	0.0	0.0	1.0	0.0
KY241779	0.0	0.0	0.0	0.0	0.0	0.0	0.0	0.0	1.0	0.0
KY241713	0.0	0.0	0.0	0.0	0.0	0.0	0.0	0.0	1.0	0.0
KX813683	0.0	0.0	0.0	0.0	0.0	0.0	0.0	0.0	1.0	0.0
KY241689	0.0	0.0	0.0	0.0	0.0	0.0	0.0	0.0	1.0	0.0
KY241736	0.0	0.0	0.0	0.0	0.0	0.0	0.0	0.0	1.0	0.0
KY241730	0.0	0.0	0.0	0.0	0.0	0.0	0.0	0.0	1.0	0.0
KY241787	0.0	0.0	0.0	0.0	0.0	0.0	0.0	0.0	1.0	0.0
node_47	1.6242779585923988e-15	2.4602821270383797e-08	2.1472075365828136e-08	2.8567726190642864e-08	2.8122514380425456e-08	3.27245494684045e-08	3.605114121656478e-09	1.498263578493382e-09	0.9999998577826561	1.6242779585923989e-09
KY241727	0.0	0.0	0.0	0.0	0.0	0.0	0.0	0.0	1.0	0.0
KY241780	0.0	0.0	0.0	0.0	0.0	0.0	0.0	0.0	1.0	0.0
KY241682	0.0	0.0	0.0	0.0	0.0	0.0	0.0	0.0	1.0	0.0
node_105	1.523818461372714e-15	2.308116850034289e-08	2.0144055192862427e-08	2.680084916406014e-08	2.6383173130200532e-08	3.0700578282348655e-08	3.3821424620551557e-09	1.4055979081862834e-09	0.9999998665786153	1.5238184613727145e-09
node_441	3.480815325462005e-16	5.27236590723477e-09	4.601449438347352e-09	6.122042019468511e-09	6.026633466770768e-09	7.012846089912763e-09	7.725732174298611e-10	3.2107674662536153e-10	0.9999999695229312	3.480815325462005e-10
NODE_0000447	2.3793590459554966e-16	3.603998012534992e-09	3.145383860370538e-09	4.184805770127623e-09	4.119587945653478e-09	4.793727107516926e-09	5.28103016585833e-10	2.1947641287967944e-10	0.9999999791669817	2.379359045955497e-10
KY241685	0.0	0.0	0.0	0.0	0.0	0.0	0.0	0.0	1.0	0.0
KY241676	0.0	0.0	0.0	0.0	0.0	0.0	0.0	0.0	1.0	0.0
KY241678	0.0	0.0	0.0	0.0	0.0	0.0	0.0	0.0	1.0	0.0
KY241756	0.0	0.0	0.0	0.0	0.0	0.0	0.0	0.0	1.0	0.0
KY241680	0.0	0.0	0.0	0.0	0.0	0.0	0.0	0.0	1.0	0.0
KY241684	0.0	0.0	0.0	0.0	0.0	0.0	0.0	0.0	1.0	0.0
KY241767	0.0	0.0	0.0	0.0	0.0	0.0	0.0	0.0	1.0	0.0
KY241677	0.0	0.0	0.0	0.0	0.0	0.0	0.0	0.0	1.0	0.0
KY241675	0.0	0.0	0.0	0.0	0.0	0.0	0.0	0.0	1.0	0.0
KY241681	0.0	0.0	0.0	0.0	0.0	0.0	0.0	0.0	1.0	0.0
KY241777	0.0	0.0	0.0	0.0	0.0	0.0	0.0	0.0	1.0	0.0
KY241751	0.0	0.0	0.0	0.0	0.0	0.0	0.0	0.0	1.0	0.0
KY241714	0.0	0.0	0.0	0.0	0.0	0.0	0.0	0.0	1.0	0.0
KY241688	0.0	0.0	0.0	0.0	0.0	0.0	0.0	0.0	1.0	0.0
NODE_0000451	1.0167696181833285e-15	1.5400936186438916e-08	1.3441143959274372e-08	1.7882897380690804e-08	1.760420256747192e-08	2.0484996113008753e-08	2.2567384415907302e-09	9.378868183145662e-10	0.999999910974428	1.0167696181833281e-09
node_89	8.919043663753183e-30	1.3509611209169524e-22	1.179049292186316e-22	1.5686773062493334e-22	1.544230360122029e-22	1.7969318862042987e-22	1.9795977710448136e-23	8.227088353753213e-24	1.0	8.91904366375318e-24
LC191864	0.0	0.0	0.0	1.0	0.0	0.0	0.0	0.0	0.0	0.0
KX806557	0.0	0.0	0.0	0.0	0.0	0.0	1.0	0.0	0.0	0.0
KU761561	0.0	0.0	0.0	1.0	0.0	0.0	0.0	0.0	0.0	0.0
node_50	2.665921853029896e-18	4.0380526327984273e-11	3.5242043792352434e-11	0.9999999990774675	4.615738658049323e-11	5.371069101619814e-11	7.121104884879027e-10	2.4590948823598724e-12	2.980625142017629e-11	2.665921853029896e-12
KX369547	0.0	0.0	0.0	0.0	0.0	0.0	1.0	0.0	0.0	0.0
KX447512	0.0	0.0	0.0	0.0	0.0	0.0	1.0	0.0	0.0	0.0
KX447510	0.0	0.0	0.0	0.0	0.0	0.0	1.0	0.0	0.0	0.0
node_51	8.490908320401763e-13	0.00013148679220034538	1.1224521173580436e-05	1.4933770585506751e-05	1.4701036240761692e-05	0.00015670452268352284	0.0042331100330479	0.9954274970003226	9.493232064662538e-06	8.490908320401763e-07
KY241673	0.0	0.0	0.0	0.0	0.0	0.0	0.0	0.0	1.0	0.0
KY241766	0.0	0.0	0.0	0.0	0.0	0.0	0.0	0.0	1.0	0.0
KY241778	0.0	0.0	0.0	0.0	0.0	0.0	0.0	0.0	1.0	0.0
KY241776	0.0	0.0	0.0	0.0	0.0	0.0	0.0	0.0	1.0	0.0
KY241690	0.0	0.0	0.0	0.0	0.0	0.0	0.0	0.0	1.0	0.0
NODE_0000446	0.0	0.0	0.0	0.0	0.0	0.0	0.0	0.0	1.0	0.0
KY241759	0.0	0.0	0.0	0.0	0.0	0.0	0.0	0.0	1.0	0.0
NODE_0000448	4.586200201264958e-17	6.946684418453944e-10	6.062708407967076e-10	8.066187865945572e-10	7.94048090287171e-10	9.239880068825316e-10	1.0179153772826092e-10	4.2303946125015537e-11	0.9999999959844483	4.586200201264958e-11
KY241738	0.0	0.0	0.0	0.0	0.0	0.0	0.0	0.0	1.0	0.0
NODE_0000452	4.701487472263755e-16	7.121309217622659e-09	6.215111939549321e-09	8.268954589075535e-09	8.140087621622812e-09	9.472150905409646e-09	1.0435035942824373e-09	4.336737691460208e-10	0.9999999588350591	4.701487472263753e-10
KY241749	0.0	0.0	0.0	0.0	0.0	0.0	0.0	0.0	1.0	0.0
KY241697	0.0	0.0	0.0	0.0	0.0	0.0	0.0	0.0	1.0	0.0
KY241706	0.0	0.0	0.0	0.0	0.0	0.0	0.0	0.0	1.0	0.0
KY241671	0.0	0.0	0.0	0.0	0.0	0.0	0.0	0.0	1.0	0.0
KY241721	0.0	0.0	0.0	0.0	0.0	0.0	0.0	0.0	1.0	0.0
KY241716	0.0	0.0	0.0	0.0	0.0	0.0	0.0	0.0	1.0	0.0
KY241783	0.0	0.0	0.0	0.0	0.0	0.0	0.0	0.0	1.0	0.0
node_138	1.2925587134370089e-15	1.9578293751967418e-08	1.7086926509628244e-08	2.27334633308684e-08	2.237917519836165e-08	2.604135661321324e-08	2.868857295163998e-09	1.1922797038292567e-09	0.9999998868270876	1.2925587134370088e-09
KU963796	0.0	0.0	0.0	1.0	0.0	0.0	0.0	0.0	0.0	0.0
KU820899	0.0	0.0	0.0	1.0	0.0	0.0	0.0	0.0	0.0	0.0
node_55	5.727517214160514e-15	8.675429078970763e-08	7.571467717761105e-08	0.999999535211672	9.916540723051412e-08	1.153930701419857e-07	1.2713875963976078e-08	5.283166216579808e-09	6.403631745466831e-08	5.727517214160513e-09
node_69	1.462189006563172e-14	2.2147671586437615e-07	1.9329347161256695e-07	0.999998813374419	2.531612963559995e-07	2.9458921254401654e-07	3.251592217422686e-08	1.3487497763655696e-08	1.6347955999418033e-07	1.462189006563172e-08
node_57	5.35776757168577e-12	0.0021403841690813617	7.08267870552912e-05	9.423217015988313e-05	9.2763615232632e-05	0.0025312300992376	0.0015499387373383844	0.9934553643052029	5.990234376259057e-05	5.3577675716857705e-06
node_56	1.6556949132477555e-34	1.5739017053299596e-26	2.1891324319335996e-27	2.9120286147266097e-27	2.3576523096703014e-26	1.8906063356861483e-26	4.723055371778222e-25	1.0	4.6031089618214516e-26	1.6556949132477562e-28
KY241686	0.0	0.0	0.0	0.0	0.0	0.0	0.0	0.0	1.0	0.0
KY241694	0.0	0.0	0.0	0.0	0.0	0.0	0.0	0.0	1.0	0.0
KY241774	0.0	0.0	0.0	0.0	0.0	0.0	0.0	0.0	1.0	0.0
NODE_0000449	6.306896776307867e-18	9.553011129494762e-11	8.337376136208733e-11	1.1092541105116641e-10	1.0919670143235972e-10	1.2706590916696655e-10	1.399827074659142e-11	5.817596479267783e-12	0.9999999994477853	6.306896776307865e-12
KY241773	0.0	0.0	0.0	0.0	0.0	0.0	0.0	0.0	1.0	0.0
NODE_0000453	8.810791108269091e-17	1.3345641842932144e-09	1.1647388903391334e-09	1.549637896472531e-09	1.5254876687482115e-09	1.77512209627099e-09	1.9555709217967143e-10	8.127234224536806e-11	0.9999999922855117	8.810791108269092e-11
KY241698	0.0	0.0	0.0	0.0	0.0	0.0	0.0	0.0	1.0	0.0
KY241740	0.0	0.0	0.0	0.0	0.0	0.0	0.0	0.0	1.0	0.0
KU997667	0.0	0.0	0.0	1.0	0.0	0.0	0.0	0.0	0.0	0.0
KX013000	0.0	0.0	0.0	1.0	0.0	0.0	0.0	0.0	0.0	0.0
MF099651	0.0	0.0	0.0	1.0	0.0	0.0	0.0	0.0	0.0	0.0
MF036115	0.0	0.0	0.0	1.0	0.0	0.0	0.0	0.0	0.0	0.0
KX051563	0.0	0.0	0.0	0.0	0.0	1.0	0.0	0.0	0.0	0.0
node_64	3.605015861766091e-12	0.004247232136046504	4.765635824174362e-05	6.340485352710657e-05	6.24167248455656e-05	0.0008734725992617517	0.0005162914855527901	0.9941456150620235	4.030576103419087e-05	3.605015861766091e-06
KU729218	0.0	0.0	0.0	0.0	0.0	0.0	0.0	1.0	0.0	0.0
KY241788	0.0	0.0	0.0	0.0	0.0	0.0	0.0	0.0	1.0	0.0
node_83	3.186908696587659e-15	4.8271876529756955e-08	4.212920784595542e-08	5.605120389467855e-08	5.517767767196543e-08	6.420708397911728e-08	7.073401129234393e-09	0.9999996882715093	3.563112765321341e-08	3.186908696587659e-09
node_86	1.0967844292667353e-15	1.661291476784783e-08	1.4498896448543084e-08	1.9290194205802988e-08	1.8989567469726814e-08	2.209706542026768e-08	2.4343327528676295e-09	0.9999998927176811	1.2262562165368563e-08	1.0967844292667353e-09
node_80	4.398992346013398e-13	6.663122028236112e-06	5.8152297571750615e-06	7.736927549306248e-06	0.00022807044327851042	8.8627098506588e-06	9.763642573476142e-07	0.9997365170247093	4.918278894972441e-06	4.398992346013398e-07
node_94	3.0139734647595595e-16	4.5652439026765636e-09	3.984309769370177e-09	5.300962697402524e-09	5.218350200256056e-09	6.072293428734103e-09	6.689568274089513e-10	0.9999999705187226	3.3697630993079153e-09	3.0139734647595597e-10
node_85	5.179234583691792e-19	7.844949326923415e-12	6.846667759667652e-12	9.109214016068819e-12	8.967252083049917e-12	1.043467452389565e-11	1.1495404243015052e-12	0.9999999999493392	5.790626157412535e-12	5.179234583691791e-13
node_84	9.316258852082789e-18	1.4111270285896998e-10	1.2315589898962833e-10	1.6385393312754145e-10	1.6130036279017443e-10	1.876959371717668e-10	2.06776039599507e-11	0.999999999088727	1.0416012506551293e-10	9.31625885208279e-12
node_82	5.6948188781056666e-18	8.625901144817576e-11	1.1469493578673053e-10	1.0016021306846538e-10	9.859927295463235e-11	1.1473429230774811e-10	1.2639752850876814e-11	0.9999999994035469	6.367073478602601e-11	5.694818878105665e-12
KY241775	0.0	0.0	0.0	0.0	0.0	0.0	0.0	0.0	1.0	0.0
NODE_0000450	1.1324287557053717e-19	1.7152816813574629e-12	1.4970095149237046e-12	1.9917104983334743e-12	1.960670819834928e-12	2.2815196524392215e-12	2.513445976020778e-13	1.0445729137285592e-13	0.9999999999900848	1.1324287557053716e-13
KY241782	0.0	0.0	0.0	0.0	0.0	0.0	0.0	0.0	1.0	0.0
NODE_0000454	1.5927165393194196e-17	2.4124762725474606e-10	2.1054850487723411e-10	2.8012625396958567e-10	2.7576064517779913e-10	3.208867725156624e-10	3.53506298433812e-11	1.4691507504012967e-11	0.999999998605461	1.5927165393194196e-11
KU509998	0.0	1.0	0.0	0.0	0.0	0.0	0.0	0.0	0.0	0.0
node_74	8.234536681294161e-21	3.931304176334914e-12	1.088561174447325e-13	1.4482865323240494e-13	1.4257158081275686e-13	8.930038406083414e-13	4.797641828347579e-13	0.9999999999941993	9.206596598466129e-14	8.23453668129416e-15
KX197205	0.0	0.0	0.0	0.0	0.0	0.0	0.0	1.0	0.0	0.0
KY559021	0.0	0.0	0.0	0.0	0.0	0.0	0.0	1.0	0.0	0.0
KY014313	0.0	0.0	0.0	0.0	0.0	0.0	0.0	1.0	0.0	0.0
node_100	1.5345853379338359e-27	2.324425360426384e-20	2.028638747272376e-20	2.699021649487901e-20	2.6569589278570113e-20	3.0917500012266085e-20	3.406039738091746e-21	1.0	1.715738079638647e-20	1.5345853379338355e-21
node_92	1.7966857863565748e-12	2.7214270221998593e-05	2.3751213521848687e-05	3.160002715282471e-05	0.9989525692418767	3.619807347860425e-05	3.987776394002637e-06	0.000902794923549081	2.0087786222094037e-05	1.7966857863565748e-06
node_93	9.32381800281349e-16	1.41227199856605e-08	1.2325582687040312e-08	1.6398688312349596e-08	2.9251088606108013e-07	1.878482324120718e-08	2.0694381630855387e-09	0.9999996324310149	1.0424463990113526e-08	9.323818002813491e-10
node_108	9.625688276486707e-16	1.4579960715348179e-08	1.2724638848131824e-08	1.6929616364273927e-08	1.66657778950333e-08	1.939300539695229e-08	2.1364388128678397e-09	0.9999999058460233	1.0761969054738617e-08	9.625688276486707e-10
node_107	4.76464436467183e-28	7.216972507744216e-21	6.298601932532597e-21	8.380034641588797e-21	8.249436554517789e-21	9.599393957557559e-21	1.0575213800620094e-21	1.0	5.3270949293766895e-21	4.76464436467183e-22
KY559003	0.0	0.0	0.0	0.0	0.0	0.0	0.0	1.0	0.0	0.0
KY785429	0.0	0.0	0.0	0.0	0.0	0.0	0.0	1.0	0.0	0.0
node_115	2.736382907067608e-23	4.1447794839412567e-16	3.6173500785073407e-16	4.812737698516017e-16	5.586276760352817e-16	5.5130279477800645e-16	6.07345104225747e-17	0.9999999999999974	3.059403891118514e-16	2.7363829070676075e-17
node_97	1.6386398986587337e-15	2.4820360542347204e-08	2.166193243916495e-08	2.8820323333398557e-08	2.8371174939979936e-08	3.3013901432873883e-08	3.6369907057556655e-09	0.9999998397159157	1.8320759383309198e-08	1.6386398986587339e-09
node_98	7.393094108063736e-17	1.1198288972263967e-09	9.773270211249627e-10	1.3002939991508066e-09	1.2800303435748534e-09	1.489496748903514e-09	1.6409105246255605e-10	0.9999999927684187	8.265824502556255e-10	7.393094108063734e-11
node_95	7.210036177390745e-22	1.0920989876655025e-14	9.531704252560574e-15	1.2680978544535833e-14	1.248335268045962e-14	1.4526158180492697e-14	1.600280487909288e-15	0.9999999999999294	8.061157186460055e-15	7.210036177390747e-16
node_96	1.661174338628686e-16	2.5161688081790627e-09	2.2126122826225637e-07	2.9216658029387996e-09	2.876133298451175e-09	3.346790586705247e-09	3.687006300272319e-10	0.9999997646859247	1.8572704946739603e-09	1.6611743386286857e-10
KY241693	0.0	0.0	0.0	0.0	0.0	0.0	0.0	0.0	1.0	0.0
KY241692	0.0	0.0	0.0	0.0	0.0	0.0	0.0	0.0	1.0	0.0
KY241744	0.0	0.0	0.0	0.0	0.0	0.0	0.0	0.0	1.0	0.0
NODE_0000455	0.0	0.0	0.0	0.0	0.0	0.0	0.0	0.0	1.0	0.0
MF352141	0.0	0.0	0.0	0.0	0.0	0.0	0.0	1.0	0.0	0.0
KR872956	0.0	0.0	0.0	0.0	0.0	0.0	0.0	1.0	0.0	0.0
NODE_0000462	0.0	0.0	0.0	0.0	0.0	0.0	0.0	1.0	0.0	0.0
KY014317	0.0	0.0	0.0	0.0	0.0	0.0	0.0	1.0	0.0	0.0
KY785427	0.0	0.0	0.0	0.0	0.0	0.0	0.0	1.0	0.0	0.0
KY014309	0.0	0.0	0.0	0.0	0.0	0.0	0.0	1.0	0.0	0.0
KY559031	0.0	0.0	0.0	0.0	0.0	0.0	0.0	1.0	0.0	0.0
node_155	3.04275550188981e-18	4.608839847050934e-11	4.022358064440213e-11	5.351584412214099e-11	5.2681830043528915e-11	6.130280991323857e-11	6.753450522789253e-12	0.9999999997023717	3.401942761066206e-11	3.0427555018898097e-12
node_174	4.837714050279209e-16	7.3276506343401945e-09	6.395196101530536e-09	8.508549269286938e-09	8.375948354631572e-09	9.746608449304503e-09	1.073739328108072e-09	0.9999999526797457	5.408790250558761e-09	4.837714050279209e-10
KY003154	0.0	0.0	0.0	0.0	1.0	0.0	0.0	0.0	0.0	0.0
KY003153	0.0	0.0	0.0	0.0	1.0	0.0	0.0	0.0	0.0	0.0
KX101060	0.0	0.0	0.0	0.0	0.0	0.0	0.0	1.0	0.0	0.0
node_106	2.6773445889491803e-20	4.05535456863732e-13	3.5393046177901865e-13	4.708901375561482e-13	5.109296426440607e-13	5.394082643401731e-13	5.942414434119265e-14	0.9999999999973337	2.9933962941151486e-13	2.6773445889491786e-14
KY559007	0.0	0.0	0.0	0.0	0.0	0.0	0.0	1.0	0.0	0.0
KY559005	0.0	0.0	0.0	0.0	0.0	0.0	0.0	1.0	0.0	0.0
KY559017	0.0	0.0	0.0	0.0	0.0	0.0	0.0	1.0	0.0	0.0
KY559006	0.0	0.0	0.0	0.0	0.0	0.0	0.0	1.0	0.0	0.0
KY559011	0.0	0.0	0.0	0.0	0.0	0.0	0.0	1.0	0.0	0.0
KY559010	0.0	0.0	0.0	0.0	0.0	0.0	0.0	1.0	0.0	0.0
KY559009	0.0	0.0	0.0	0.0	0.0	0.0	0.0	1.0	0.0	0.0
node_146	1.0826906312890176e-16	1.6399437024809824e-09	1.431258406846833e-09	1.904231313379571e-09	1.87455494836386e-09	2.181311575101327e-09	2.4030513149533476e-10	0.9999999894096271	1.2104986921559295e-09	1.0826906312890175e-10
KU497555	0.0	0.0	0.0	0.0	0.0	0.0	0.0	1.0	0.0	0.0
node_134	2.558894979697726e-15	3.8759397984901126e-08	3.382720646220186e-08	4.5005727464260726e-08	4.430433872789724e-08	5.155440600827841e-08	5.679513397533652e-09	0.9999997497008715	2.8609640988586364e-08	2.5588949796977266e-09
node_173	1.8742550698399373e-15	2.8389206572958337e-08	2.47766374600467e-08	3.296431215074307e-08	8.389321036769351e-07	3.776087240790807e-08	4.159942812818655e-09	0.9999990101876212	2.0955047039676727e-08	1.8742550698399375e-09
node_153	4.496887047766191e-22	6.8114024423122276e-15	5.9446412540174746e-15	7.909104301468296e-15	7.78584539764949e-15	9.059939641193428e-15	9.980921623442554e-16	0.9999999999999561	5.0277297436416164e-15	4.49688704776619e-16
node_112	4.727039067608852e-20	7.160012035088298e-13	6.248889765448194e-13	8.313894617701265e-13	8.184327285390586e-13	9.523630052894473e-13	1.0491748167922405e-13	0.9999999999953763	5.285050450928884e-13	4.7270390676088514e-14
node_113	4.894433233984078e-20	7.413562773448595e-13	6.470175792091295e-13	8.608306709278405e-13	8.474151131499176e-13	9.860881361963244e-13	1.0863282528707064e-13	0.9999999999952126	5.472204946974073e-13	4.894433233984078e-14
KU527068	0.0	0.0	0.0	0.0	0.0	0.0	0.0	1.0	0.0	0.0
node_114	1.652607357264564e-20	1.4878912444845083e-12	2.184657468113281e-13	2.908969859779718e-13	6.641810628663896e-13	3.329530572557911e-13	3.667991731163391e-14	0.9999999999967678	1.847692209393476e-13	1.652607357264564e-14
MH513600	0.0	0.0	0.0	0.0	0.0	0.0	0.0	1.0	0.0	0.0
KY441401	0.0	0.0	0.0	0.0	0.0	0.0	0.0	1.0	0.0	0.0
node_127	3.3611388598546585e-15	5.091092826600197e-08	4.443243629086604e-08	5.911555601004926e-08	5.8194273597595193e-08	6.77173228311301e-08	7.460108107981247e-09	0.9999996712291305	3.757910225162405e-08	3.361138859854659e-09
node_147	1.3871620852965905e-16	2.1011244324700175e-09	1.8337531875350303e-09	2.4397351233708667e-09	2.401712433846043e-09	2.794734364327823e-09	3.0788311792785463e-10	0.9999999864314291	1.5509119978812995e-09	1.387162085296591e-10
KY785410	0.0	0.0	0.0	0.0	0.0	0.0	0.0	1.0	0.0	0.0
node_110	1.0790337391919709e-25	1.6344046343558023e-18	1.6684440093730153e-18	1.8977995883423313e-18	1.8682234581135108e-18	2.1739439847392614e-18	2.3949347772199536e-19	1.0	1.2064101159986208e-18	1.0790337391919713e-19
node_130	7.080597597796836e-36	7.628362406165361e-27	1.0	2.9279716000066325e-27	1.2259244590049464e-28	3.5855361296810645e-27	1.5715513625331406e-29	9.34397678421384e-27	8.229947111472403e-28	7.080597597796836e-30
KY241734	0.0	0.0	0.0	0.0	0.0	0.0	0.0	0.0	1.0	0.0
KY241707	0.0	0.0	0.0	0.0	0.0	0.0	0.0	0.0	1.0	0.0
MF783073	0.0	1.0	0.0	0.0	0.0	0.0	0.0	0.0	0.0	0.0
KU321639	0.0	0.0	0.0	0.0	0.0	0.0	0.0	1.0	0.0	0.0
KY014296	0.0	0.0	0.0	0.0	0.0	0.0	0.0	1.0	0.0	0.0
KY014320	0.0	0.0	0.0	0.0	0.0	0.0	0.0	1.0	0.0	0.0
KY014301	0.0	0.0	0.0	0.0	0.0	0.0	0.0	1.0	0.0	0.0
KY785479	0.0	0.0	0.0	0.0	0.0	0.0	0.0	1.0	0.0	0.0
KU940228	0.0	0.0	0.0	0.0	0.0	0.0	0.0	1.0	0.0	0.0
node_143	1.5329246150795764e-16	2.321909875478328e-09	2.02644336155654e-09	2.6961007777535987e-09	2.6540836071733056e-09	3.088404120251618e-09	3.4023537338691455e-10	0.9999999850056489	1.7138813139245844e-09	1.5329246150795762e-10
node_123	1.923980514230014e-17	2.9142394298278236e-10	2.543398091773192e-10	3.383888098456186e-10	3.33115256768992e-10	3.8762697715068914e-10	4.270309330339867e-11	0.9999999981180523	2.1511000731909157e-10	1.9239805142300136e-11
KY559013	0.0	0.0	0.0	0.0	0.0	0.0	0.0	1.0	0.0	0.0
node_161	1.2248280385200875e-16	1.8552382096460157e-09	1.6191563650887702e-09	2.154221932888068e-09	2.120649605851929e-09	2.467677747198793e-09	2.718527844886952e-10	0.9999999880193053	1.3694149518771386e-09	1.2248280385200874e-10
KY014307	0.0	0.0	0.0	0.0	0.0	0.0	0.0	1.0	0.0	0.0
KY785433	0.0	0.0	0.0	0.0	0.0	0.0	0.0	1.0	0.0	0.0
KU991811	0.0	0.0	0.0	0.0	1.0	0.0	0.0	0.0	0.0	0.0
KY559001	0.0	0.0	0.0	0.0	0.0	0.0	0.0	1.0	0.0	0.0
KY558995	0.0	0.0	0.0	0.0	0.0	0.0	0.0	1.0	0.0	0.0
KY559015	0.0	0.0	0.0	0.0	0.0	0.0	0.0	1.0	0.0	0.0
KY558999	0.0	0.0	0.0	0.0	0.0	0.0	0.0	1.0	0.0	0.0
node_188	1.2952491551054753e-16	1.961904567817409e-09	1.7122492692107713e-09	2.278078269545749e-09	2.242575711749125e-09	2.6095561308293815e-09	2.874828778801495e-10	0.9999999873304791	1.4481490491928995e-09	1.2952491551054754e-10
node_187	1.519919547424897e-16	2.3022119262883494e-09	2.0092513823441643e-09	2.6732275244483796e-09	2.631566789626843e-09	3.0622026496567184e-09	3.3734887524742035e-10	0.9999999851328579	1.6993410408932692e-09	1.5199195474248964e-10
KX879604	0.0	0.0	0.0	0.0	0.0	0.0	0.0	1.0	0.0	0.0
MF794971	0.0	0.0	0.0	0.0	0.0	0.0	0.0	1.0	0.0	0.0
KX879603	0.0	0.0	0.0	0.0	0.0	0.0	0.0	1.0	0.0	0.0
KX811222	0.0	0.0	0.0	0.0	0.0	0.0	0.0	1.0	0.0	0.0
KX280026	0.0	0.0	0.0	0.0	0.0	0.0	0.0	1.0	0.0	0.0
MH513599	0.0	0.0	0.0	0.0	0.0	0.0	0.0	1.0	0.0	0.0
MF073359	0.0	0.0	0.0	0.0	0.0	0.0	0.0	1.0	0.0	0.0
node_152	3.97464691727669e-18	6.020375633528875e-11	5.254268070859049e-11	1.1442780750440897e-09	6.881648371691417e-11	8.007775330312307e-11	8.821800267788009e-12	0.9999999985368462	4.443840886862429e-11	3.974646917276689e-12
node_151	1.3365589530097451e-15	1.329453906182014e-06	1.7668585858770082e-08	2.3507337543245194e-08	4.2307556821232116e-07	2.692783543840611e-08	2.9665166176960882e-09	0.9999981601203364	1.4943353325976147e-08	1.336558953009745e-09
KY693680	0.0	0.0	0.0	0.0	0.0	0.0	0.0	1.0	0.0	0.0
KY631492	0.0	0.0	0.0	0.0	0.0	0.0	0.0	1.0	0.0	0.0
node_163	2.4794840089282288e-20	3.7556565729250233e-13	3.2777436415014936e-13	4.360905095540995e-13	4.29294286290424e-13	4.995450235414493e-13	5.5032593206860774e-14	0.9999999999975746	2.7721789246996395e-13	2.479484008928229e-14
node_162	1.3833049411582686e-19	2.099615014525214e-12	1.82865425177677e-12	2.7484223699711137e-12	2.39503423009874e-12	2.786963342673668e-12	3.0702701785404834e-13	0.9999999999861493	1.5465995305891998e-12	1.3833049411582685e-13
KY559025	0.0	0.0	0.0	0.0	0.0	0.0	0.0	1.0	0.0	0.0
KY272991	0.0	0.0	0.0	0.0	0.0	0.0	0.0	1.0	0.0	0.0
KU926309	0.0	0.0	0.0	0.0	0.0	0.0	0.0	1.0	0.0	0.0
KY785437	0.0	0.0	0.0	0.0	0.0	0.0	0.0	1.0	0.0	0.0
KY014308	0.0	0.0	0.0	0.0	0.0	0.0	0.0	1.0	0.0	0.0
KY559032	0.0	0.0	0.0	0.0	0.0	0.0	0.0	1.0	0.0	0.0
MF801397	0.0	0.0	1.0	0.0	0.0	0.0	0.0	0.0	0.0	0.0
MF593625	0.0	0.0	0.0	1.0	0.0	0.0	0.0	0.0	0.0	0.0
MF801383	0.0	0.0	1.0	0.0	0.0	0.0	0.0	0.0	0.0	0.0
MF801378	0.0	0.0	1.0	0.0	0.0	0.0	0.0	0.0	0.0	0.0
node_213	2.201779597880106e-13	3.3350197013302785e-06	0.9999811707599214	3.872479851840857e-06	3.812129449664529e-06	4.43595537255162e-06	4.886889389283768e-07	2.0309616109254797e-07	2.4616924231405908e-06	2.2017795978801062e-07
node_150	2.847514127042755e-14	4.3131091425532373e-07	0.9999975648549393	5.008194778179486e-07	4.930144903007936e-07	5.736925531707904e-07	6.320108782313555e-08	2.6265989039774574e-08	3.183653785363417e-07	2.847514127042755e-08
node_185	1.1019505469869819e-13	1.6691165580931041e-06	0.999990576308626	1.938105564717139e-06	1.9079012887064437e-06	2.220114789827059e-06	2.4457990439964836e-07	1.0164592587848848e-07	1.2320321774283223e-06	1.101950546986982e-07
node_246	6.443512952321334e-12	9.759942667494293e-05	0.9965971044273374	0.00011332821008498917	0.00011156205420601118	0.0029816757715588264	1.4301492804606461e-05	5.943613728760844e-06	7.204148420854529e-05	6.443512952321334e-06
node_286	1.090301021055814e-15	1.6514711050563837e-08	0.9999999067593336	1.9176164319740705e-08	1.8877314674765648e-08	2.196644331116388e-08	2.4199427118195377e-09	1.0057135238464457e-09	1.2190074633536044e-08	1.090301021055814e-09
node_214	1.4443560099362418e-10	0.6931931021501485	0.2239359825103874	0.002540326721506809	0.002500737170323133	0.007277035238933462	0.0003205774122941989	0.0001332300295413012	0.06995457302143625	0.00014443560099362425
node_200	6.238774106155755e-15	9.449826211584151e-08	0.9999994664707788	1.0972727265497254e-07	1.0801723534353466e-07	1.2569343244429744e-07	1.3847071255844681e-08	5.754758887328114e-09	6.975240828644294e-08	6.238774106155755e-09
node_212	2.1101678646549644e-17	3.196256068733707e-10	0.9999999981954206	3.711353555890002e-10	3.6535142156517224e-10	4.251383964686769e-10	4.6835555008859954e-11	1.9464572793067512e-11	2.3592662267273607e-10	2.1101678646549644e-11
node_265	9.97651732408209e-15	1.5111358947331092e-07	0.9999991468254134	1.754665288307975e-07	1.7273198249651793e-07	2.009982546196982e-07	2.2143059505140004e-08	9.202521322048798e-09	1.115421231519697e-07	9.976517324082089e-09
node_182	1.709287508528809e-19	2.5890454801515217e-12	0.9999999999111897	3.0062870253471695e-12	2.9594357471020593e-12	7.76364707157322e-11	3.793794345586254e-13	1.5766779359745448e-13	1.9110632657171853e-12	1.709287508528809e-13
node_263	8.241062951028311e-15	1.2482678705917894e-07	0.9999992952384837	1.4494343696497034e-07	1.4268457570791062e-07	1.6603381877254338e-07	1.8291187333453e-08	7.601706593554397e-09	9.213893272834171e-08	8.241062951028315e-09
KX520666	0.0	0.0	0.0	0.0	0.0	0.0	0.0	1.0	0.0	0.0
KU940224	0.0	0.0	0.0	0.0	0.0	0.0	0.0	1.0	0.0	0.0
KU940227	0.0	0.0	0.0	0.0	0.0	0.0	0.0	1.0	0.0	0.0
node_144	6.763080750790025e-17	1.0243989710545267e-09	8.940426656530544e-10	1.1894875385811995e-09	1.1709500500502082e-09	1.3625670989209107e-09	1.5010779276784256e-10	0.999999993384671	7.561440144752561e-10	6.763080750790025e-11
KY559019	0.0	0.0	0.0	0.0	0.0	0.0	0.0	1.0	0.0	0.0
node_178	1.3744499645995957e-18	2.0818694636128417e-11	1.8169484520997702e-11	2.4173762897975323e-11	2.379702851359512e-11	2.7691230814561125e-11	3.0506163989212165e-12	0.9999999998655577	1.5366992532305762e-11	1.3744499645995957e-12
KY785455	0.0	0.0	0.0	0.0	0.0	0.0	0.0	1.0	0.0	0.0
KY785480	0.0	0.0	0.0	0.0	0.0	0.0	0.0	1.0	0.0	0.0
KY558996	0.0	0.0	0.0	0.0	0.0	0.0	0.0	1.0	0.0	0.0
node_203	2.719436774597306e-17	4.1311939935004116e-10	3.595215902780353e-10	4.782932918500319e-10	4.708393621652415e-10	5.479158379401001e-10	6.03583879667292e-11	0.9999999973387119	3.0404573235584167e-10	2.7194367745973057e-11
KY785426	0.0	0.0	0.0	0.0	0.0	0.0	0.0	1.0	0.0	0.0
MF073358	0.0	0.0	0.0	0.0	0.0	0.0	0.0	1.0	0.0	0.0
node_169	1.1067790677620232e-12	1.6764302837421387e-05	1.4631020159198496e-05	0.0008074787468622572	1.9162613199576427e-05	2.22984287645941e-05	2.4565160326379457e-06	0.9991037272850779	1.237430689167799e-05	1.1067790677620234e-06
KY558989	0.0	0.0	0.0	0.0	0.0	0.0	0.0	1.0	0.0	0.0
node_168	4.733476006348817e-13	0.0005759581273075371	6.257399050020983e-06	8.325215876030025e-06	0.00018194779928896876	9.536598641128202e-06	1.050603506914453e-06	0.9992111586610065	5.29224724907328e-06	4.7334760063488165e-07
KU365779	0.0	0.0	0.0	0.0	0.0	0.0	0.0	1.0	0.0	0.0
KU707826	0.0	0.0	0.0	0.0	0.0	0.0	0.0	1.0	0.0	0.0
node_181	5.045273634752986e-18	7.642039642252903e-11	6.669578636683764e-11	8.873604113879481e-11	8.735314026515549e-11	1.0164781573788675e-10	1.1198075509213656e-11	0.999999999506495	5.640851559938342e-11	5.045273634752986e-12
KU312312	0.0	0.0	0.0	0.0	0.0	0.0	0.0	1.0	0.0	0.0
node_195	0.0	0.0	0.0	0.0	0.0	0.0	0.0	1.0	0.0	0.0
node_194	3.8008251814450397e-17	1.0923665319679949e-09	5.024485145328821e-10	3.82848970962704e-08	6.58069391739461e-10	7.657597233681616e-10	8.435999801074429e-11	0.9999999581491404	4.2495000679694295e-10	3.800825181445039e-11
KX906952	0.0	0.0	1.0	0.0	0.0	0.0	0.0	0.0	0.0	0.0
KX262887	0.0	0.0	1.0	0.0	0.0	0.0	0.0	0.0	0.0	0.0
MF801406	0.0	0.0	1.0	0.0	0.0	0.0	0.0	0.0	0.0	0.0
node_167	1.6813346780827978e-13	2.546705529170439e-06	0.9999856215152795	2.957123715446249e-06	2.9110386195024953e-06	3.3874078974479006e-06	3.7317525360252137e-07	1.5508937359541532e-07	1.879810695759442e-06	1.6813346780827975e-07
MF801408	0.0	0.0	1.0	0.0	0.0	0.0	0.0	0.0	0.0	0.0
node_201	5.96161405152926e-14	9.03001387274193e-07	0.9999949017302938	1.0485259433426504e-06	1.032185261197342e-06	1.2010945103870695e-06	1.3231909533303693e-07	5.499101403913159e-08	6.665362942988445e-07	5.96161405152926e-08
MF801426	0.0	0.0	1.0	0.0	0.0	0.0	0.0	0.0	0.0	0.0
node_266	0.0	0.0	0.0	0.0	0.0	1.0	0.0	0.0	0.0	0.0
KY606271	0.0	0.0	1.0	0.0	0.0	0.0	0.0	0.0	0.0	0.0
MF801402	0.0	0.0	1.0	0.0	0.0	0.0	0.0	0.0	0.0	0.0
node_317	1.0397972803579592e-13	1.5749734527117124e-06	0.9999911078326623	1.8287906846180052e-06	1.8002900190146575e-06	2.0948937562185627e-06	2.3078487516551718e-07	9.591279533995967e-08	1.1625419225084316e-06	1.039797280357959e-07
MF988734	0.0	0.0	0.0	0.0	0.0	0.0	0.0	0.0	1.0	0.0
node_231	1.0917272012927468e-11	0.9773921573620068	0.012011047974038581	0.00019201247912294363	0.00018902007353755764	0.0063959087247089175	2.423108144487632e-05	1.0070290584777322e-05	0.0037746347316253035	1.0917272012927474e-05
node_215	6.51293776346891e-14	9.865099928993682e-07	0.9999944302477466	1.1454925047725046e-06	1.12764065376284e-06	1.3121704502471935e-06	1.445558242069554e-07	6.007652439275843e-08	7.281768602159004e-07	6.512937763468908e-08
node_216	6.847502967201569e-14	1.0371863433797836e-06	0.9999941441333442	1.204335679258687e-06	1.1855667907481344e-06	1.3795757579535437e-06	1.5198155903399663e-07	6.3162614779765e-08	7.655828125586396e-07	6.847502967201571e-08
MF801403	0.0	0.0	1.0	0.0	0.0	0.0	0.0	0.0	0.0	0.0
MF801381	0.0	0.0	1.0	0.0	0.0	0.0	0.0	0.0	0.0	0.0
node_247	1.846592730487979e-15	2.797020711083012e-08	0.9999998420825685	3.2477788195764183e-08	3.197164028682665e-08	3.720355548579737e-08	4.098545753461756e-09	1.7033307740002798e-09	2.064576916620281e-08	1.8465927304879783e-09
node_248	3.3776627890092286e-14	5.116121503097581e-07	0.9999971114809303	5.940617811766588e-07	5.848036652449376e-07	6.805023268450259e-07	7.496783265718421e-08	3.1156176874987894e-08	3.7763847496967766e-07	3.3776627890092286e-08
node_288	2.474263354338662e-13	3.747748885012744e-06	0.9999788405257453	4.351723032155368e-06	4.28390389682127e-06	4.984932111440085e-06	5.491671983995595e-07	2.282305591722157e-07	2.766341989041163e-06	2.4742633543386614e-07
node_287	5.645512519004068e-15	8.551217157754104e-08	0.9999995172054883	9.929301508746672e-08	9.774558976232779e-08	1.137409103690278e-07	1.2530316500685442e-08	5.2075235918871546e-09	6.311946666304984e-08	5.645512519004068e-09
MF801387	0.0	0.0	1.0	0.0	0.0	0.0	0.0	0.0	0.0	0.0
MF801389	0.0	0.0	1.0	0.0	0.0	0.0	0.0	0.0	0.0	0.0
node_225	6.559894049966405e-12	9.936224278007195e-05	0.9956486769856635	0.00011537511548914306	0.00011357705975036369	0.003922495247955914	1.4559802742505097e-05	6.0509657733442736e-06	7.334267923526594e-05	6.559894049966405e-06
node_197	2.881864215456707e-15	4.365138974110067e-08	0.9999997535479086	5.068609556034659e-08	4.9896181508150656e-08	5.8061336259870913e-08	6.396349420910044e-09	2.658284051286389e-09	3.222058788509167e-08	2.881864215456706e-09
node_226	2.277154643705957e-14	3.4491897404476885e-07	0.9999980526148796	4.0050491365109586e-07	3.942632717221006e-07	4.5878312150553174e-07	5.0541856581826975e-08	2.1004889263032056e-08	2.545965244717293e-07	2.2771546437059575e-08
node_284	5.0777135914266556e-14	7.691176211018075e-07	0.9999956576267509	8.930659360796259e-07	8.791480099768941e-07	1.023013879675071e-06	1.1270076576082479e-07	4.683775517491027e-08	5.677120946586973e-07	5.077713591426655e-08
node_285	2.0718668970900422e-24	3.138241868978195e-17	0.9999999999999988	3.643989989916381e-17	1.2200071124865673e-15	4.380769628021804e-17	4.598545815006206e-18	1.9111277690957604e-18	2.3164439561675375e-17	2.071866897090042e-18
KX101066	0.0	0.0	0.0	0.0	0.0	0.0	0.0	1.0	0.0	0.0
KX101061	0.0	0.0	0.0	0.0	0.0	0.0	0.0	1.0	0.0	0.0
KY559018	0.0	0.0	0.0	0.0	0.0	0.0	0.0	1.0	0.0	0.0
NODE_0000456	0.0	0.0	0.0	0.0	0.0	0.0	0.0	1.0	0.0	0.0
node_218	3.3274794437816663e-17	1.2750683057705973e-09	4.5695698994480624e-10	5.85235557449324e-10	5.761149932085148e-10	6.877517860835541e-10	7.385400429058721e-11	0.9999999959397158	3.720277425951256e-10	3.327479443781665e-11
node_219	1.5570135358137124e-25	1.1134526472721194e-16	7.269737464561266e-15	2.7384682609864117e-18	2.6957907862878476e-18	3.136936420216922e-18	3.455819526380026e-19	0.9999999999999926	1.7408138523630146e-18	1.5570135358137125e-19
KU729217	0.0	0.0	0.0	0.0	0.0	0.0	0.0	1.0	0.0	0.0
KY120352	0.0	0.0	0.0	1.0	0.0	0.0	0.0	0.0	0.0	0.0
MF098767	0.0	0.0	0.0	0.0	1.0	0.0	0.0	0.0	0.0	0.0
node_186	9.32732146160409e-13	0.0023343811563357646	1.2330214069913841e-05	1.6404850179598774e-05	0.00010008025450188752	1.8791881707395e-05	2.0702157620607512e-06	0.9975045803133438	1.0428381020668224e-05	9.327321461604092e-07
KU365777	0.0	0.0	0.0	0.0	0.0	0.0	0.0	1.0	0.0	0.0
KU365780	0.0	0.0	0.0	0.0	0.0	0.0	0.0	1.0	0.0	0.0
KY785450	0.0	0.0	0.0	0.0	0.0	0.0	0.0	1.0	0.0	0.0
KY014297	0.0	0.0	0.0	0.0	0.0	0.0	0.0	1.0	0.0	0.0
node_222	4.780166837145983e-19	7.2406308222703376e-12	6.319121800888001e-12	8.418004452525563e-12	8.276311939550557e-12	9.630667295118175e-12	1.0609666207256265e-12	0.9999999999532319	5.344449778569959e-12	4.780166837145983e-13
node_207	2.018519418219626e-11	0.01281407045294886	0.00026683734053104696	0.965147543245799	0.00034948354169161294	0.00040667385902173035	4.480140126858362e-05	0.02072472504604874	0.00022567989832304657	2.018519418219626e-05
node_223	1.767796705534422e-17	2.3638336610384982e-08	2.3369315511485774e-10	3.226672368133393e-10	3.0607377271894707e-10	3.5957441832671104e-10	3.923656559904861e-11	0.9999999748850924	1.9764792806041575e-10	1.767796705534422e-11
MF801377	0.0	0.0	1.0	0.0	0.0	0.0	0.0	0.0	0.0	0.0
KY765323	0.0	0.0	1.0	0.0	0.0	0.0	0.0	0.0	0.0	0.0
MF801384	0.0	0.0	1.0	0.0	0.0	0.0	0.0	0.0	0.0	0.0
MF801386	0.0	0.0	1.0	0.0	0.0	0.0	0.0	0.0	0.0	0.0
KY325479	0.0	0.0	0.0	0.0	0.0	1.0	0.0	0.0	0.0	0.0
KY325465	0.0	0.0	0.0	0.0	0.0	1.0	0.0	0.0	0.0	0.0
MF801396	0.0	0.0	1.0	0.0	0.0	0.0	0.0	0.0	0.0	0.0
MF801418	0.0	0.0	1.0	0.0	0.0	0.0	0.0	0.0	0.0	0.0
MH063265	0.0	1.0	0.0	0.0	0.0	0.0	0.0	0.0	0.0	0.0
MF159531	0.0	0.0	0.0	0.0	0.0	1.0	0.0	0.0	0.0	0.0
node_249	1.6047013017567242e-12	0.9982642037122911	0.0008972774570730122	2.8223412848673743e-05	2.7783566966610262e-05	0.0004882717265067244	3.561663379965521e-06	1.480205713600003e-06	0.0002875935523139943	1.6047013017567246e-06
KY014306	0.0	0.0	1.0	0.0	0.0	0.0	0.0	0.0	0.0	0.0
node_232	1.0621346822760904e-13	1.6088077545397547e-06	0.9999909168070468	1.8680776045956995e-06	1.8389646746264576e-06	2.1398972243872124e-06	2.3574270166745145e-07	9.797323798495544e-08	1.1875161811070006e-06	1.0621346822760905e-07
MF801410	0.0	0.0	1.0	0.0	0.0	0.0	0.0	0.0	0.0	0.0
node_233	1.0478810839427733e-13	1.5872179317880906e-06	0.999991038701366	1.8430084412629355e-06	1.8142861999860153e-06	2.111180305506799e-06	2.3257908989989465e-07	9.665846010889598e-08	1.1715799924651403e-06	1.0478810839427733e-07
KU501216	0.0	0.0	1.0	0.0	0.0	0.0	0.0	0.0	0.0	0.0
KU501217	0.0	0.0	1.0	0.0	0.0	0.0	0.0	0.0	0.0	0.0
MF801411	0.0	0.0	1.0	0.0	0.0	0.0	0.0	0.0	0.0	0.0
node_267	7.765095876716813e-14	1.1761734806019054e-06	0.9999933594236844	1.3657214990614966e-06	1.3444375040808545e-06	1.56444445238138e-06	1.723476985763444e-07	7.162665893512534e-08	8.681739854015538e-07	7.765095876716813e-08
KY765324	0.0	0.0	1.0	0.0	0.0	0.0	0.0	0.0	0.0	0.0
MF434518	0.0	0.0	1.0	0.0	0.0	0.0	0.0	0.0	0.0	0.0
node_304	3.1956871703046133e-16	4.840484343898729e-09	0.9999999726710337	5.6205599287530535e-09	5.532966690018667e-09	6.438394508585575e-09	7.092885109421509e-10	2.947760061753994e-10	3.5729275089299086e-09	3.195687170304614e-10
node_303	1.2627472073214562e-14	1.9126741015638038e-07	0.999998920120327	2.2209139929485902e-07	2.1863023079814584e-07	2.5440740135322053e-07	2.8026901215491043e-08	1.1647810275117668e-08	1.4118103535876419e-07	1.2627472073214561e-08
KY785431	0.0	0.0	1.0	0.0	0.0	0.0	0.0	0.0	0.0	0.0
KU870645	0.0	0.0	0.0	0.0	0.0	1.0	0.0	0.0	0.0	0.0
KY765319	0.0	0.0	1.0	0.0	0.0	0.0	0.0	0.0	0.0	0.0
KX421195	0.0	0.0	1.0	0.0	0.0	0.0	0.0	0.0	0.0	0.0
KX421194	0.0	0.0	1.0	0.0	0.0	0.0	0.0	0.0	0.0	0.0
MF434517	0.0	0.0	1.0	0.0	0.0	0.0	0.0	0.0	0.0	0.0
node_243	2.957278486001563e-17	4.4793684266268885e-10	0.9999999974709862	5.201247828960531e-10	5.120189331484474e-10	5.958069854380607e-10	6.563732749777782e-11	2.727847548259484e-11	3.306375465153683e-10	2.957278486001563e-11
MF801419	0.0	0.0	1.0	0.0	0.0	0.0	0.0	0.0	0.0	0.0
node_299	1.0786922157056201e-13	1.6338873311904251e-06	0.999990775209871	1.8971989184019355e-06	1.867632149273462e-06	2.1732559127153458e-06	2.39417675970392e-07	9.95005350313704e-08	1.2060282767902439e-06	1.07869221570562e-07
MF801395	0.0	0.0	1.0	0.0	0.0	0.0	0.0	0.0	0.0	0.0
MF801393	0.0	0.0	1.0	0.0	0.0	0.0	0.0	0.0	0.0	0.0
MF801398	0.0	0.0	1.0	0.0	0.0	0.0	0.0	0.0	0.0	0.0
MF098771	0.0	0.0	0.0	0.0	1.0	0.0	0.0	0.0	0.0	0.0
node_360	9.704347991270992e-16	1.4699106018883184e-08	0.9999999170100866	1.7067962709633366e-08	1.6801968191115674e-08	1.95514821966905e-08	2.153897477936474e-09	8.951467371352397e-10	1.084991428961921e-08	9.704347991270988e-10
node_300	3.1151781082220126e-14	4.7185378473285867e-07	0.9999973359533104	5.478960959852784e-07	5.393574461288466e-07	6.276191803634476e-07	6.914193799168902e-08	2.8734970362546165e-08	3.4829146173972076e-07	3.1151781082220125e-08
node_349	1.482329627845786e-14	2.245274012662765e-07	0.999998732337221	2.6071145464088984e-07	2.56648414503755e-07	2.986469709714206e-07	3.290057250378329e-08	1.3673278523385505e-08	1.6573137551906245e-07	1.4823296278457854e-08
node_315	7.875016161373754e-16	1.1928230269624806e-08	0.9999994032002322	1.3850542282798274e-08	1.363468943854649e-08	5.453198877202404e-07	1.7478739904988061e-09	7.264058366499018e-10	8.804635866018725e-09	7.875016161373754e-10
KY559023	0.0	0.0	0.0	0.0	0.0	0.0	0.0	1.0	0.0	0.0
KY559024	0.0	0.0	0.0	0.0	0.0	0.0	0.0	1.0	0.0	0.0
KX548902	0.0	0.0	0.0	0.0	0.0	0.0	0.0	1.0	0.0	0.0
node_235	2.5415326026001733e-16	6.960524229820302e-07	1.8695021249863698e-08	4.47003587727029e-09	4.400372903347357e-09	2.0705055062656688e-08	5.640977289517905e-10	0.9999992520172885	2.841552150364833e-09	2.541532602600174e-10
KY014303	0.0	1.0	0.0	0.0	0.0	0.0	0.0	0.0	0.0	0.0
KX198135	0.0	0.0	1.0	0.0	0.0	0.0	0.0	0.0	0.0	0.0
KY785469	0.0	0.0	0.0	0.0	0.0	0.0	0.0	1.0	0.0	0.0
KY785466	0.0	0.0	0.0	0.0	0.0	0.0	0.0	1.0	0.0	0.0
node_275	1.5326733254961083e-16	2.3215292489822127e-09	2.026111172087908e-09	2.6956588107874706e-09	2.6536484970904606e-09	3.0878978437019918e-09	3.401795992122301e-10	0.9999999850081069	1.7136003604339475e-09	1.5326733254961082e-10
node_294	2.5121447621202786e-16	3.805127580948704e-09	3.3209194134414736e-09	4.418348678307651e-09	4.349491220065653e-09	5.061252300132211e-09	5.575750449395743e-10	0.999999975427376	2.80869517216798e-09	2.512144762120278e-10
node_295	1.3725778723033293e-13	2.0790338189535355e-06	0.00019725728360344094	2.414083662458694e-06	2.3764615377503036e-06	2.7653513515847264e-06	3.046461256423215e-07	0.9997911312758091	1.5346061666084752e-06	1.3725778723033297e-07
KY559026	0.0	0.0	0.0	0.0	0.0	0.0	0.0	1.0	0.0	0.0
node_202	6.506074958819914e-14	0.9998330805023492	8.600678911666796e-07	1.1442854778404758e-06	1.1400384856317687e-06	1.3107877916385486e-06	1.444035030243439e-07	0.0001615274441201904	7.274095666038519e-07	6.506074958819914e-08
MF073357	0.0	0.0	0.0	0.0	0.0	0.0	0.0	1.0	0.0	0.0
KY441403	0.0	0.0	0.0	0.0	0.0	0.0	0.0	1.0	0.0	0.0
KY441402	0.0	0.0	0.0	0.0	0.0	0.0	0.0	1.0	0.0	0.0
KU820898	0.0	0.0	0.0	1.0	0.0	0.0	0.0	0.0	0.0	0.0
node_224	1.8348904550121446e-11	0.01887019733955467	0.00024256258560697696	0.9672555509888255	0.0003176902877651714	0.0003696778814642585	4.0725723427223745e-05	0.012680096947847934	0.00020514932260909922	1.8348904550121442e-05
KU365778	0.0	0.0	0.0	0.0	0.0	0.0	0.0	1.0	0.0	0.0
node_240	8.860330164078922e-19	1.363228426248825e-11	1.1712876853546273e-11	1.5583614399228565e-11	1.5340647894438097e-11	1.785105888551295e-11	1.9665662042684608e-12	0.9999999999131207	9.906262939504631e-12	8.860330164078921e-13
node_260	6.622748605648322e-13	0.17185541743117344	8.754915157049122e-06	1.1648059912801673e-05	1.146653144648288e-05	3.8460803009856995e-05	1.4699309558503326e-06	0.8280647155105694	7.404542252360879e-06	6.622748605648321e-07
MH063262	0.0	1.0	0.0	0.0	0.0	0.0	0.0	0.0	0.0	0.0
MH063263	0.0	1.0	0.0	0.0	0.0	0.0	0.0	0.0	0.0	0.0
KY693677	0.0	0.0	1.0	0.0	0.0	0.0	0.0	0.0	0.0	0.0
KY765325	0.0	0.0	1.0	0.0	0.0	0.0	0.0	0.0	0.0	0.0
KY785418	0.0	0.0	1.0	0.0	0.0	0.0	0.0	0.0	0.0	0.0
KY014315	0.0	0.0	1.0	0.0	0.0	0.0	0.0	0.0	0.0	0.0
MG494697	0.0	0.0	1.0	0.0	0.0	0.0	0.0	0.0	0.0	0.0
KY606273	0.0	0.0	1.0	0.0	0.0	0.0	0.0	0.0	0.0	0.0
MF801385	0.0	0.0	1.0	0.0	0.0	0.0	0.0	0.0	0.0	0.0
KY328289	0.0	0.0	1.0	0.0	0.0	0.0	0.0	0.0	0.0	0.0
node_335	5.0554995962332743e-14	7.657528832467331e-07	0.9999956766237774	8.891589487999692e-07	8.753019108780675e-07	1.018538395779281e-06	1.1220772214506663e-07	4.663284923652082e-08	5.652284662470309e-07	5.055499596233275e-08
KY014310	0.0	0.0	1.0	0.0	0.0	0.0	0.0	0.0	0.0	0.0
node_318	1.8190535630806436e-16	2.755307332527718e-09	0.999999984443767	3.199343058329445e-09	3.149483111303913e-09	3.6648720125646946e-09	4.0374220764496744e-10	1.6779281443024665e-10	2.0337868412596458e-09	1.8190535630806435e-10
MF434516	0.0	0.0	1.0	0.0	0.0	0.0	0.0	0.0	0.0	0.0
KY785448	0.0	0.0	1.0	0.0	0.0	0.0	0.0	0.0	0.0	0.0
MF434522	0.0	0.0	1.0	0.0	0.0	0.0	0.0	0.0	0.0	0.0
node_283	6.074112654520543e-14	9.200414696561577e-07	0.9999948055234256	1.0683121460063248e-06	1.05166310711444e-06	1.223759757300561e-06	1.3481602204539573e-07	5.6028721647004904e-08	6.791141635308139e-07	6.074112654520542e-08
MF801391	0.0	0.0	1.0	0.0	0.0	0.0	0.0	0.0	0.0	0.0
MF801412	0.0	0.0	1.0	0.0	0.0	0.0	0.0	0.0	0.0	0.0
KX856011	0.0	0.0	1.0	0.0	0.0	0.0	0.0	0.0	0.0	0.0
KY648934	0.0	0.0	1.0	0.0	0.0	0.0	0.0	0.0	0.0	0.0
MF801414	0.0	0.0	1.0	0.0	0.0	0.0	0.0	0.0	0.0	0.0
node_314	3.622169059138009e-14	5.486473389709379e-07	0.9999969023833774	6.370654317524972e-07	6.27137128316849e-07	7.297633384215077e-07	8.039469326692066e-08	3.3411547252387356e-08	4.0497541792100213e-07	3.622169059138009e-08
KY120349	0.0	0.0	1.0	0.0	0.0	0.0	0.0	0.0	0.0	0.0
node_361	4.021978742226773e-14	6.092062237552017e-07	0.9999965604730191	7.073837753243418e-07	6.963596003861614e-07	8.103135403310609e-07	8.926854103942498e-08	3.709946460256791e-08	4.496760077759292e-07	4.021978742226773e-08
MF801413	0.0	0.0	1.0	0.0	0.0	0.0	0.0	0.0	0.0	0.0
KY631493	0.0	0.0	1.0	0.0	0.0	0.0	0.0	0.0	0.0	0.0
KX827268	0.0	0.0	0.0	0.0	0.0	1.0	0.0	0.0	0.0	0.0
KY606272	0.0	0.0	1.0	0.0	0.0	0.0	0.0	0.0	0.0	0.0
KY317937	0.0	0.0	0.0	0.0	0.0	0.0	0.0	1.0	0.0	0.0
node_272	2.145491626256099e-16	3.374183231482293e-09	2.838980282104746e-09	3.7734808256781904e-09	3.7146732671763473e-09	4.325352538602252e-09	4.761957224620914e-10	0.9999999788838251	2.3987598419711667e-09	2.1454916262560987e-10
node_254	3.0362034209759404e-11	0.8630664627315032	0.01951179527102239	0.0005340060642373094	0.0005256838825929042	0.02003285764257609	6.738908061442741e-05	0.09589198154002238	0.00033946172285937446	3.036203420975941e-05
KY317936	0.0	0.0	0.0	0.0	0.0	0.0	0.0	1.0	0.0	0.0
KY317939	0.0	0.0	0.0	0.0	0.0	0.0	0.0	1.0	0.0	0.0
KY317940	0.0	0.0	0.0	0.0	0.0	0.0	0.0	1.0	0.0	0.0
KY317938	0.0	0.0	0.0	0.0	0.0	0.0	0.0	1.0	0.0	0.0
node_309	4.9786348307642304e-15	7.541102325734271e-08	0.9999924865329849	8.756400091258106e-08	8.619936562113326e-08	1.0030523466910519e-07	1.1050169486085476e-08	7.092295118811038e-06	5.566346264756112e-08	4.97863483076423e-09
node_308	5.2177036319840033e-17	7.903218117399894e-10	1.8067780327278585e-08	9.176873201654203e-10	9.033856837559316e-10	1.0512178639935734e-09	1.1580786987089915e-10	0.9999999775182585	5.833636350075573e-10	5.2177036319840036e-11
KY014302	0.0	1.0	0.0	0.0	0.0	0.0	0.0	0.0	0.0	0.0
KY785476	0.0	1.0	0.0	0.0	0.0	0.0	0.0	0.0	0.0	0.0
node_234	6.686017826951825e-32	1.0	8.838553642751616e-25	4.211825542080854e-23	5.532191817135553e-17	1.9199563352744445e-22	1.4839736732301294e-25	4.557116515617394e-23	7.475280196726785e-25	6.686017826951825e-26
KX766028	0.0	1.0	0.0	0.0	0.0	0.0	0.0	0.0	0.0	0.0
node_242	2.5982349943410318e-14	1.05584341062547e-05	3.4347260160428395e-07	0.9999808033679848	4.498546606850585e-07	5.234699464649453e-07	5.76682926707833e-08	6.947255224505324e-06	2.9049480725801224e-07	2.5982349943410317e-08
KU758877	0.0	0.0	0.0	0.0	0.0	0.0	0.0	1.0	0.0	0.0
KY348640	0.0	0.0	0.0	0.0	0.0	0.0	0.0	1.0	0.0	0.0
KU937936	0.0	0.0	0.0	0.0	0.0	0.0	0.0	1.0	0.0	0.0
KY785456	0.0	0.0	0.0	0.0	0.0	0.0	0.0	1.0	0.0	0.0
KY785481	0.0	1.0	0.0	0.0	0.0	0.0	0.0	0.0	0.0	0.0
node_298	3.4286062113460056e-12	0.9772073322242759	4.532431815646041e-05	6.0302168692840465e-05	5.936239359361416e-05	0.006968603041531189	7.609853107182615e-06	0.015609703972251377	3.833341875149315e-05	3.4286062113460065e-06
KY014312	0.0	0.0	1.0	0.0	0.0	0.0	0.0	0.0	0.0	0.0
KY785452	0.0	0.0	1.0	0.0	0.0	0.0	0.0	0.0	0.0	0.0
KY785442	0.0	0.0	1.0	0.0	0.0	0.0	0.0	0.0	0.0	0.0
KY014319	0.0	0.0	1.0	0.0	0.0	0.0	0.0	0.0	0.0	0.0
node_350	3.239946142493185e-14	4.907523090352565e-07	0.9999972292538354	5.698402405914912e-07	5.609596036323076e-07	6.527563663233267e-07	7.191118693644552e-08	2.988585343966869e-08	3.6224111069237733e-07	3.239946142493184e-08
KY785414	0.0	0.0	1.0	0.0	0.0	0.0	0.0	0.0	0.0	0.0
KY693676	0.0	0.0	1.0	0.0	0.0	0.0	0.0	0.0	0.0	0.0
MF801401	0.0	0.0	1.0	0.0	0.0	0.0	0.0	0.0	0.0	0.0
MF801417	0.0	0.0	1.0	0.0	0.0	0.0	0.0	0.0	0.0	0.0
KX446950	0.0	0.0	1.0	0.0	0.0	0.0	0.0	0.0	0.0	0.0
KX446951	0.0	0.0	1.0	0.0	0.0	0.0	0.0	0.0	0.0	0.0
KY693678	0.0	0.0	0.0	0.0	0.0	0.0	0.0	1.0	0.0	0.0
KY693679	0.0	0.0	0.0	0.0	0.0	0.0	0.0	1.0	0.0	0.0
node_274	4.1370906787577804e-11	0.8859914051439961	0.010328603779055093	0.000727629609891612	0.0007162899151036614	0.05253403647709526	9.182347115938297e-05	0.04910629459563735	0.0004625460599030474	4.137090678757781e-05
node_273	3.555242375802905e-11	0.8937025638957914	0.06158094738711273	0.0006252943974030437	0.0006155495388613165	0.007827833492187497	7.890924350180714e-05	0.03513585688368441	0.00039749270214733517	3.555242375802905e-05
KX156775	0.0	0.0	1.0	0.0	0.0	0.0	0.0	0.0	0.0	0.0
KX156774	0.0	0.0	1.0	0.0	0.0	0.0	0.0	0.0	0.0	0.0
KX156776	0.0	0.0	1.0	0.0	0.0	0.0	0.0	0.0	0.0	0.0
KU820897	0.0	0.0	0.0	0.0	0.0	0.0	0.0	1.0	0.0	0.0
node_324	1.394826888835096e-17	2.112734244012944e-10	1.9702630115751118e-10	2.4532151306244875e-10	2.4149831641785264e-10	2.8101767485105146e-10	3.0958433484890033e-11	0.9999999986230078	1.5594816062171049e-10	1.3948268888350961e-11
LC190723	0.0	0.0	0.0	1.0	0.0	0.0	0.0	0.0	0.0	0.0
KY785423	0.0	1.0	0.0	0.0	0.0	0.0	0.0	0.0	0.0	0.0
KY785419	0.0	1.0	0.0	0.0	0.0	0.0	0.0	0.0	0.0	0.0
KY785465	0.0	1.0	0.0	0.0	0.0	0.0	0.0	0.0	0.0	0.0
KY785441	0.0	1.0	0.0	0.0	0.0	0.0	0.0	0.0	0.0	0.0
KX269878	0.0	0.0	0.0	0.0	1.0	0.0	0.0	0.0	0.0	0.0
MH063264	0.0	1.0	0.0	0.0	0.0	0.0	0.0	0.0	0.0	0.0
MF098766	0.0	0.0	0.0	0.0	1.0	0.0	0.0	0.0	0.0	0.0
node_290	1.0117953983198727e-11	0.9880194585048946	0.00013375387465301575	0.00017795411030020622	0.011309954330935307	0.00020384779827287898	2.245698071203934e-05	9.332985072971015e-06	0.00011312345105798252	1.0117953983198725e-05
node_292	2.389284997349094e-10	0.5590755821450729	0.0031585054308057832	0.004202263487884234	0.2332122083321837	0.19669048154826754	0.0005303060993371956	0.00022039200071834043	0.002671332217066909	0.0002389284997349094
node_339	9.931584206263057e-14	0.9999916981083987	1.3129016708676697e-06	1.746762472167699e-06	1.7195401697327417e-06	2.000929809692987e-06	2.204332964257399e-07	9.161074195625473e-08	1.1103974990902712e-06	9.931584206263058e-08
node_342	9.75752521742472e-14	0.9999918436057159	1.2898920147514501e-06	1.7161490570939454e-06	1.6894038473703151e-06	1.9658619079183625e-06	2.165700258854801e-07	9.000519013486656e-08	1.0909368912067486e-06	9.757525217424721e-08
node_340	1.7203658072130326e-13	0.00010879926886183302	2.274230471075535e-06	3.0257714862299182e-06	0.9998797986707029	3.4660444454151547e-06	3.818382828622147e-07	1.5868967604943503e-07	1.9234493210510153e-06	1.7203658072130322e-07
node_341	1.9101045441800682e-15	0.9999998403328157	2.525054810494869e-08	3.3594831060151184e-08	3.3071274671859294e-08	3.8483136654771673e-08	4.2395113654262194e-09	1.7619152279452053e-09	2.1355860906067535e-08	1.910104544180068e-09
node_338	1.3771705713642769e-14	0.9999988488119758	1.8205449469720292e-07	2.4221612804892223e-07	2.3844132707718583e-07	2.774604324994752e-07	3.056654834531908e-08	1.270327222956428e-08	1.539741018657692e-07	1.3771705713642767e-08
node_320	3.3752380932760796e-16	0.999981464543117	4.461882052456315e-09	5.936353268039095e-09	1.8406456803910587e-07	1.833582240326695e-05	7.491401609960518e-10	3.1133811039838273e-10	3.77367382662325e-09	3.37523809327608e-10
KX056898	0.0	0.0	0.0	1.0	0.0	0.0	0.0	0.0	0.0	0.0
node_261	2.885783225092422e-16	1.870038058103525e-08	3.814849211666021e-09	0.999999952492953	4.996403467592555e-09	5.814026805268446e-09	6.405047733231459e-10	1.0025862916591158e-08	3.226440424316741e-09	2.8857832250924216e-10
node_312	5.472842427679589e-12	0.9781602810962574	7.234801435973133e-05	9.625610144659506e-05	9.475600469737365e-05	0.010800763200959528	1.2147072129653623e-05	0.0106967867278516	6.118893439757823e-05	5.472842427679588e-06
node_313	1.9662300406715515e-13	0.9954163745675843	2.599249678696739e-06	3.4581963716812363e-06	3.40430234255775e-06	0.004282306825228205	4.3640829136123284e-07	0.0002890254902856152	2.198337016989718e-06	1.9662300406715514e-07
MF434521	0.0	0.0	1.0	0.0	0.0	0.0	0.0	0.0	0.0	0.0
node_362	1.7393569047399493e-15	2.6345913780551136e-08	0.9999998512531916	3.0591729414019696e-08	3.0114974661499076e-08	3.5043060685068976e-08	3.860533910903269e-09	1.604414494814191e-09	1.9446822550531967e-08	1.73935690473995e-09
KY075932	0.0	0.0	0.0	0.0	0.0	1.0	0.0	0.0	0.0	0.0
KY785451	0.0	1.0	0.0	0.0	0.0	0.0	0.0	0.0	0.0	0.0
KU647676	0.0	1.0	0.0	0.0	0.0	0.0	0.0	0.0	0.0	0.0
node_293	6.128623777610264e-14	9.502828123958326e-05	0.9998962113701716	1.077899537317853e-06	1.0611010843699605e-06	1.983985402484715e-06	1.3602590621945923e-07	3.754841597758287e-06	6.852087616829654e-07	6.128623777610264e-08
KX247646	0.0	0.0	0.0	0.0	0.0	0.0	0.0	1.0	0.0	0.0
node_343	0.0	0.0	0.0	0.0	0.0	0.0	0.0	1.0	0.0	0.0
MF098764	0.0	0.0	0.0	0.0	1.0	0.0	0.0	0.0	0.0	0.0
KY785413	0.0	1.0	0.0	0.0	0.0	0.0	0.0	0.0	0.0	0.0
KU853012	0.0	0.0	0.0	0.0	1.0	0.0	0.0	0.0	0.0	0.0
KX922707	0.0	0.0	0.0	0.0	0.0	1.0	0.0	0.0	0.0	0.0
KY785484	0.0	1.0	0.0	0.0	0.0	0.0	0.0	0.0	0.0	0.0
KY785435	0.0	1.0	0.0	0.0	0.0	0.0	0.0	0.0	0.0	0.0
KY785420	0.0	1.0	0.0	0.0	0.0	0.0	0.0	0.0	0.0	0.0
KY014318	0.0	1.0	0.0	0.0	0.0	0.0	0.0	0.0	0.0	0.0
MF664436	0.0	0.0	0.0	0.0	1.0	0.0	0.0	0.0	0.0	0.0
NODE_0000457	1.7425959926717987e-19	5.500689234248006e-11	2.303617572897727e-12	3.064869834390943e-12	0.9999999999334437	3.5108319031214474e-12	3.8677231247829666e-13	1.6074022885290262e-13	1.9483037066405375e-12	1.7425959926717988e-13
KY785415	0.0	1.0	0.0	0.0	0.0	0.0	0.0	0.0	0.0	0.0
KY785470	0.0	1.0	0.0	0.0	0.0	0.0	0.0	0.0	0.0	0.0
KY014314	0.0	1.0	0.0	0.0	0.0	0.0	0.0	0.0	0.0	0.0
MH063261	0.0	1.0	0.0	0.0	0.0	0.0	0.0	0.0	0.0	0.0
node_354	1.0828957269189496e-14	0.9999990947986996	1.4315295321674596e-07	1.9045920346322238e-07	1.8749100479807178e-07	2.181724784063006e-07	2.403506528390092e-08	9.988827456322846e-09	1.210727998649054e-07	1.0828957269189493e-08
KY785424	0.0	1.0	0.0	0.0	0.0	0.0	0.0	0.0	0.0	0.0
node_352	5.12420854448244e-14	0.9999943789921781	6.773926314477439e-07	9.012434470845499e-07	9.000792659169748e-07	2.3571405304974486e-06	1.1373272960026783e-07	4.726663309188707e-08	5.729104475620441e-07	5.1242085444824375e-08
node_363	1.9123667801540493e-12	0.0022456221926137323	2.5280453639941423e-05	3.363461916263785e-05	3.311083776051194e-05	0.9976330498399752	4.24453243882882e-06	1.7640019556187804e-06	2.1381153760819507e-05	1.912366780154049e-06
node_337	4.4771588111824455e-12	0.9904663181792432	5.9185615928569707e-05	7.874406369506144e-05	0.0034337966294050643	0.005893354674606468	9.937134447776466e-06	4.129812847881353e-06	5.005672653746296e-05	4.4771588111824465e-06
KY379148	0.0	0.0	0.0	1.0	0.0	0.0	0.0	0.0	0.0	0.0
node_281	2.387523525579443e-17	3.651905709087557e-10	3.156176860477494e-10	0.9999999980565549	4.133723807955771e-10	4.810176195921053e-10	5.29915137512092e-11	2.4443646466670256e-11	2.6693628093600246e-10	2.387523525579443e-11
KX377337	0.0	1.0	0.0	0.0	0.0	0.0	0.0	0.0	0.0	0.0
KY075933	0.0	0.0	0.0	0.0	0.0	1.0	0.0	0.0	0.0	0.0
KY075934	0.0	0.0	0.0	0.0	0.0	1.0	0.0	0.0	0.0	0.0
KY785464	0.0	1.0	0.0	0.0	0.0	0.0	0.0	0.0	0.0	0.0
KY785462	0.0	1.0	0.0	0.0	0.0	0.0	0.0	0.0	0.0	0.0
KY765317	0.0	0.0	1.0	0.0	0.0	0.0	0.0	0.0	0.0	0.0
KY765318	0.0	0.0	1.0	0.0	0.0	0.0	0.0	0.0	0.0	0.0
KU922960	0.0	0.0	1.0	0.0	0.0	0.0	0.0	0.0	0.0	0.0
KU922923	0.0	0.0	1.0	0.0	0.0	0.0	0.0	0.0	0.0	0.0
KX702400	0.0	0.0	0.0	0.0	0.0	0.0	0.0	1.0	0.0	0.0
KX893855	0.0	0.0	0.0	0.0	0.0	0.0	0.0	1.0	0.0	0.0
MF098769	0.0	0.0	0.0	0.0	1.0	0.0	0.0	0.0	0.0	0.0
MF098768	0.0	0.0	0.0	0.0	1.0	0.0	0.0	0.0	0.0	0.0
MF384325	0.0	1.0	0.0	0.0	0.0	0.0	0.0	0.0	0.0	0.0
node_366	3.1459641742831187e-15	0.999999737026309	4.158794342499213e-08	5.533107351550597e-08	5.446877011632393e-08	6.338216910631048e-08	6.982524026098364e-09	2.9018946644194526e-09	3.517334877097087e-08	3.145964174283118e-09
KY785430	0.0	1.0	0.0	0.0	0.0	0.0	0.0	0.0	0.0	0.0
node_364	3.4033163734545553e-14	0.999997150203695	4.4990000189315556e-07	5.985737218353731e-07	5.892928283493369e-07	6.905598609950948e-07	7.553721857457424e-08	3.139281021122763e-08	3.8050666552409373e-07	3.4033163734545556e-08
node_371	6.078220683914576e-15	1.4239590249875323e-06	8.035078720655119e-08	1.0690346643307962e-07	1.0523767391534226e-07	0.9999981904160932	1.3490720049611757e-08	5.606661485849557e-09	6.795734604033559e-08	6.078220683914576e-09
node_370	2.849101151235507e-14	2.2690908845873842e-05	3.7663574956845313e-07	5.010986029046162e-07	4.932932325337869e-07	0.9999755015127736	6.32363121103238e-08	2.628062804003687e-08	3.1854281525318655e-07	2.8491011512355076e-08
MF098765	0.0	0.0	0.0	0.0	1.0	0.0	0.0	0.0	0.0	0.0
node_353	6.6069122970603325e-12	0.9809824183389413	8.733980414339659e-05	0.0001162020702611621	0.001826534928992897	0.016886271076711933	1.4664160586972031e-05	6.094336260995587e-06	7.386836519734822e-05	6.606912297060332e-06
KU955590	0.0	0.0	0.0	1.0	0.0	0.0	0.0	0.0	0.0	0.0
MF167360	0.0	0.0	0.0	1.0	0.0	0.0	0.0	0.0	0.0	0.0
MF783072	0.0	1.0	0.0	0.0	0.0	0.0	0.0	0.0	0.0	0.0
node_373	7.022223476434245e-19	0.9999999999413007	9.282999312035939e-12	1.2350654422357963e-11	1.2158176477979294e-11	1.4147769371438618e-11	1.558595121383014e-12	6.477426858577976e-13	7.851173815118377e-12	7.022223476434245e-13
KY785453	0.0	1.0	0.0	0.0	0.0	0.0	0.0	0.0	0.0	0.0
KY014300	0.0	1.0	0.0	0.0	0.0	0.0	0.0	0.0	0.0	0.0
KY325464	0.0	0.0	0.0	0.0	0.0	1.0	0.0	0.0	0.0	0.0
KY325476	0.0	0.0	0.0	0.0	0.0	1.0	0.0	0.0	0.0	0.0
node_377	0.0	0.0	0.0	0.0	0.0	1.0	0.0	0.0	0.0	0.0
node_376	7.809583699659037e-22	4.5183292718570215e-14	1.0323846906113308e-14	1.373545996943205e-14	1.3521406560523341e-14	0.9999999999999053	1.7333511380218268e-15	7.203702271829555e-16	8.731479317840315e-15	7.809583699659036e-16
KY785425	0.0	1.0	0.0	0.0	0.0	0.0	0.0	0.0	0.0	0.0
node_365	2.2576040297851953e-12	0.005676659314513821	2.9844303197806056e-05	3.9706636064732727e-05	4.893682942653763e-05	0.994170260995254	5.010792719209448e-06	2.0824550838689658e-06	2.5241067452549376e-05	2.2576040297851956e-06
node_380	0.0	1.0	0.0	0.0	0.0	0.0	0.0	0.0	0.0	0.0
node_406	0.0	1.0	0.0	0.0	0.0	0.0	0.0	0.0	0.0	0.0
NODE_0000458	6.180168181574266e-17	0.9999999948339474	8.169847793985615e-10	1.0869651434311045e-09	1.0700254081535839e-09	1.2451269089205073e-09	1.3716994352932965e-10	5.7006997148694365e-11	6.909716667809892e-10	6.180168181574265e-11
KY075937	0.0	0.0	0.0	0.0	0.0	1.0	0.0	0.0	0.0	0.0
KY785422	0.0	0.0	0.0	0.0	0.0	1.0	0.0	0.0	0.0	0.0
KX922705	0.0	0.0	0.0	0.0	0.0	1.0	0.0	0.0	0.0	0.0
KY014298	0.0	0.0	0.0	0.0	0.0	1.0	0.0	0.0	0.0	0.0
KY325473	0.0	0.0	0.0	0.0	0.0	1.0	0.0	0.0	0.0	0.0
KX838906	0.0	0.0	0.0	0.0	0.0	1.0	0.0	0.0	0.0	0.0
node_402	1.1939448940588447e-15	1.8084597537218606e-08	1.5783305198633492e-08	2.0999048001456265e-08	2.067178974816792e-08	0.9999999061671532	2.649982150703631e-09	1.1013165203859082e-09	1.3348861539919217e-08	1.193944894058845e-09
KY785443	0.0	0.0	0.0	0.0	0.0	1.0	0.0	0.0	0.0	0.0
node_372	2.597834664520556e-44	3.9334764396645815e-35	3.434196801690643e-37	4.569059685381554e-37	5.177578816046165e-37	1.0	5.765940727846803e-38	2.396290019333725e-38	2.9045004851436827e-37	2.597834664520556e-38
KY415988	0.0	1.0	0.0	0.0	0.0	0.0	0.0	0.0	0.0	0.0
KX673530	0.0	0.0	0.0	0.0	1.0	0.0	0.0	0.0	0.0	0.0
KY415991	0.0	1.0	0.0	0.0	0.0	0.0	0.0	0.0	0.0	0.0
KY415989	0.0	1.0	0.0	0.0	0.0	0.0	0.0	0.0	0.0	0.0
KY415987	0.0	1.0	0.0	0.0	0.0	0.0	0.0	0.0	0.0	0.0
NODE_0000459	0.0	1.0	0.0	0.0	0.0	0.0	0.0	0.0	0.0	0.0
node_410	5.535620252764898e-16	8.384764133623406e-09	7.317790322475213e-09	9.736023495227948e-09	9.584293090935241e-09	0.999999956495228	1.2286408640713624e-09	5.106156963599634e-10	6.189081980201446e-09	5.535620252764898e-10
NODE_0000460	4.844179787498474e-16	7.337444240115022e-09	6.403743456134056e-09	8.519921178234141e-09	8.387143038827524e-09	0.9999999619293001	1.075174410104524e-09	4.4683596824600416e-10	5.4160192467480294e-09	4.844179787498475e-10
KY014326	0.0	0.0	0.0	0.0	0.0	1.0	0.0	0.0	0.0	0.0
KX838905	0.0	0.0	0.0	0.0	0.0	1.0	0.0	0.0	0.0	0.0
KY785474	0.0	0.0	0.0	0.0	0.0	1.0	0.0	0.0	0.0	0.0
KY325469	0.0	0.0	0.0	0.0	0.0	1.0	0.0	0.0	0.0	0.0
KX922703	0.0	0.0	0.0	0.0	0.0	1.0	0.0	0.0	0.0	0.0
KY785445	0.0	0.0	0.0	0.0	0.0	1.0	0.0	0.0	0.0	0.0
KY325468	0.0	0.0	0.0	0.0	0.0	1.0	0.0	0.0	0.0	0.0
KY325467	0.0	0.0	0.0	0.0	0.0	1.0	0.0	0.0	0.0	0.0
KX832731	0.0	0.0	0.0	0.0	0.0	1.0	0.0	0.0	0.0	0.0
KX922704	0.0	0.0	0.0	0.0	0.0	1.0	0.0	0.0	0.0	0.0
KX922706	0.0	0.0	0.0	0.0	0.0	1.0	0.0	0.0	0.0	0.0
KY325472	0.0	0.0	0.0	0.0	0.0	1.0	0.0	0.0	0.0	0.0
KX842449	0.0	0.0	0.0	0.0	0.0	1.0	0.0	0.0	0.0	0.0
KY075936	0.0	0.0	0.0	0.0	0.0	1.0	0.0	0.0	0.0	0.0
node_395	5.65436452086267e-15	8.564625221223795e-08	7.474763817089706e-08	9.944870368989947e-08	9.789885204619194e-08	0.999999555620095	1.2549963677904439e-08	5.2156888396585345e-09	6.321843617809998e-08	5.65436452086267e-09
node_419	0.0	0.0	0.0	0.0	0.0	1.0	0.0	0.0	0.0	0.0
node_420	2.9714998896482003e-15	4.500909484318479e-08	3.928162002233227e-08	5.226260368426114e-08	5.144812064708593e-08	0.9999997664680382	6.595297410767638e-09	2.7409656300545928e-09	3.322275658632203e-08	2.9714998896482e-09
KY415986	0.0	1.0	0.0	0.0	0.0	0.0	0.0	0.0	0.0	0.0
KY415990	0.0	1.0	0.0	0.0	0.0	0.0	0.0	0.0	0.0	0.0
KY014299	0.0	0.0	0.0	0.0	0.0	1.0	0.0	0.0	0.0	0.0
KX922708	0.0	0.0	0.0	0.0	0.0	1.0	0.0	0.0	0.0	0.0
MF988743	0.0	0.0	0.0	0.0	0.0	1.0	0.0	0.0	0.0	0.0
KY785459	0.0	0.0	0.0	0.0	0.0	1.0	0.0	0.0	0.0	0.0
KY785412	0.0	0.0	0.0	0.0	0.0	1.0	0.0	0.0	0.0	0.0
KY075935	0.0	0.0	0.0	0.0	0.0	1.0	0.0	0.0	0.0	0.0
KY785468	0.0	0.0	0.0	0.0	0.0	1.0	0.0	0.0	0.0	0.0
KY075939	0.0	0.0	0.0	0.0	0.0	1.0	0.0	0.0	0.0	0.0
node_424	0.0	0.0	0.0	0.0	0.0	1.0	0.0	0.0	0.0	0.0
node_425	5.776102133583813e-15	8.749020306548787e-08	7.635694351261928e-08	1.0158981923537791e-07	1.0000659952024858e-07	0.9999995460526628	1.2820162497285128e-08	5.32798183132782e-09	6.457951954509727e-08	5.776102133583812e-09
KX838904	0.0	0.0	0.0	0.0	0.0	1.0	0.0	0.0	0.0	0.0
KY014324	0.0	0.0	0.0	0.0	0.0	1.0	0.0	0.0	0.0	0.0
KY325477	0.0	0.0	0.0	0.0	0.0	1.0	0.0	0.0	0.0	0.0
NODE_0000461	1.4451493363564697e-17	2.1889572928886985e-10	1.9104091944960936e-10	2.5417220203737903e-10	2.50211072424863e-10	0.9999999988642485	3.2075349251898524e-11	1.3330320741550656e-11	1.6157444528237893e-10	1.4451493363564699e-11
KY075938	0.0	0.0	0.0	0.0	0.0	1.0	0.0	0.0	0.0	0.0
KY785472	0.0	0.0	0.0	0.0	0.0	1.0	0.0	0.0	0.0	0.0
